#Position (bp)	Coverage	Std
6038.0	18.719171842650102	6.552024642437929
18113.0	8.396107660455487	9.959350091462113
30188.0	17.91552795031056	7.836111132517165
42263.0	15.963561076604554	9.42866867381936
54338.0	20.0	0.0
66413.0	20.0	0.0
78488.0	20.0	0.0
90563.0	20.0	0.0
102638.0	13.914534161490684	9.891146678150903
114713.0	19.0520082815735	3.6358463776660797
126788.0	16.540869565217392	8.273998284931393
138863.0	18.919420289855072	6.986659870715641
150938.0	19.35072463768116	4.554259944699288
163013.0	20.0	0.0
175088.0	18.93830227743271	6.839054818281064
187163.0	15.255155279503105	8.333171012911878
199238.0	19.324223602484473	4.483427038820011
211313.0	19.35983436853002	4.565556528860359
223388.0	17.283643892339544	7.073333704091799
235463.0	20.0	0.0
247538.0	15.82360248447205	9.282120661527475
259613.0	20.0	0.0
271688.0	19.118840579710145	4.001335180888206
283763.0	19.610848861283642	5.193992388887165
295838.0	18.104099378881987	5.715497801055622
307913.0	15.31511387163561	8.641644080981365
319988.0	16.47055900621118	7.7224203717173765
332063.0	18.83809523809524	6.683287769034541
344138.0	16.74120082815735	8.253168034681932
356213.0	20.0	0.0
368288.0	17.651097308488612	7.458683990738983
380363.0	17.900621118012424	7.7252349257731385
392438.0	19.13167701863354	3.878250656849025
404513.0	10.826583850931677	10.28881078303963
416588.0	17.07743271221532	6.36587043680748
428663.0	19.00703933747412	6.923850817639525
440738.0	19.312629399585923	4.752290501468943
452813.0	18.408281573498964	6.011665677963344
464888.0	19.35138716356108	4.549347551792224
476963.0	19.687784679089027	5.487112701330405
489038.0	18.518923395445135	6.083395586623809
501113.0	18.086128364389236	6.031250569894523
513188.0	17.995031055900622	8.09571622020019
525263.0	17.785838509316772	7.783866097805859
537338.0	19.026915113871635	3.784954414148767
549413.0	19.637267080745342	5.264050507287256
561488.0	19.431884057971015	4.991960410205596
573563.0	14.149896480331263	8.884536546609121
585638.0	17.472463768115944	7.24595982237081
597713.0	20.0	0.0
609788.0	15.727536231884057	9.178582505572098
621863.0	19.993540372670807	6.226005701726396
633938.0	17.481407867494823	7.267688495405716
646013.0	18.277101449275364	5.419159324533566
658088.0	13.022443064182195	8.212201193785072
670163.0	20.0	0.0
682238.0	18.99047619047619	6.956439440506973
694313.0	14.243809523809524	8.841769868637043
706388.0	18.0848033126294	5.133545745921219
718463.0	18.27511387163561	5.7978935276683075
730538.0	20.0	0.0
742613.0	19.314285714285713	4.565193729604462
754688.0	13.77159420289855	9.303197428930352
766763.0	18.669565217391305	6.300014788506748
778838.0	19.766625258799174	5.600022182742224
790913.0	16.184347826086956	7.787838903226534
802988.0	14.250103519668738	8.891226745701532
815063.0	16.072049689440995	7.5171246870779385
827138.0	13.01656314699793	8.668039388021846
839213.0	18.97002070393375	6.865842480035683
851288.0	18.50343685300207	6.392859629641997
863363.0	16.554451345755695	8.27467387534223
875438.0	20.0	0.0
887513.0	10.372670807453416	9.802893898154151
899588.0	15.191221532091097	8.405041373895456
911663.0	14.37432712215321	9.165051994060383
923738.0	20.0	0.0
935813.0	19.278674948240166	4.682154129007786
947888.0	19.015238095238097	3.7070801264852866
959963.0	18.180703933747413	5.400406395259015
972038.0	17.68679089026915	7.492179497528634
984113.0	18.792380952380952	6.622116154240158
996188.0	19.135569358178053	4.051602959625128
1008263.0	17.043312629399587	6.514916790470119
1020338.0	15.323395445134576	8.49574244851813
1032413.0	19.68033126293996	5.470803363400461
1044488.0	16.156687370600412	7.509949232459571
1056563.0	18.999006211180124	6.92966139427732
1068638.0	10.036273291925466	9.566608594481119
1080713.0	0.6484472049689441	2.2307840584709115
1092788.0	18.801490683229815	6.53190291519874
1104863.0	16.884472049689442	8.891338516844243
1116938.0	17.75817805383023	7.618920547594589
1129013.0	5.495320910973085	8.509329917929726
1141088.0	15.010351966873706	8.360951336204321
1153163.0	18.56645962732919	6.780070661730143
1165238.0	19.253830227743272	4.623954193215197
1177313.0	17.913623188405797	7.907943434179209
1189388.0	20.0	0.0
1201463.0	19.651180124223604	5.335462825386063
1213538.0	15.628985507246377	9.144503604339178
1225613.0	14.500207039337473	9.627686095034125
1237688.0	13.189565217391305	9.035934702178242
1249763.0	17.191718426501033	7.034932064429528
1261838.0	20.0	0.0
1273913.0	15.699378881987577	9.072484736612472
1285988.0	17.849275362318842	7.304526518567477
1298063.0	18.97830227743271	6.843249382552211
1310138.0	9.097308488612837	9.714461696128543
1322213.0	8.704761904761904	10.214105458167102
1334288.0	19.667080745341615	5.446468265137236
1346363.0	18.613664596273292	6.340209844284747
1358438.0	19.14782608695652	4.077905929541084
1370513.0	19.628985507246377	5.371136726136177
1382588.0	17.931262939958593	8.022458125071767
1394663.0	19.06658385093168	3.6596394170089854
1406738.0	19.447619047619046	5.028078509626197
1418813.0	16.58385093167702	8.061882810568866
1430888.0	19.072298136645962	3.7130512361670505
1442963.0	18.421697722567288	5.620754206224542
1455038.0	18.090931677018634	4.679597583165956
1467113.0	18.055486542443063	5.525757491893146
1479188.0	19.108902691511386	3.9876102112276923
1491263.0	18.556521739130435	6.299955634271469
1503338.0	16.404306418219463	8.33053203433942
1515413.0	19.39544513457557	4.65677449037897
1527488.0	19.599171842650104	5.319326846062208
1539563.0	18.51966873706004	6.609015738134923
1551638.0	19.31975155279503	4.415435001513212
1563713.0	19.149151138716356	4.103333997675586
1575788.0	19.34840579710145	4.519394598420446
1587863.0	18.554285714285715	6.682513257514195
1599938.0	19.387080745341613	4.780264812436509
1612013.0	18.914037267080744	6.91198137601969
1624088.0	8.770434782608696	10.21989696600994
1636163.0	9.826749482401656	10.284535819308207
1648238.0	19.18409937888199	4.405840279836366
1660313.0	2.5068322981366458	6.305618776722067
1672388.0	11.089026915113871	9.274810607297717
1684463.0	18.25175983436853	5.3468359096110705
1696538.0	14.19022774327122	8.614009485732522
1708613.0	18.374989648033125	5.461091435668977
1720688.0	18.754451345755694	6.667159402080743
1732763.0	15.0872049689441	8.409168810460146
1744838.0	19.95296066252588	6.117530726904198
1756913.0	19.20662525879917	4.2248108732952625
1768988.0	18.273291925465838	5.54305564093572
1781063.0	17.5296066252588	7.673109184344077
1793138.0	19.554451345755695	5.2317315004454885
1805213.0	17.137639751552793	6.943391334917948
1817288.0	15.720828157349896	9.030621933464824
1829363.0	16.417391304347827	8.02170967356439
1841438.0	13.301035196687371	9.329642866950735
1853513.0	19.512215320910972	5.156876452000844
1865588.0	18.309730848861285	5.384895676730921
1877663.0	19.307743271221533	4.391333456230523
1889738.0	18.63511387163561	6.206661751982272
1901813.0	15.285300207039338	8.681695839529484
1913888.0	20.000993788819876	0.20226461154849282
1925963.0	14.652256728778468	9.217940918806582
1938038.0	19.309399585921327	4.46670683829777
1950113.0	18.69648033126294	6.378042042026302
1962188.0	19.6463768115942	5.4064986583990935
1974263.0	13.055900621118013	9.023810233970812
1986338.0	19.33349896480331	4.453737351653724
1998413.0	16.07817805383023	7.769249785920443
2010488.0	18.819461697722566	6.690501904565132
2022563.0	19.679420289855074	5.436370120109167
2034638.0	16.997101449275362	8.408415384325535
2046713.0	17.595527950310558	7.2225836295410435
2058788.0	20.0	0.0
2070863.0	19.040828157349896	3.4366072151380203
2082938.0	18.93879917184265	6.7737283267883255
2095013.0	18.834699792960663	6.690953690143424
2107088.0	18.642981366459626	6.181532638083663
2119163.0	16.09656314699793	6.624666873143451
2131238.0	15.443809523809524	8.710085537014649
2143313.0	15.911884057971015	8.334562228229618
2155388.0	16.791718426501035	7.573157347851748
2167463.0	17.617556935817806	6.714349147315003
2179538.0	20.0	0.0
2191613.0	19.05672877846791	3.8585443355278386
2203688.0	18.554368530020703	6.20890964712897
2215763.0	19.673788819875778	5.443593685730127
2227838.0	19.67776397515528	5.428336052432332
2239913.0	15.468654244306418	8.660493102979153
2251988.0	17.44944099378882	7.038592227022553
2264063.0	17.74824016563147	7.617061594157719
2276138.0	19.071801242236024	3.602173257064828
2288213.0	18.402236024844722	6.49845976336441
2300288.0	13.487370600414078	9.48976129089547
2312363.0	17.21656314699793	6.278063290135602
2324438.0	19.293250517598345	4.359449886468407
2336513.0	18.361490683229814	5.973849153268278
2348588.0	18.563892339544513	6.261962464997974
2360663.0	16.156521739130437	7.859332651749058
2372738.0	16.814658385093168	8.504715535243005
2384813.0	17.939296066252588	7.748949037135565
2396888.0	18.991304347826087	7.015014952415188
2408963.0	16.156770186335404	7.5142321830115835
2421038.0	19.289937888198757	4.4074940885708225
2433113.0	19.29590062111801	4.8015784154278975
2445188.0	12.622774327122153	9.788022426556568
2457263.0	17.342608695652174	7.133468778342986
2469338.0	16.638509316770186	8.306927937561175
2481413.0	18.96496894409938	6.861384126581542
2493488.0	18.113457556935817	5.50125903150152
2505563.0	19.30600414078675	4.441205514071539
2517638.0	19.152629399585923	4.053462594648085
2529713.0	20.0	0.0
2541788.0	19.326128364389234	4.489177231444632
2553863.0	9.631221532091097	10.233011978957647
2565938.0	14.433126293995858	9.409699414124884
2578013.0	19.66542443064182	5.4426655873434076
2590088.0	19.431884057971015	4.99395079205408
2602163.0	16.799171842650104	8.151170069319178
2614238.0	19.61639751552795	5.259501901173458
2626313.0	19.681159420289855	5.476915605965225
2638388.0	17.899875776397515	7.813011391130159
2650463.0	18.143271221532093	5.83531051969676
2662538.0	16.03792960662526	7.701458548100869
2674613.0	17.88	7.320794852137352
2686688.0	17.719254658385093	7.663335310067944
2698763.0	16.709730848861284	8.768284651799899
2710838.0	19.39966873706004	4.6666607512532785
2722913.0	19.677184265010354	5.464638819969005
2734988.0	19.99701863354037	6.235973909536032
2747063.0	16.82815734989648	8.485447291391873
2759138.0	19.365548654244307	4.580542157826662
2771213.0	18.238923395445134	5.718916343223318
2783288.0	16.08496894409938	7.724189639700861
2795363.0	13.279089026915115	8.699853643375217
2807438.0	19.230973084886127	4.431236758880134
2819513.0	18.22608695652174	5.844811540688867
2831588.0	14.46120082815735	8.99165014092123
2843663.0	18.187494824016564	5.287447536314223
2855738.0	18.371014492753623	5.713302192792693
2867813.0	19.999917184265012	6.242093135165042
2879888.0	18.74534161490683	6.652199623761193
2891963.0	16.70351966873706	8.445617041102974
2904038.0	19.347743271221532	4.567007437679273
2916113.0	19.3383850931677	4.452947008447486
2928188.0	20.0	0.0
2940263.0	19.243064182194615	4.4656777125887865
2952338.0	18.051345755693582	5.7408492312967345
2964413.0	16.688198757763974	8.741988346391638
2976488.0	17.68223602484472	7.436544534726946
2988563.0	16.75801242236025	8.187821082478226
3000638.0	18.98600414078675	6.88733346940894
3012713.0	19.360828157349896	4.570306539320316
3024788.0	19.344016563146997	4.378187983710149
3036863.0	18.342028985507245	5.932386459910619
3048938.0	16.417639751552795	8.325922999212752
3061013.0	17.74550724637681	7.334684611057609
3073088.0	20.0	0.0
3085163.0	18.92422360248447	6.907948432986092
3097238.0	16.83254658385093	8.122269568289308
3109313.0	18.95734989648033	6.861444475462516
3121388.0	14.45846790890269	8.701100570543728
3133463.0	16.879006211180123	8.573018486083704
3145538.0	16.48190476190476	8.421416059500029
3157613.0	17.572670807453417	7.202271323361882
3169688.0	19.38550724637681	4.635867010598835
3181763.0	18.757763975155278	6.479181503914094
3193838.0	17.15776397515528	6.89570334611932
3205913.0	15.058219461697723	7.965500144158171
3217988.0	19.022774327122153	3.627602942107927
3230063.0	16.45383022774327	7.556944621226331
3242138.0	18.069399585921325	5.649001817320568
3254213.0	18.078674948240167	5.567147051587185
3266288.0	18.307246376811595	5.726709062574299
3278363.0	14.935403726708074	9.840782173629284
3290438.0	17.589979296066254	7.7877325626852985
3302513.0	18.403809523809525	6.124654044398026
3314588.0	18.274451345755693	5.79512181519958
3326663.0	19.34592132505176	4.596361870334426
3338738.0	16.650517598343686	8.310580948019323
3350813.0	18.196273291925465	5.881789280021478
3362888.0	16.878674948240164	8.273873169542355
3374963.0	18.989482401656314	7.099820660844121
3387038.0	18.62144927536232	6.136622576463597
3399113.0	19.12215320910973	4.330688793301897
3411188.0	19.673706004140787	5.457465872308502
3423263.0	16.977888198757764	8.733723696489674
3435338.0	19.243892339544512	4.3120611818028225
3447413.0	18.206211180124225	5.66628911176765
3459488.0	12.589813664596273	10.118314575811155
3471563.0	16.795031055900623	8.860221197506135
3483638.0	16.38592132505176	8.303657304927821
3495713.0	19.115527950310558	4.313059757532892
3507788.0	20.0	0.0
3519863.0	20.000082815734988	0.05827044820980982
3531938.0	19.666252587991718	5.443167693003909
3544013.0	16.386749482401655	7.80738091086701
3556088.0	18.447453416149067	6.497223487265793
3568163.0	19.67461697722567	5.458383868082729
3580238.0	15.325962732919255	8.858519895625951
3592313.0	17.869482401656313	7.72767873514035
3604388.0	19.979792960662525	6.181633116880879
3616463.0	19.036024844720497	3.426205187605911
3628538.0	15.19751552795031	8.426808251555782
3640613.0	19.699378881987577	5.511974542215997
3652688.0	9.942028985507246	10.731023503116123
3664763.0	14.482070393374741	9.24848597088319
3676838.0	15.749565217391304	9.095304000715117
3688913.0	18.907246376811596	6.724036794028825
3700988.0	18.666666666666668	6.196780036094149
3713063.0	17.29167701863354	6.795297363073082
3725138.0	19.005714285714287	6.849902146767491
3737213.0	19.28033126293996	4.392832483224564
3749288.0	19.67287784679089	5.4572078952906296
3761363.0	17.914616977225673	7.564206876657848
3773438.0	19.622525879917184	5.276323144134092
3785513.0	18.873706004140786	6.941339540533743
3797588.0	19.369109730848862	4.593225725706043
3809663.0	19.943022774327122	6.033680485991889
3821738.0	17.923229813664598	7.873066491744933
3833813.0	15.11552795031056	8.484915369046162
3845888.0	18.493747412008283	6.058035404375129
3857963.0	17.786335403726707	7.751016763597226
3870038.0	20.0	0.0
3882113.0	18.888612836438924	6.9581416333420565
3894188.0	18.974741200828156	7.0771202808755005
3906263.0	16.84207039337474	8.586126804267732
3918338.0	19.822939958592134	5.840736503091946
3930413.0	18.750476190476192	6.857327464733775
3942488.0	18.17424430641822	5.836970767724576
3954563.0	14.736314699792961	9.414868642354763
3966638.0	19.612173913043478	5.251283979833217
3978713.0	18.52505175983437	6.617061828816232
3990788.0	19.089026915113873	3.933347369873538
4002863.0	15.664844720496895	9.102471623028174
4014938.0	16.04057971014493	7.882627595249125
4027013.0	15.297971014492754	8.388111472713922
4039088.0	17.881490683229813	7.567665770724239
4051163.0	18.874534161490683	6.743965940346589
4063238.0	17.16687370600414	6.830761016625642
4075313.0	17.125465838509317	6.351517971186278
4087388.0	19.632215320910973	5.26224884815975
4099463.0	12.592298136645963	9.949695418624405
4111538.0	17.797101449275363	7.164711081832145
4123613.0	18.910973084886127	6.805088827814915
4135688.0	14.459958592132505	9.51104403270916
4147763.0	18.809937888198757	6.46515745125865
4159838.0	19.701449275362318	5.509592613437547
4171913.0	14.43975155279503	9.418408475929555
4183988.0	14.741780538302278	9.605411690677917
4196063.0	17.160082815734988	6.368270206612676
4208138.0	14.345341614906832	8.969218121219049
4220213.0	10.16248447204969	9.978361682328119
4232288.0	15.914037267080746	9.501631112015447
4244363.0	19.11718426501035	4.469125740693406
4256438.0	20.0	0.0
4268513.0	18.442981366459627	5.825275120347817
4280588.0	17.48414078674948	7.100135594891024
4292663.0	19.33855072463768	4.522462913883699
4304738.0	19.655320910973085	5.425062612341547
4316813.0	19.13209109730849	4.040181206603811
4328888.0	17.097308488612835	6.499746770031444
4340963.0	19.31958592132505	4.432301908381166
4353038.0	16.39469979296066	8.010645091539676
4365113.0	16.676604554865424	8.036026540977062
4377188.0	19.438509316770187	5.011663415108344
4389263.0	9.83751552795031	10.507144370176656
4401338.0	19.377225672877845	4.607537258223891
4413413.0	15.489855072463769	8.770933551356938
4425488.0	19.253830227743272	4.321998234273132
4437563.0	16.130186335403728	7.652136739981232
4449638.0	17.614906832298136	7.252106140857349
4461713.0	19.67536231884058	5.460560645875822
4473788.0	17.8351966873706	7.725502925061551
4485863.0	18.07304347826087	5.592837774201039
4497938.0	19.195859213250518	4.185897649302334
4510013.0	20.0	0.0
4522088.0	15.288778467908903	8.525965698811396
4534163.0	20.0	0.0
4546238.0	15.958426501035197	8.957442514329383
4558313.0	18.154865424430643	5.687442125385244
4570388.0	17.66790890269151	7.938245082488196
4582463.0	19.403726708074533	4.768243813850437
4594538.0	18.913457556935818	7.001567408071729
4606613.0	15.046542443064181	8.086499241284578
4618688.0	19.680579710144926	5.466373773903943
4630763.0	19.442650103519668	5.01769126918724
4642838.0	20.0	0.0
4651302.0	19.906037502575728	5.9752735919159825
4657339.5	7.57338687344226	7.889511527030214
4666988.0	10.553954451345756	9.218996500722367
4679063.0	17.643561076604556	6.71992186684342
4691138.0	19.222360248447206	4.247839543432578
4703213.0	14.738385093167702	8.62363260682377
4715288.0	10.75792960662526	9.412937662873082
4722679.5	13.473781388478582	8.750838744354155
4728717.0	15.633073556101206	9.251823718954803
4739438.0	17.10840579710145	5.529181010792061
4751513.0	18.41846790890269	5.532550020636853
4763588.0	16.90550724637681	8.271310390098911
4775663.0	16.921490683229813	8.031691884912014
4787738.0	13.35064182194617	8.61412004688782
4799813.0	14.676107660455486	8.96380113840447
4811888.0	17.688612836438924	6.809778622402374
4819084.5	13.930112165660052	7.91041296675293
4825049.5	15.551810237203496	9.091079803943234
