#Position (bp)	Coverage	Std
6038.0	19.43975155279503	5.06594197715904
18113.0	8.672463768115943	10.27181715877338
30188.0	18.07536231884058	5.443479583804469
42263.0	16.21614906832298	7.933105412805455
54338.0	20.0	0.0
66413.0	19.625175983436854	5.365382483341385
78488.0	19.4592132505176	5.051576635173935
90563.0	20.0	0.0
102638.0	14.939047619047619	9.719758536308442
114713.0	19.603561076604556	5.271714435066272
126788.0	16.957432712215322	8.813461377306613
138863.0	18.686542443064184	6.656182231937607
150938.0	19.67536231884058	5.464563045236307
163013.0	20.0	0.0
175088.0	20.0	0.0
187163.0	15.593954451345756	8.874435799871762
199238.0	20.0	0.0
211313.0	19.554451345755695	5.237901370400702
223388.0	18.67080745341615	6.83778323019278
235463.0	19.621697722567287	5.366323947751879
247538.0	16.627743271221533	8.59630620273981
259613.0	20.0	0.0
271688.0	19.585093167701864	5.295374754332302
283763.0	19.611097308488613	5.347122443567289
295838.0	17.893250517598343	7.967771521747742
307913.0	17.723395445134575	7.675968791912195
319988.0	18.91975155279503	7.013468261854575
332063.0	19.179710144927537	4.148027044799643
344138.0	20.0	0.0
356213.0	19.614906832298136	5.3517977475269705
368288.0	18.278260869565216	6.013717927590998
380363.0	18.986749482401656	7.093162951922498
392438.0	19.156356107660457	4.088726104720185
404513.0	16.61449275362319	8.579430357477072
416588.0	19.313457556935816	4.756906279284517
428663.0	18.860455486542442	6.919962421659834
440738.0	20.0	0.0
452813.0	19.497308488612838	5.124980432220382
464888.0	20.0	0.0
476963.0	19.61242236024845	5.338597298730484
489038.0	20.0	0.0
501113.0	20.0	0.0
513188.0	18.67743271221532	6.848553972291316
525263.0	18.67494824016563	6.843654781331795
537338.0	20.0	0.0
549413.0	20.0	0.0
561488.0	18.679751552795032	6.448637649630492
573563.0	15.29192546583851	8.691039149070912
585638.0	18.685797101449275	6.863429657734294
597713.0	19.28894409937888	4.563996287443848
609788.0	16.042732919254657	7.796702599725823
621863.0	20.000496894409938	0.14446302370284023
633938.0	18.668654244306417	6.8327429932344295
646013.0	19.551966873706004	5.232443779812897
658088.0	13.933498964803313	9.898491007401203
670163.0	19.4024016563147	4.978155178929964
682238.0	19.975486542443065	6.1763792350766895
694313.0	15.443478260869565	8.857954280603796
706388.0	19.63561076604555	5.387855371782577
718463.0	19.2168115942029	4.2519219865503315
730538.0	20.0	0.0
742613.0	19.63064182194617	5.379086871334034
754688.0	17.453416149068325	7.576114804301101
766763.0	19.547329192546584	5.222526458400729
778838.0	19.535569358178055	5.070280393747622
790913.0	18.06376811594203	5.641755009385054
802988.0	19.283229813664597	4.085352312796138
815063.0	16.928530020703935	8.701557415157094
827138.0	18.003312629399584	5.530191929248668
839213.0	19.659627329192546	5.433528302462831
851288.0	18.808198757763975	6.892285722782539
863363.0	16.528364389233953	8.236353290622635
875438.0	20.0	0.0
887513.0	19.25465838509317	4.326288268982477
899588.0	20.0	0.0
911663.0	15.417805383022774	8.980286668823235
923738.0	19.586749482401657	5.295218359437134
935813.0	19.670062111801244	5.455386534061984
947888.0	20.0	0.0
959963.0	19.493167701863353	5.115680437185628
972038.0	19.142443064182196	4.052246776017893
984113.0	20.0	0.0
996188.0	19.998426501035198	6.240149172713946
1008263.0	17.134906832298135	6.655902282687705
1020338.0	16.829813664596273	8.902648081169044
1032413.0	19.559420289855073	5.245958712736406
1044488.0	19.60496894409938	5.335105813127524
1056563.0	19.572670807453417	5.271628032382526
1068638.0	12.33399585921325	9.381630436551694
1080713.0	7.396273291925466	8.825114735997468
1092788.0	19.92472049689441	6.023102520724287
1104863.0	17.130434782608695	6.9178498077605655
1116938.0	19.82525879917184	5.846660316197794
1129013.0	17.16190476190476	6.296688143262218
1141088.0	17.517184265010354	7.569443858782688
1153163.0	18.671635610766046	6.934953624973878
1165238.0	20.0	0.0
1177313.0	18.132505175983436	5.770274365451611
1189388.0	20.0	0.0
1201463.0	19.617391304347827	5.357643868911685
1213538.0	16.000828157349897	7.91706493495317
1225613.0	14.791718426501035	9.926103779020451
1237688.0	16.62840579710145	8.597905277175336
1249763.0	17.86351966873706	7.763944910914178
1261838.0	19.573830227743272	5.276087702955224
1273913.0	15.942857142857143	9.335135880358779
1285988.0	19.749979296066254	5.57084989297151
1298063.0	19.51552795031056	5.161371092335352
1310138.0	18.52033126293996	6.433176174610933
1322213.0	18.679089026915115	6.850972033615595
1334288.0	20.0	0.0
1346363.0	19.958592132505174	6.047164522134649
1358438.0	19.205797101449274	4.21566633524328
1370513.0	19.014989648033126	3.7225405959657216
1382588.0	18.15734989648033	5.806756969344868
1394663.0	19.50583850931677	4.981190292367728
1406738.0	19.14890269151139	4.040355436058746
1418813.0	17.608281573498964	7.426353387610985
1430888.0	20.0	0.0
1442963.0	19.214906832298137	4.2243992063066536
1455038.0	19.596024844720496	5.219925195596104
1467113.0	19.497639751552796	5.016832948827269
1479188.0	19.532587991718426	5.1984788346801
1491263.0	19.645714285714284	5.408229294268032
1503338.0	15.276190476190477	8.362318122938994
1515413.0	19.65631469979296	5.427596076703079
1527488.0	19.13134575569358	4.034796887245387
1539563.0	18.679917184265012	6.85199945127926
1551638.0	19.492919254658386	5.124002705571894
1563713.0	20.0	0.0
1575788.0	20.0	0.0
1587863.0	18.276770186335405	6.018095555911591
1599938.0	19.08455486542443	3.916974790752062
1612013.0	19.638923395445136	5.393539575375222
1624088.0	13.947826086956521	10.09538360768601
1636163.0	19.525465838509316	5.179150749348012
1648238.0	19.65631469979296	5.430036851351873
1660313.0	7.951469979296066	9.462030474688493
1672388.0	16.005465838509316	7.3948893997107525
1684463.0	18.304265010351966	5.600783736934403
1696538.0	17.68447204968944	7.876610552059806
1708613.0	19.53457556935818	5.196949256390614
1720688.0	19.071635610766045	4.0592404107437785
1732763.0	15.958592132505176	9.63574693771163
1744838.0	19.53457556935818	5.198383249222502
1756913.0	20.0	0.0
1768988.0	18.978053830227744	7.089127942818357
1781063.0	16.73175983436853	8.404238307669
1793138.0	19.54616977225673	5.220639085760296
1805213.0	17.681490683229814	7.870520514407029
1817288.0	16.368198757763974	8.128104757969213
1829363.0	17.387991718426502	7.308096987143711
1841438.0	14.29399585921325	9.193066070039741
1853513.0	20.0	0.0
1865588.0	19.641407867494824	5.4002147031928
1877663.0	19.568530020703935	5.26447526283111
1889738.0	18.946583850931678	6.8006210896482795
1901813.0	17.847619047619048	7.758844549097504
1913888.0	20.0	0.0
1925963.0	16.269151138716357	8.000693551717164
1938038.0	20.0	0.0
1950113.0	20.0	0.0
1962188.0	19.926293995859215	5.956272682224207
1974263.0	14.309730848861284	9.213591544622474
1986338.0	19.632298136645964	5.365999855697517
1998413.0	15.975983436853003	9.446078858293607
2010488.0	20.0	0.0
2022563.0	19.166045548654246	4.1147615896864025
2034638.0	18.660041407867496	6.82038109959299
2046713.0	19.000414078674947	4.041349425128127
2058788.0	20.0	0.0
2070863.0	19.509730848861285	5.1527797077263156
2082938.0	19.46575569358178	4.825106870806052
2095013.0	19.17184265010352	4.129227239852957
2107088.0	19.080910973084887	3.912278278069157
2119163.0	19.363064182194616	4.714911809858292
2131238.0	16.273291925465838	8.00869093140587
2143313.0	18.866252587991717	6.835299924053065
2155388.0	18.52902691511387	6.202957953315532
2167463.0	19.14385093167702	4.056934354424247
2179538.0	19.98144927536232	6.186815608259263
2191613.0	19.238426501035196	4.300695692193649
2203688.0	20.000248447204967	0.10092737687920153
2215763.0	20.0	0.0
2227838.0	19.170351966873707	4.1267596159137065
2239913.0	16.384099378881988	8.148660167529378
2251988.0	18.612836438923395	6.847646979155594
2264063.0	19.065010351966873	4.357568794305083
2276138.0	20.0	0.0
2288213.0	19.02840579710145	4.272372608032138
2300288.0	13.963064182194618	10.013874432976493
2312363.0	19.561076604554867	5.2519541862365005
2324438.0	19.995031055900622	6.230513306803269
2336513.0	18.453664596273292	6.0833819732024095
2348588.0	19.469813664596273	5.074884367722646
2360663.0	16.624430641821945	8.59274092984134
2372738.0	17.683643892339546	7.874770363735918
2384813.0	18.525879917184266	6.5249322755740655
2396888.0	19.696066252587993	5.621350898256135
2408963.0	17.69109730848861	7.886277622630391
2421038.0	19.094824016563148	3.9579257172712103
2433113.0	18.839089026915115	6.712023758894077
2445188.0	15.07064182194617	8.321694563854088
2457263.0	18.03569358178054	5.714671829605164
2469338.0	17.342028985507245	7.244868248769537
2481413.0	19.63561076604555	5.389699554116525
2493488.0	20.0	0.0
2505563.0	20.0	0.0
2517638.0	19.026252587991717	3.7630325641262967
2529713.0	19.54865424430642	5.228010242655276
2541788.0	20.0	0.0
2553863.0	19.9672049689441	6.109091077142316
2565938.0	20.0	0.0
2578013.0	19.645962732919255	5.413502021869646
2590088.0	19.182608695652174	4.1719858387234865
2602163.0	17.559420289855073	7.363470916201639
2614238.0	19.605797101449276	5.32990314122349
2626313.0	19.47991718426501	5.088736394748512
2638388.0	18.26086956521739	5.98756475347187
2650463.0	18.701449275362318	6.8822693546517995
2662538.0	16.194616977225675	7.912513348792785
2674613.0	19.171345755693583	4.121438169861549
2686688.0	18.510393374741202	6.498115668897932
2698763.0	16.774906832298136	8.83947948216002
2710838.0	19.15312629399586	4.1002247072695335
2722913.0	18.96066252587992	7.061105667706553
2734988.0	19.469979296066253	5.071619568910886
2747063.0	17.677846790890268	7.865984109069938
2759138.0	20.0	0.0
2771213.0	19.438178053830228	4.96144138543609
2783288.0	18.94575569358178	6.867874624900633
2795363.0	18.285217391304347	5.796464975412178
2807438.0	19.469979296066253	5.069659680428494
2819513.0	20.0	0.0
2831588.0	15.373084886128364	8.469137736266854
2843663.0	18.541449275362318	6.227142883266197
2855738.0	19.00902691511387	7.11268659221016
2867813.0	20.0	0.0
2879888.0	19.688612836438924	5.608297608935655
2891963.0	17.331180124223604	7.105434889501425
2904038.0	20.0	0.0
2916113.0	19.479089026915116	5.090770278551716
2928188.0	19.07246376811594	3.8778983016700233
2940263.0	20.0	0.0
2952338.0	18.667494824016565	6.83220967381089
2964413.0	17.312629399585923	7.479689545267354
2976488.0	18.840579710144926	7.0818930456291715
2988563.0	18.174906832298138	6.209216418359142
3000638.0	19.61407867494824	5.3449536967782905
3012713.0	20.0	0.0
3024788.0	19.347412008281573	4.545085849906774
3036863.0	19.469151138716356	5.0721910604007325
3048938.0	16.615320910973086	8.579961246395467
3061013.0	18.771014492753622	6.787029402908317
3073088.0	20.0	0.0
3085163.0	19.561407867494825	5.132246934056517
3097238.0	17.830227743271223	7.71621400637207
3109313.0	20.0	0.0
3121388.0	16.72712215320911	8.394812555786512
3133463.0	16.716356107660456	8.386867383800555
3145538.0	16.60455486542443	8.566969164326778
3157613.0	18.661697722567286	6.821716631859098
3169688.0	20.0	0.0
3181763.0	19.509896480331264	5.149194393160031
3193838.0	17.686128364389234	7.878397751999853
3205913.0	18.264347826086958	5.848834181582164
3217988.0	20.0	0.0
3230063.0	20.0	0.0
3242138.0	18.666666666666668	6.831179279741301
3254213.0	18.526708074534163	6.522964688159931
3266288.0	19.30351966873706	4.595118482872409
3278363.0	14.868819875776397	9.651642497448336
3290438.0	17.70062111801242	7.910105704523091
3302513.0	19.63561076604555	5.389238567696231
3314588.0	19.39544513457557	4.924481454766955
3326663.0	19.932919254658383	6.03864024292198
3338738.0	18.215817805383022	5.908705021496327
3350813.0	18.650931677018633	6.803543103248773
3362888.0	20.0	0.0
3374963.0	20.0	0.0
3387038.0	19.64919254658385	5.410954305945967
3399113.0	19.57184265010352	5.27170658033536
3411188.0	20.0	0.0
3423263.0	17.334989648033126	7.2321172327843986
3435338.0	18.793871635610767	6.618438388930921
3447413.0	19.46086956521739	5.05682000583653
3459488.0	19.208447204968945	4.1525067886036755
3471563.0	19.99983436853002	6.2418543191598825
3483638.0	16.58600414078675	8.511777250778694
3495713.0	19.185093167701865	4.174029932800818
3507788.0	19.442650103519668	5.0201663710852005
3519863.0	20.0	0.0
3531938.0	19.55577639751553	5.241236400527189
3544013.0	17.346583850931676	7.2525857457875
3556088.0	18.29648033126294	6.046130463509742
3568163.0	20.0	0.0
3580238.0	16.634368530020705	8.605164802817194
3592313.0	19.394616977225674	4.919854565340259
3604388.0	20.0	0.0
3616463.0	19.570020703933746	5.265466225850221
3628538.0	16.6111801242236	8.574699168980176
3640613.0	19.71014492753623	5.530888232253582
3652688.0	10.41159420289855	10.27634724157371
3664763.0	15.283643892339544	8.677783919147332
3676838.0	17.062774327122153	6.65355646737865
3688913.0	20.0	0.0
3700988.0	20.0	0.0
3713063.0	18.41871635610766	6.249153980007095
3725138.0	20.0	0.0
3737213.0	20.0	0.0
3749288.0	18.87055900621118	6.693861716460016
3761363.0	19.572670807453417	5.268799526192372
3773438.0	19.9951966873706	6.211110061716647
3785513.0	18.257391304347827	5.531060422702496
3797588.0	19.466997929606624	5.050576499902409
3809663.0	18.35138716356108	5.691845170880471
3821738.0	18.144099378881986	5.7847518561531315
3833813.0	15.398343685300206	8.762767083320298
3845888.0	19.229813664596275	4.279809596972209
3857963.0	19.506418219461697	5.144898375679178
3870038.0	19.618219461697723	5.35988473656234
3882113.0	19.55776397515528	5.245642971679964
3894188.0	19.660455486542443	5.43755059946472
3906263.0	17.47991718426501	7.611666973802967
3918338.0	20.0	0.0
3930413.0	20.0	0.0
3942488.0	18.678260869565218	6.847767918514651
3954563.0	15.517184265010352	8.791841691662956
3966638.0	20.0	0.0
3978713.0	18.287536231884058	6.028929566550475
3990788.0	19.03105590062112	3.7814519542085407
4002863.0	15.79296066252588	9.245960451953547
4014938.0	16.221946169772256	7.216945781853945
4027013.0	16.72215320910973	7.987920486960554
4039088.0	20.0	0.0
4051163.0	19.52463768115942	5.174911607450658
4063238.0	18.661697722567286	6.82025967460078
4075313.0	18.39089026915114	5.9775286583406375
4087388.0	20.0	0.0
4099463.0	15.84927536231884	8.871024318745164
4111538.0	20.0	0.0
4123613.0	19.546335403726708	5.146298595491177
4135688.0	14.274120082815735	9.16666026726673
4147763.0	20.0	0.0
4159838.0	19.565217391304348	5.254870559421353
4171913.0	15.18592132505176	8.697535406838487
4183988.0	15.4351966873706	9.075779429708986
4196063.0	18.203726708074534	5.8949394024880535
4208138.0	16.602070393374742	8.563633446463191
4220213.0	10.379378881987577	10.204034439405804
4232288.0	16.10840579710145	7.930197546486088
4244363.0	18.742028985507247	6.841113078830804
4256438.0	19.51055900621118	5.1517349185305985
4268513.0	19.988902691511388	6.182235955369827
4280588.0	18.667577639751553	6.809778622402374
4292663.0	19.118840579710145	4.004397169034387
4304738.0	20.0	0.0
4316813.0	19.476604554865425	5.086620292899872
4328888.0	18.669979296066252	6.835663391058635
4340963.0	19.472463768115944	5.07529231990682
4353038.0	17.672049689440993	7.85718802923209
4365113.0	17.76894409937888	7.812317078603887
4377188.0	19.455900621118012	5.039594778149361
4389263.0	10.293167701863354	10.157394882914291
4401338.0	20.0	0.0
4413413.0	16.810766045548654	8.652241538693447
4425488.0	18.70045548654244	6.483206527151975
4437563.0	19.044306418219463	3.8032894120704115
4449638.0	20.0	0.0
4461713.0	19.605797101449276	5.3331651112186345
4473788.0	18.676604554865424	6.847888855737824
4485863.0	19.575983436853	5.2821430496236434
4497938.0	20.0	0.0
4510013.0	19.483726708074535	5.103524540248556
4522088.0	16.60472049689441	8.549483294110429
4534163.0	19.594202898550726	5.312316249410178
4546238.0	19.819461697722566	5.721290737400377
4558313.0	18.789565217391303	6.80421255463208
4570388.0	15.61623188405797	8.645189186261488
4582463.0	19.20248447204969	4.194988630094873
4594538.0	19.558592132505176	5.245564033446311
4606613.0	17.372256728778467	7.4674448721938775
4618688.0	20.0	0.0
4630763.0	20.0	0.0
4642838.0	20.0	0.0
4651302.0	19.891819493097053	5.944519923713673
4657339.5	13.154666297424535	9.148161965649965
4666988.0	15.986004140786749	9.001835561609692
4679063.0	20.0	0.0
4691138.0	20.0	0.0
4703213.0	18.568944099378882	6.485530957542506
4715288.0	17.168530020703933	6.80908539323304
4722679.5	16.015509601181684	7.112360514113289
4728717.0	15.117967332123412	8.502381306610136
4739438.0	19.35238095238095	4.558585738334579
4751513.0	19.737474120082815	5.583078545529218
4763588.0	18.660041407867496	6.81928819682723
4775663.0	18.631966873706006	6.489545661951284
4787738.0	16.177225672877846	7.805344031183673
4799813.0	17.688612836438924	7.882023470902584
4811888.0	20.0	0.0
4819084.5	19.539689387402934	4.97166258086231
4825049.5	15.688306283811901	9.25360543156807
