#Position (bp)	Coverage	Std
6038.0	19.320248447204968	4.749344511816919
18113.0	8.143188405797101	9.837322768652982
30188.0	18.44968944099379	6.5003264769100815
42263.0	15.781200828157349	9.22822657022843
54338.0	19.999751552795033	6.2258859863235365
66413.0	20.0	6.2423452088140845
78488.0	19.99734989648033	6.21725375921059
90563.0	19.999917184265012	6.242093135165042
102638.0	14.479751552795031	9.213362336772295
114713.0	19.94832298136646	6.034682369797752
126788.0	17.025175983436853	6.981602561527128
138863.0	19.972173913043477	6.153488801537047
150938.0	19.660455486542443	5.465381356752809
163013.0	19.999917184265012	6.239439110535393
175088.0	19.902525879917185	5.88100074581331
187163.0	15.731180124223602	9.175022354015677
199238.0	19.999254658385095	6.233091413691009
211313.0	19.99983436853002	6.244494055096921
223388.0	18.479503105590062	6.548181041193057
235463.0	19.99966873706004	6.238695781311974
247538.0	16.396438923395444	8.314790135033357
259613.0	19.88472049689441	5.886440888635823
271688.0	19.516273291925465	5.151678654638943
283763.0	19.944761904761904	6.046493431381115
295838.0	18.42832298136646	6.456768160036706
307913.0	16.21946169772257	8.105167944713317
319988.0	19.64472049689441	6.234825055946707
332063.0	19.53167701863354	5.169611796679167
344138.0	19.930351966873705	6.018171241595547
356213.0	20.0	6.239691291402829
368288.0	18.447701863354037	6.470522425236354
380363.0	19.48472049689441	4.741744487712248
392438.0	19.7248033126294	5.6626998659876655
404513.0	15.370683229813665	8.70476416996224
416588.0	19.26128364389234	4.45181238827207
428663.0	19.778219461697724	5.540134013372633
440738.0	20.0	6.237076078774604
452813.0	19.078260869565216	4.100396385424019
464888.0	19.999337474120082	6.232593151434188
476963.0	20.0	6.2423452088140845
489038.0	20.000082815734988	6.232267598578373
501113.0	19.99983436853002	6.2367839565021645
513188.0	18.452836438923395	6.501867863490132
525263.0	17.836604554865424	7.664750863341967
537338.0	19.999917184265012	6.242093135165042
549413.0	20.0	6.242358475566278
561488.0	19.493002070393374	5.102924099820614
573563.0	14.883478260869564	9.805292862324002
585638.0	17.728447204968944	7.630987280405205
597713.0	19.99966873706004	6.238682506770951
609788.0	15.599006211180125	9.035810971749259
621863.0	19.627246376811595	5.282691766338126
633938.0	18.201490683229814	5.913755589807836
646013.0	19.64016563146998	5.380202956295579
658088.0	17.160248447204967	6.582208279787972
670163.0	19.99966873706004	6.236538297636615
682238.0	19.999917184265012	6.2367839565021645
694313.0	16.21457556935818	8.076005408247154
706388.0	20.0	6.239691291402829
718463.0	18.930020703933746	6.9603431532931035
730538.0	19.999585921325053	6.230699391467404
742613.0	19.999917184265012	6.239439110535393
754688.0	17.277598343685302	7.336225667149113
766763.0	19.97151138716356	6.118911390480731
778838.0	19.397929606625258	4.394048299175436
790913.0	17.45672877846791	7.373423261987207
802988.0	17.904596273291926	7.635343339294095
815063.0	16.70815734989648	8.5960075474428
827138.0	16.58517598343685	8.498836846490889
839213.0	19.692753623188405	5.470530876846793
851288.0	18.74351966873706	6.738185734894044
863363.0	17.09888198757764	7.028301262292359
875438.0	20.0	0.0
887513.0	19.697805383022775	5.469539213978682
899588.0	19.999751552795033	6.236279349437738
911663.0	14.93631469979296	10.001457450727687
923738.0	19.640414078674947	5.368700025014635
935813.0	19.312298136645964	4.609091744375948
947888.0	19.91552795031056	5.938497764046203
959963.0	19.27544513457557	4.664086834970033
972038.0	19.68008281573499	5.468494366991881
984113.0	19.66095238095238	5.385464679455671
996188.0	19.375486542443063	4.850886239491563
1008263.0	17.363975155279505	7.100427188035097
1020338.0	16.095983436853	7.858120774829135
1032413.0	20.0	6.239691291402829
1044488.0	19.998757763975156	6.230167706252628
1056563.0	19.96985507246377	6.105958804254633
1068638.0	11.236024844720497	9.591628510014349
1080713.0	5.676853002070393	8.127090907899259
1092788.0	19.89167701863354	5.948606670897964
1104863.0	17.210766045548656	7.224790539779357
1116938.0	19.991718426501034	6.178698463252027
1129013.0	16.401573498964805	7.646793939745979
1141088.0	17.126128364389235	6.82252996430735
1153163.0	18.545755693581782	6.748912955947539
1165238.0	19.999337474120082	6.229955019461494
1177313.0	17.805383022774325	7.846799139061639
1189388.0	19.617391304347827	5.351766798683854
1201463.0	19.969937888198757	6.1156555033802285
1213538.0	15.893333333333333	9.544243709782268
1225613.0	14.454492753623189	9.571792582923932
1237688.0	16.415486542443062	8.343663990026679
1249763.0	18.53167701863354	6.618438388930921
1261838.0	19.61888198757764	5.343667524153766
1273913.0	16.38997929606625	8.229271594320172
1285988.0	19.33648033126294	4.554441783423316
1298063.0	19.563312629399586	5.177615461132089
1310138.0	17.667163561076606	7.27658259379404
1322213.0	18.484223602484473	6.552138398900291
1334288.0	19.98103519668737	6.172133998483675
1346363.0	19.862443064182195	5.829815561610989
1358438.0	19.690186335403727	5.379918184204761
1370513.0	19.99983436853002	6.233875265688057
1382588.0	18.47047619047619	6.52789523116512
1394663.0	19.890600414078676	5.894567102430149
1406738.0	19.3951966873706	4.912712204152423
1418813.0	17.974824016563147	7.979274395317937
1430888.0	19.8712215320911	5.8294177926480995
1442963.0	19.999585921325053	6.2333571372758785
1455038.0	19.462277432712217	4.697376035076057
1467113.0	20.0	6.239691291402829
1479188.0	20.0	6.2423452088140845
1491263.0	19.563643892339545	5.102104465737256
1503338.0	16.382360248447206	8.286895039735082
1515413.0	19.971180124223604	6.117463039305352
1527488.0	19.505175983436853	5.110934974610791
1539563.0	18.0911801242236	5.685199265041621
1551638.0	19.999089026915115	6.231829071932298
1563713.0	19.999917184265012	6.242093135165042
1575788.0	19.993540372670807	6.196031589123487
1587863.0	18.45184265010352	6.4512697965267005
1599938.0	19.11006211180124	3.8203660410189255
1612013.0	19.92753623188406	6.019175706895103
1624088.0	13.338550724637681	9.471880580915832
1636163.0	19.667246376811594	5.415628025918499
1648238.0	19.660289855072463	5.371845937707812
1660313.0	6.583850931677019	8.839615329404479
1672388.0	15.863188405797102	9.161689972215711
1684463.0	18.64190476190476	6.2131830724950925
1696538.0	17.435693581780537	7.543118290228032
1708613.0	19.30807453416149	4.610358307844207
1720688.0	19.353954451345757	4.961942116270341
1732763.0	15.483395445134576	8.88394462216472
1744838.0	20.0	6.2423452088140845
1756913.0	19.999751552795033	6.236279349437738
1768988.0	19.292836438923395	4.334511704728285
1781063.0	17.462774327122155	7.552888743016756
1793138.0	19.99983436853002	6.242086501510494
1805213.0	17.438923395445133	7.530866779551058
1817288.0	15.89648033126294	9.332225607142632
1829363.0	16.316770186335404	7.884387171911621
1841438.0	13.853333333333333	10.19881452941385
1853513.0	19.68695652173913	5.4781251420959505
1865588.0	19.996521739130436	6.200547628255841
1877663.0	19.966211180124223	6.119777530158553
1889738.0	20.0	6.239691291402829
1901813.0	16.76447204968944	8.58055966361092
1913888.0	19.97937888198758	6.170355899416651
1925963.0	14.144430641821947	8.472188088946844
1938038.0	19.942194616977226	5.95049278541147
1950113.0	19.970683229813666	6.146055308831286
1962188.0	19.998012422360247	6.207502306574553
1974263.0	13.850020703933748	10.120634682509372
1986338.0	19.916770186335405	5.988657325573655
1998413.0	16.31768115942029	8.177163575518515
2010488.0	19.70567287784679	5.582143966518596
2022563.0	19.99966873706004	6.236266069753089
2034638.0	17.86393374741201	7.815968153597725
2046713.0	18.73821946169772	6.8587282501284275
2058788.0	19.999503105590062	6.232905400441182
2070863.0	19.695817805383022	5.5056680750278595
2082938.0	19.836853002070395	5.75727103515691
2095013.0	17.499130434782607	7.292385205649634
2107088.0	19.999917184265012	6.242093135165042
2119163.0	18.77888198757764	6.862289304070008
2131238.0	16.27494824016563	8.16932605535841
2143313.0	18.832298136645964	6.761295280612702
2155388.0	15.285714285714286	7.341010474220063
2167463.0	19.70815734989648	5.518701500587617
2179538.0	19.945341614906834	6.072461001002446
2191613.0	19.662774327122154	5.4197323702193385
2203688.0	19.21010351966874	4.229199494513023
2215763.0	19.70343685300207	5.503629519526072
2227838.0	19.9831884057971	6.176385939303141
2239913.0	16.25432712215321	7.973278353466868
2251988.0	18.51097308488613	6.690743273258527
2264063.0	18.946418219461698	7.316653343508105
2276138.0	20.000993788819876	0.20308184563091058
2288213.0	18.570351966873705	6.759702787884856
2300288.0	14.404803312629399	9.229361733750734
2312363.0	19.646128364389234	5.2807318019749125
2324438.0	19.892919254658384	5.9100293742898575
2336513.0	19.548571428571428	5.21931434539297
2348588.0	18.867660455486543	6.9240421899673015
2360663.0	16.411097308488614	8.334775858584107
2372738.0	17.46989648033126	7.593050107689808
2384813.0	18.869813664596272	7.2039959005969605
2396888.0	19.58070393374741	5.397499612820124
2408963.0	17.18807453416149	7.03315425674511
2421038.0	20.000082815734988	6.234672302243005
2433113.0	19.994120082815733	6.181103910197129
2445188.0	14.302360248447204	8.965306953945744
2457263.0	18.29648033126294	6.360592964271716
2469338.0	16.875776397515526	8.728027721593389
2481413.0	19.99983436853002	6.239186919475093
2493488.0	19.999254658385095	6.230433554531557
2505563.0	19.999420289855074	6.2331179865592565
2517638.0	19.43577639751553	4.904985421749758
2529713.0	19.999585921325053	6.2333571372758785
2541788.0	19.653498964803312	5.405089235899173
2553863.0	10.320910973084887	10.231437769960765
2565938.0	14.450517598343685	9.42532599894218
2578013.0	19.59320910973085	5.028127921341574
2590088.0	19.33855072463768	4.794881674155382
2602163.0	17.257391304347827	6.897372500598202
2614238.0	19.23312629399586	4.245392094644156
2626313.0	20.0	6.239691291402829
2638388.0	18.400828157349896	6.308651918351107
2650463.0	18.429896480331262	6.44845785406497
2662538.0	15.9927950310559	9.446885406965597
2674613.0	19.3696066252588	4.8658951712717124
2686688.0	17.666666666666668	7.646328230185172
2698763.0	16.666666666666668	8.713522011133575
2710838.0	20.0	6.239711199984601
2722913.0	19.999751552795033	6.241575688938278
2734988.0	19.999917184265012	6.242086501510494
2747063.0	17.474120082815734	7.597346164093093
2759138.0	19.999254658385095	6.232054983452102
2771213.0	19.30351966873706	4.602663735007907
2783288.0	16.56215320910973	7.82207948925552
2795363.0	18.208115942028986	5.833607210370451
2807438.0	19.386335403726708	4.905356855511859
2819513.0	19.730931677018635	5.558281456855454
2831588.0	15.302360248447204	8.694402187590928
2843663.0	19.00728778467909	7.116108923504482
2855738.0	19.311387163561076	4.6570679159208055
2867813.0	19.961490683229815	6.1158112297494585
2879888.0	18.94144927536232	7.1262730873817945
2891963.0	17.191718426501033	6.757049842001153
2904038.0	19.99238095238095	6.172959130809295
2916113.0	19.4487784679089	5.011688201947563
2928188.0	19.99966873706004	6.225380495908711
2940263.0	19.473126293995858	4.902612646951167
2952338.0	18.38608695652174	6.323068940645621
2964413.0	17.2	7.319080823394348
2976488.0	17.880828157349896	7.855084993075962
2988563.0	17.711884057971016	7.801507525391299
3000638.0	19.99983436853002	6.2367839565021645
3012713.0	19.58351966873706	5.190419586752348
3024788.0	19.966459627329193	6.131215315272825
3036863.0	19.348737060041408	4.812466557653157
3048938.0	16.40645962732919	8.322261796402916
3061013.0	18.91296066252588	7.036591730973583
3073088.0	19.999751552795033	6.241827783484173
3085163.0	19.65457556935818	5.390129772538258
3097238.0	18.066666666666666	5.7604707077049815
3109313.0	19.99983436853002	6.233875265688057
3121388.0	16.15792960662526	7.5413504675028875
3133463.0	17.457391304347826	7.574026664673439
3145538.0	16.529855072463768	8.47347340544567
3157613.0	18.11577639751553	5.727301945736731
3169688.0	20.0	6.2423452088140845
3181763.0	19.999337474120082	6.229935079702556
3193838.0	17.40008281573499	7.4111549296519454
3205913.0	17.847619047619048	7.716890136236306
3217988.0	19.499296066252587	4.982029819060943
3230063.0	19.058302277432713	3.8012311397827205
3242138.0	18.397929606625258	6.342495279999158
3254213.0	18.819544513457558	7.137710775442756
3266288.0	18.98608695652174	7.176918374197694
3278363.0	14.805631469979296	9.694283389440534
3290438.0	17.523561076604555	7.700259467005851
3302513.0	19.907329192546584	5.952475692827819
3314588.0	19.7735817805383	5.642554962163435
3326663.0	19.857142857142858	5.786555417732078
3338738.0	17.591966873706003	7.325001854874375
3350813.0	18.596356107660455	6.727921487073989
3362888.0	19.044306418219463	3.7748431747277693
3374963.0	19.99983436853002	6.239186919475093
3387038.0	19.998840579710144	6.218578988617989
3399113.0	19.999585921325053	6.2360071102500365
3411188.0	19.72695652173913	5.520569478831003
3423263.0	16.95287784679089	8.8101484866095
3435338.0	19.999751552795033	6.230965217061629
3447413.0	18.501697722567286	6.144168572997989
3459488.0	19.657805383022776	5.410181338162449
3471563.0	19.64728778467909	5.388239628486826
3483638.0	16.38567287784679	8.296573165711001
3495713.0	19.999751552795033	6.22830645057194
3507788.0	19.999503105590062	6.22753519596455
3519863.0	19.999917184265012	6.242093135165042
3531938.0	19.999917184265012	6.242093135165042
3544013.0	16.899544513457556	8.735965971160566
3556088.0	18.446625258799173	6.47744933569382
3568163.0	19.998592132505177	6.238204604481213
3580238.0	15.5696066252588	9.049507267279157
3592313.0	19.99983436853002	6.233888550465699
3604388.0	20.000414078674947	6.238456835251825
3616463.0	19.99966873706004	6.236266069753089
3628538.0	15.702857142857143	9.137572877697782
3640613.0	20.0	6.2423452088140845
3652688.0	10.229730848861283	10.094083296582394
3664763.0	14.860786749482402	9.782771013146132
3676838.0	16.347329192546585	7.834028866526691
3688913.0	20.0	0.0
3700988.0	19.99983436853002	6.239186919475093
3713063.0	17.9151966873706	7.9846125308045295
3725138.0	19.597929606625257	5.247268835093481
3737213.0	19.999917184265012	6.239452383466729
3749288.0	19.509068322981367	4.9245150889487235
3761363.0	19.369109730848862	4.720476517336423
3773438.0	19.903933747412008	5.889155559934696
3785513.0	19.99983436853002	6.233875265688057
3797588.0	19.700207039337474	5.4995124948634695
3809663.0	19.979627329192546	6.151813010213281
3821738.0	18.417391304347827	6.39997412003049
3833813.0	15.332008281573499	8.7533063850643
3845888.0	19.260372670807453	4.575866117429323
3857963.0	19.0848033126294	3.9571305244555197
3870038.0	19.648198757763975	5.399493880123459
3882113.0	19.999089026915115	6.229715738141978
3894188.0	19.057474120082816	3.8455373291513495
3906263.0	17.125217391304346	6.989237511616618
3918338.0	20.0	6.239691291402829
3930413.0	19.203064182194616	4.140143324751258
3942488.0	18.448447204968943	6.496605260994722
3954563.0	15.733333333333333	9.17026430437031
3966638.0	19.995031055900622	6.202797739162602
3978713.0	18.459627329192546	6.51559683148009
3990788.0	19.999917184265012	6.239439110535393
4002863.0	15.960745341614906	9.561716280012794
4014938.0	15.72256728778468	9.168697309430978
4027013.0	15.23801242236025	8.310381643714218
4039088.0	19.8592132505176	5.81705210893759
4051163.0	19.385258799171844	4.893338523417514
4063238.0	18.488778467908904	6.55028012929651
4075313.0	18.957018633540372	6.969326465818887
4087388.0	19.970931677018633	6.11161877557583
4099463.0	15.406956521739131	8.345872140198308
4111538.0	19.999503105590062	6.233104700139291
4123613.0	19.875445134575568	5.815500099550125
4135688.0	8.26583850931677	9.976473360057339
4147763.0	11.453747412008282	10.122622922149011
4159838.0	19.999254658385095	6.24002309280645
4171913.0	14.751552795031056	9.743994274969676
4183988.0	15.04679089026915	8.636218212293617
4196063.0	18.448861283643893	6.49743379825704
4208138.0	16.406542443064183	8.328712590559785
4220213.0	10.035942028985508	9.83315050537129
4232288.0	15.850600414078675	9.435504070267863
4244363.0	19.12033126293996	4.472811816816603
4256438.0	20.0	6.2370362447249255
4268513.0	19.67031055900621	5.217592473692451
4280588.0	18.359171842650102	6.237673558993882
4292663.0	19.53879917184265	4.96067349998959
4304738.0	19.999917184265012	6.2370362447249255
4316813.0	19.32902691511387	4.780992386394042
4328888.0	18.438674948240166	6.473606231440984
4340963.0	19.79320910973085	5.637591956161974
4353038.0	17.43577639751553	7.546252137654278
4365113.0	17.801821946169774	7.317281509936062
4377188.0	19.954120082815734	6.090382058885009
4389263.0	10.09424430641822	9.956809420202223
4401338.0	19.99983436853002	6.239186919475093
4413413.0	16.104596273291925	7.919334518332364
4425488.0	19.62625258799172	5.303438472098004
4437563.0	17.97399585921325	8.030573050515683
4449638.0	20.0	0.0
4461713.0	19.6463768115942	5.396225964355561
4473788.0	18.451097308488613	6.503396150526525
4485863.0	19.998592132505177	6.220449811646523
4497938.0	19.99983436853002	6.236531658073515
4510013.0	19.999917184265012	6.239439110535393
4522088.0	16.381946169772256	8.29598421148854
4534163.0	19.9975983436853	6.203385170827277
4546238.0	19.93151138716356	6.016244400568397
4558313.0	19.180372670807454	4.488217839954073
4570388.0	17.2824016563147	7.245525498647618
4582463.0	19.999917184265012	6.239691291402829
4594538.0	17.412919254658384	7.075598870688046
4606613.0	16.790890269151138	8.782204857164805
4618688.0	19.99966873706004	6.238669232201679
4630763.0	18.717018633540373	6.697448604161366
4642838.0	20.0	6.2423452088140845
4651302.0	19.881310529569337	5.905377237861324
4657339.5	10.927582387150373	10.564082252663564
4666988.0	14.784016563146999	9.288965826633468
4679063.0	18.62600414078675	6.7636343397911185
4691138.0	18.605217391304347	6.133693391177721
4703213.0	16.074451345755694	7.404447211596338
4715288.0	15.910062111801242	9.109188135537263
4722679.5	16.32237813884786	7.8224150524364875
4728717.0	15.632539767268069	9.267417217614742
4739438.0	19.999751552795033	6.241827783484173
4751513.0	19.704844720496894	5.448125401766622
4763588.0	18.441904761904762	6.4262402030268
4775663.0	19.130600414078675	4.441391981453477
4787738.0	16.699710144927536	8.451522949482623
4799813.0	17.48016563146998	7.605283115239035
4811888.0	20.0	6.2423452088140845
4819084.5	19.73037100949094	5.48143781166722
4825049.5	5.861111111111111	7.336042513982452
