#Position (bp)	Coverage	Std
6038.0	19.442815734989647	5.072844114696237
18113.0	8.579958592132504	10.139388786753573
30188.0	18.6592132505176	6.818984581639532
42263.0	16.605383022774326	8.568080781690465
54338.0	19.996770186335404	6.213822833240305
66413.0	20.0	0.0
78488.0	20.0	0.0
90563.0	20.0	0.0
102638.0	14.619627329192546	9.326428975374885
114713.0	19.986418219461697	6.16823493012459
126788.0	17.445465838509318	7.564168557266087
138863.0	19.617225672877847	5.347478653562869
150938.0	20.0	0.0
163013.0	20.0	0.0
175088.0	19.883809523809525	5.817991656500882
187163.0	16.354451345755695	8.235599138356715
199238.0	19.999917184265012	6.242093135165042
211313.0	20.0	0.0
223388.0	18.668322981366458	6.835057601978218
235463.0	20.0	0.0
247538.0	16.62111801242236	8.589463428385828
259613.0	20.0	0.0
271688.0	20.0	0.0
283763.0	19.944430641821945	6.051251089779106
295838.0	18.449192546583852	6.49990603531381
307913.0	17.92712215320911	7.883074092183656
319988.0	20.167204968944098	3.5730646356131226
332063.0	19.931262939958593	6.03393440378945
344138.0	20.0	0.0
356213.0	20.0	0.0
368288.0	18.446790890269153	6.471514265951202
380363.0	19.89913043478261	6.220283391119612
392438.0	20.0	0.0
404513.0	16.487784679089028	8.430104783848577
416588.0	20.0	0.0
428663.0	19.980041407867496	6.182363213758337
440738.0	20.0	0.0
452813.0	19.961573498964803	6.124146959653798
464888.0	20.0	0.0
476963.0	19.928612836438923	6.02495156892298
489038.0	20.0	0.0
501113.0	20.0	0.0
513188.0	18.666666666666668	6.832270280387409
525263.0	18.448695652173914	6.498975870904616
537338.0	20.0	0.0
549413.0	19.989151138716355	6.167718001142313
561488.0	20.0	0.0
573563.0	15.045217391304348	8.39755460806568
585638.0	18.68016563146998	6.85717650095266
597713.0	20.0	0.0
609788.0	16.415734989648033	8.347821773635875
621863.0	19.291262939958592	4.633222364877566
633938.0	18.652587991718427	6.807364177075991
646013.0	20.0	0.0
658088.0	17.697474120082816	7.614478961496475
670163.0	20.0	0.0
682238.0	20.0	0.0
694313.0	16.21639751552795	8.09893789524626
706388.0	20.0	0.0
718463.0	20.0	0.0
730538.0	20.0	0.0
742613.0	20.0	0.0
754688.0	17.483229813664597	7.613733913092765
766763.0	19.90368530020704	5.908557852862333
778838.0	19.730683229813664	5.520456967912673
790913.0	18.589399585921324	6.971073031696806
802988.0	19.73672877846791	5.372285293556393
815063.0	17.06343685300207	6.726074844642675
827138.0	17.935900621118012	7.946638806626444
839213.0	19.62766045548654	5.348903256327286
851288.0	19.128033126293996	4.376031082285215
863363.0	17.061946169772256	6.938881360432781
875438.0	20.0	0.0
887513.0	19.644554865424432	5.374204163722733
899588.0	20.0	0.0
911663.0	15.153623188405797	8.68269738931695
923738.0	20.0	0.0
935813.0	19.269482401656315	4.352520033477382
947888.0	19.979544513457558	6.180835940166563
959963.0	19.854906832298138	5.839091508790824
972038.0	20.0	0.0
984113.0	20.0	0.0
996188.0	20.0	0.0
1008263.0	18.493581780538303	6.670847550299546
1020338.0	16.797432712215322	8.835909230264074
1032413.0	20.0	0.0
1044488.0	19.99966873706004	6.239186919475093
1056563.0	20.0	0.0
1068638.0	14.290434782608695	8.815425028125475
1080713.0	8.51055900621118	9.326606567348696
1092788.0	19.955031055900623	6.110277124848189
1104863.0	17.47743271221532	7.60987154474609
1116938.0	20.0	0.0
1129013.0	19.17175983436853	3.782995625244776
1141088.0	17.816149068322982	8.121260088461066
1153163.0	18.547412008281572	6.750998699218731
1165238.0	20.0	0.0
1177313.0	18.652587991718427	6.808531975430204
1189388.0	20.0	0.0
1201463.0	19.973084886128365	6.128526787059851
1213538.0	15.992546583850931	9.669764621028113
1225613.0	14.546252587991718	9.661183566670427
1237688.0	16.490600414078674	8.316074882375421
1249763.0	18.665010351966874	6.82984559783522
1261838.0	20.0	0.0
1273913.0	16.682898550724637	8.734292615594237
1285988.0	19.645631469979296	5.388616173472587
1298063.0	20.0	0.0
1310138.0	9.777225672877847	10.640035336730499
1322213.0	10.53664596273292	10.458554702234306
1334288.0	19.99743271221532	6.221514797604488
1346363.0	19.586583850931678	5.165012090642222
1358438.0	20.0	0.0
1370513.0	20.0	0.0
1382588.0	18.450848861283642	6.50156216297331
1394663.0	19.850517598343686	5.776657533273784
1406738.0	19.46824016563147	5.033765903559943
1418813.0	18.521490683229814	6.492531144517202
1430888.0	19.926128364389236	6.016781225431068
1442963.0	20.0	0.0
1455038.0	19.99734989648033	6.219670925235472
1467113.0	20.0	0.0
1479188.0	20.0	0.0
1491263.0	20.0	0.0
1503338.0	16.382360248447206	8.301627468968983
1515413.0	20.0	0.0
1527488.0	20.0	0.0
1539563.0	18.660869565217393	6.82214151911497
1551638.0	19.89134575569358	5.827108776002948
1563713.0	20.0	0.0
1575788.0	19.97184265010352	6.121401211735028
1587863.0	18.66351966873706	6.832464217819564
1599938.0	19.919503105590064	5.9963619059943705
1612013.0	20.00231884057971	0.3120757990421705
1624088.0	13.937060041407868	10.086561175946322
1636163.0	19.667412008281573	5.419105837177771
1648238.0	20.0	0.0
1660313.0	8.879006211180124	9.868023520379234
1672388.0	17.203146997929608	7.161358234290081
1684463.0	20.0	0.0
1696538.0	17.669565217391305	7.856713709341774
1708613.0	19.951884057971014	6.066825925605101
1720688.0	19.471635610766047	5.206104077785718
1732763.0	15.808695652173913	9.359420802804793
1744838.0	20.0	0.0
1756913.0	20.0	0.0
1768988.0	19.845383022774328	5.795350460198394
1781063.0	17.662111801242236	7.845479768314431
1793138.0	20.0	0.0
1805213.0	17.554451345755695	7.705280381380914
1817288.0	16.11801242236025	7.808192332084554
1829363.0	17.347412008281573	7.258007643164903
1841438.0	14.099213250517598	8.992124458515502
1853513.0	19.701946169772256	5.511350982112565
1865588.0	19.622360248447205	5.358725784082026
1877663.0	19.944927536231884	6.074540427708707
1889738.0	19.63055900621118	5.34156714312508
1901813.0	18.771014492753622	6.910777132834637
1913888.0	20.0	0.0
1925963.0	16.67345755693582	8.57939174609245
1938038.0	19.965217391304346	6.108250538221331
1950113.0	20.0	0.0
1962188.0	20.0	0.0
1974263.0	13.95734989648033	10.236062584102974
1986338.0	19.99031055900621	6.216654316452631
1998413.0	16.41192546583851	8.348893134011657
2010488.0	20.0	0.0
2022563.0	19.575155279503104	5.26950679507618
2034638.0	18.292753623188407	6.03965501599349
2046713.0	18.891925465838508	7.154028531086698
2058788.0	20.0	0.0
2070863.0	19.999917184265012	6.244739400994683
2082938.0	19.83751552795031	5.7676975825477115
2095013.0	19.999917184265012	6.242093135165042
2107088.0	20.0	0.0
2119163.0	19.865921325051758	5.826270198904426
2131238.0	16.910973084886127	8.99307301865389
2143313.0	19.692670807453418	5.6095673965834125
2155388.0	20.0	0.0
2167463.0	20.0	0.0
2179538.0	19.999917184265012	6.244739400994683
2191613.0	20.0	0.0
2203688.0	20.0	0.0
2215763.0	20.0	0.0
2227838.0	19.97134575569358	6.100422549258625
2239913.0	16.273706004140788	7.988609904029472
2251988.0	18.574575569358178	6.748458914638754
2264063.0	19.053416149068322	4.328584752864716
2276138.0	20.0	0.0
2288213.0	18.916770186335405	7.278261116924041
2300288.0	14.572670807453417	9.415000585493592
2312363.0	19.65648033126294	5.424879424483676
2324438.0	19.623768115942028	5.347873554301285
2336513.0	19.66873706004141	5.421076879565673
2348588.0	20.0	0.0
2360663.0	16.60703933747412	8.570303583868471
2372738.0	17.671221532091096	7.858505434270278
2384813.0	18.86824016563147	7.210895827394846
2396888.0	19.582111801242235	5.407241521290245
2408963.0	17.67287784679089	7.861560963749469
2421038.0	20.0	0.0
2433113.0	20.0	0.0
2445188.0	15.157515527950311	8.264268669759156
2457263.0	18.400828157349896	6.535268230827353
2469338.0	17.67792960662526	7.8677789858239064
2481413.0	20.0	6.2423452088140845
2493488.0	20.0	0.0
2505563.0	20.0	0.0
2517638.0	19.865258799171844	5.837722690500133
2529713.0	20.0	0.0
2541788.0	20.0	0.0
2553863.0	10.298053830227744	10.188419521179156
2565938.0	14.50608695652174	9.488260153755355
2578013.0	19.99718426501035	6.218339269549509
2590088.0	19.65383022774327	5.4235358577986865
2602163.0	18.157846790890268	5.602927362643204
2614238.0	19.916438923395447	5.938511709599616
2626313.0	20.0	0.0
2638388.0	18.2887784679089	6.031779194271553
2650463.0	18.681242236024843	6.83240361296336
2662538.0	16.40198757763975	8.325341094983802
2674613.0	20.0	0.0
2686688.0	18.50633540372671	6.49380019663285
2698763.0	16.758260869565216	8.818501161360658
2710838.0	19.89175983436853	5.875900882428517
2722913.0	20.0	0.0
2734988.0	20.0	0.0
2747063.0	17.668819875776396	7.845495602078687
2759138.0	20.000082815734988	0.05827044820980982
2771213.0	19.15743271221532	3.94186532969262
2783288.0	19.503105590062113	4.897331000828616
2795363.0	19.523892339544513	4.943289154040606
2807438.0	20.0	0.0
2819513.0	20.0	0.0
2831588.0	16.382277432712215	8.301243390116095
2843663.0	20.0	0.0
2855738.0	20.0	0.0
2867813.0	20.0	0.0
2879888.0	19.5735817805383	5.395819254240329
2891963.0	17.07784679089027	6.761589238257167
2904038.0	20.0	0.0
2916113.0	19.995776397515527	6.20765572885877
2928188.0	20.0	0.0
2940263.0	19.820372670807455	5.807298898532295
2952338.0	18.578053830227745	6.630901996232781
2964413.0	17.291097308488613	7.447844881221762
2976488.0	18.634865424430643	6.686880328675001
2988563.0	17.750476190476192	7.648299178985021
3000638.0	20.0	0.0
3012713.0	20.0	0.0
3024788.0	19.945424430641822	6.075494680333943
3036863.0	20.0	0.0
3048938.0	16.500207039337475	8.445366990396835
3061013.0	19.045548654244307	3.775852227167774
3073088.0	20.0	0.0
3085163.0	19.587577639751554	5.3012362322445234
3097238.0	18.449192546583852	6.500148111069355
3109313.0	19.942857142857143	6.016092979766922
3121388.0	17.438592132505175	7.551704454335556
3133463.0	17.66111801242236	7.841129550606824
3145538.0	16.606128364389235	8.56707549918265
3157613.0	18.604306418219462	6.6649542314131685
3169688.0	20.0	0.0
3181763.0	20.0	0.0
3193838.0	17.582857142857144	7.658259861050607
3205913.0	18.406128364389232	6.0915989395027905
3217988.0	19.963312629399585	6.13203920094325
3230063.0	19.690683229813665	5.464494847078493
3242138.0	18.36993788819876	6.224449221894418
3254213.0	18.909316770186336	7.268070219838063
3266288.0	19.738302277432712	5.692718097488593
3278363.0	15.160828157349897	8.523571020409145
3290438.0	17.690931677018632	7.8979568603081
3302513.0	19.946335403726707	6.078213478401932
3314588.0	19.273706004140788	4.668337470792017
3326663.0	19.858053830227743	5.7987861941144
3338738.0	18.394120082815736	6.213476304346795
3350813.0	18.648447204968946	6.801534353748232
3362888.0	20.0	0.0
3374963.0	19.99983436853002	6.2418543191598825
3387038.0	19.99809523809524	6.224695357857818
3399113.0	20.0	0.0
3411188.0	20.0	0.0
3423263.0	17.312629399585923	7.200615340624986
3435338.0	19.66542443064182	5.441722112026071
3447413.0	19.339130434782607	4.807731867969105
3459488.0	19.926459627329194	5.983337802843823
3471563.0	19.99983436853002	6.2418543191598825
3483638.0	16.38592132505176	8.303457834437504
3495713.0	20.0	0.0
3507788.0	20.0	0.0
3519863.0	20.0	0.0
3531938.0	20.0	0.0
3544013.0	17.315942028985507	7.208317027471117
3556088.0	18.395859213250517	6.325661693389337
3568163.0	19.999503105590062	6.243446253313344
3580238.0	15.959668737060042	9.39621526379871
3592313.0	20.0	0.0
3604388.0	19.95958592132505	6.117855616954071
3616463.0	19.626583850931677	5.367458115836473
3628538.0	16.1407867494824	7.842761165017801
3640613.0	20.0	0.0
3652688.0	10.382608695652173	10.24531403263605
3664763.0	14.727453416149068	9.648583071078525
3676838.0	16.549896480331263	8.107885382948057
3688913.0	20.0	0.0
3700988.0	19.92513457556936	6.013862522793833
3713063.0	18.44952380952381	6.500683193909517
3725138.0	19.96712215320911	6.14412139717887
3737213.0	20.0	0.0
3749288.0	19.891097308488614	5.917612410927462
3761363.0	19.92530020703934	6.0143720210387235
3773438.0	19.625093167701863	5.250148376095146
3785513.0	20.0	0.0
3797588.0	19.999089026915115	6.2323539714015554
3809663.0	20.0	0.0
3821738.0	18.62086956521739	6.711986743546849
3833813.0	15.24472049689441	8.632669422980335
3845888.0	20.0	0.0
3857963.0	20.0	0.0
3870038.0	20.0	0.0
3882113.0	20.0	0.0
3894188.0	20.0	0.0
3906263.0	17.36207039337474	7.330212021597567
3918338.0	20.0	0.0
3930413.0	20.0	0.0
3942488.0	18.67743271221532	6.848916735914269
3954563.0	16.52215320910973	8.472539982048595
3966638.0	19.996935817805383	6.214116034902962
3978713.0	18.675776397515527	6.8461350569055615
3990788.0	20.0	0.0
4002863.0	16.061283643892338	7.907016565878997
4014938.0	18.08198757763975	5.428091947877907
4027013.0	17.6	7.3264997334119455
4039088.0	19.966045548654243	6.140541717795894
4051163.0	20.0	0.0
4063238.0	18.67329192546584	6.841960417910092
4075313.0	19.745258799171843	5.4826283159190705
4087388.0	20.0	0.0
4099463.0	14.255072463768116	9.167726270397916
4111538.0	20.000082815734988	0.05827044820980982
4123613.0	20.0	0.0
4135688.0	14.546832298136646	9.603109399820848
4147763.0	19.851345755693583	5.803318819156001
4159838.0	20.00016563146998	0.08439285046188283
4171913.0	15.46583850931677	9.106505762638541
4183988.0	15.4351966873706	9.0766006350961
4196063.0	18.44927536231884	6.5000398151352625
4208138.0	16.600414078674948	8.564890536164507
4220213.0	10.38376811594203	10.210804978172751
4232288.0	15.983933747412008	9.559225866765711
4244363.0	19.118840579710145	4.4728303321414105
4256438.0	20.0	0.0
4268513.0	19.980207039337476	6.132099975010167
4280588.0	18.305341614906833	6.048985678878006
4292663.0	19.540124223602483	4.99005221596051
4304738.0	20.0	0.0
4316813.0	20.0	0.0
4328888.0	18.653416149068324	6.809930636908362
4340963.0	19.717018633540373	5.512703191750059
4353038.0	17.671221532091096	7.858189277203501
4365113.0	18.133333333333333	6.00110410821195
4377188.0	20.0	0.0
4389263.0	10.516770186335403	10.375053692894065
4401338.0	20.0	0.0
4413413.0	16.507660455486544	8.301432937744892
4425488.0	19.655486542443064	5.423138831212854
4437563.0	17.614741200828156	7.451880138484763
4449638.0	20.0	0.0
4461713.0	20.0	0.0
4473788.0	18.554037267080744	6.664637372306749
4485863.0	19.999006211180124	6.227309120477925
4497938.0	20.0	0.0
4510013.0	20.0	0.0
4522088.0	16.381946169772256	8.300525065085202
4534163.0	20.0	0.0
4546238.0	20.0	0.0
4558313.0	19.302691511387163	4.870284256289363
4570388.0	17.39527950310559	7.411249912045819
4582463.0	20.0	0.0
4594538.0	19.9272049689441	6.016512818987026
4606613.0	17.26824016563147	7.297357643108125
4618688.0	19.680579710144926	5.506254678064766
4630763.0	20.0	0.0
4642838.0	20.0	0.0
4651302.0	19.899443643107357	5.9645045258273806
4657339.5	14.26751592356688	9.330228875370414
4666988.0	17.84679089026915	7.9887343037803875
4679063.0	20.0	0.0
4691138.0	20.0	0.0
4703213.0	18.493333333333332	6.142699213146318
4715288.0	17.78385093167702	7.619279240785726
4722679.5	17.581979320531758	7.009173141254024
4728717.0	15.259955161738016	8.665121963113718
4739438.0	20.0	0.0
4751513.0	19.35585921325052	4.514370887893193
4763588.0	18.313291925465837	6.080842537242097
4775663.0	18.56935817805383	6.364849122157262
4787738.0	17.349068322981367	7.525938582847658
4799813.0	17.551966873706004	7.700420789233726
4811888.0	19.264596273291925	4.346341361399682
4819084.5	17.74676445211389	6.8698300036865065
4825049.5	15.68976279650437	9.257045095230502
