#Position (bp)	Coverage	Std
6038.0	19.342939958592133	4.860258408895789
18113.0	8.641242236024844	10.23465877133339
30188.0	18.4496066252588	6.497663220665759
42263.0	16.374327122153208	8.292379699254283
54338.0	20.0	0.0
66413.0	20.0	0.0
78488.0	20.0	0.0
90563.0	20.0	0.0
102638.0	14.376811594202898	9.084065634241364
114713.0	19.947412008281574	6.043321862224021
126788.0	17.25391304347826	7.306629339041132
138863.0	20.0	0.0
150938.0	19.998012422360247	6.219644294915867
163013.0	20.0	0.0
175088.0	19.89581780538302	5.8371623044177845
187163.0	15.786832298136646	9.229285462316545
199238.0	20.0	0.0
211313.0	20.000662525879918	0.16631432736408636
223388.0	18.495238095238093	6.575631026406904
235463.0	20.0	0.0
247538.0	16.404140786749483	8.330939614798826
259613.0	19.923809523809524	6.00894433393101
271688.0	20.0	0.0
283763.0	19.923809523809524	5.9887472118717655
295838.0	18.448364389233955	6.500390177809952
307913.0	17.032298136645963	6.826364673703355
319988.0	20.115942028985508	3.0596553209846724
332063.0	20.0	0.0
344138.0	19.95047619047619	6.091089102913152
356213.0	19.999917184265012	6.2423452088140845
368288.0	18.427329192546583	6.4406897512649754
380363.0	19.076356107660455	3.7566338837642883
392438.0	20.0	0.0
404513.0	16.40927536231884	8.337110531130168
416588.0	19.307743271221533	4.6820037826009795
428663.0	19.575900621118013	4.90074570740136
440738.0	20.0	6.2423452088140845
452813.0	19.996356107660457	6.213029786701074
464888.0	19.999503105590062	6.243446253313344
476963.0	20.0	0.0
489038.0	20.0	0.0
501113.0	20.0	6.2423452088140845
513188.0	18.499378881987578	6.582868788809575
525263.0	18.222939958592132	5.853342199703711
537338.0	19.999751552795033	6.241575688938278
549413.0	19.968364389233955	6.106813219827782
561488.0	20.0	0.0
573563.0	14.86351966873706	9.789541044994683
585638.0	18.081407867494825	5.5120045915236
597713.0	20.0	0.0
609788.0	16.417391304347827	8.347722566645912
621863.0	19.963561076604556	6.099852355406971
633938.0	18.203643892339546	5.908249487647048
646013.0	20.0	0.0
658088.0	18.187991718426503	5.863032942044854
670163.0	20.000082815734988	0.05827044820980982
682238.0	20.0	0.0
694313.0	16.194451345755695	8.055799191955943
706388.0	20.0	0.0
718463.0	19.40530020703934	4.936566564019349
730538.0	19.99983436853002	6.239439110535393
742613.0	20.0	0.0
754688.0	17.310890269151137	7.3825769934476275
766763.0	19.97151138716356	6.11824816941303
778838.0	19.655652173913044	5.206294963443468
790913.0	18.597432712215323	6.993987361530656
802988.0	19.648281573498966	5.021774533140426
815063.0	16.66525879917184	8.43259475157596
827138.0	17.614906832298136	7.278346455215857
839213.0	19.99494824016563	6.212736533774408
851288.0	19.064430641821946	4.021350884958757
863363.0	17.088695652173914	7.014902799301206
875438.0	20.0	0.0
887513.0	19.998509316770186	6.215435271223253
899588.0	20.0	0.0
911663.0	15.58343685300207	9.163682932431064
923738.0	20.0	0.0
935813.0	17.29639751552795	7.247594017853032
947888.0	19.874451345755695	5.813684149955613
959963.0	19.854824016563146	5.835977513696628
972038.0	20.0	0.0
984113.0	19.99569358178054	6.2
996188.0	19.968115942028984	6.14676268546193
1008263.0	18.471635610766047	6.548908211126796
1020338.0	16.11097308488613	7.883678136021342
1032413.0	20.0	0.0
1044488.0	19.998592132505177	6.233430209275871
1056563.0	19.96968944099379	6.106243622729461
1068638.0	13.907494824016563	9.684916021509185
1080713.0	9.49672877846791	9.288618115792854
1092788.0	19.88265010351967	5.940937737498028
1104863.0	17.198343685300205	7.209741512065982
1116938.0	19.991718426501034	6.184914526641685
1129013.0	18.15329192546584	5.578552540507705
1141088.0	17.499792960662525	7.54458932993373
1153163.0	18.556687370600415	6.764919865508347
1165238.0	20.0	0.0
1177313.0	18.517515527950312	6.605487398225504
1189388.0	19.638923395445136	5.392372498207102
1201463.0	19.973084886128365	6.131120763934289
1213538.0	15.894989648033127	9.546256569606415
1225613.0	14.455238095238096	9.572774541498418
1237688.0	16.427329192546583	8.361699134886415
1249763.0	18.523561076604555	6.578281600834354
1261838.0	19.63022774327122	5.375968303169891
1273913.0	16.2616149068323	8.071071466476878
1285988.0	19.344347826086956	4.584788965162133
1298063.0	19.94144927536232	6.060119780980764
1310138.0	18.115693581780537	5.56614284489468
1322213.0	18.491097308488612	6.565737025765759
1334288.0	19.889689440993788	5.911262367238247
1346363.0	19.95213250517598	6.083075663166581
1358438.0	19.68977225672878	5.382703685398566
1370513.0	20.0	0.0
1382588.0	18.4703933747412	6.530856842506079
1394663.0	19.87031055900621	5.836850167322817
1406738.0	20.0	0.0
1418813.0	18.59801242236025	6.634192126851878
1430888.0	19.852587991718426	5.778778912044112
1442963.0	20.0	0.0
1455038.0	19.804057971014494	5.636409294120581
1467113.0	20.0	0.0
1479188.0	19.999917184265012	6.242093135165042
1491263.0	19.653913043478262	5.391381820053797
1503338.0	16.381614906832297	8.30000623612228
1515413.0	19.99329192546584	6.1825373525715195
1527488.0	20.0	0.0
1539563.0	18.497722567287784	6.578464142654461
1551638.0	19.99511387163561	6.211123395186072
1563713.0	20.0	0.0
1575788.0	19.99536231884058	6.2111633954226075
1587863.0	18.476356107660454	6.5180240626404125
1599938.0	19.95130434782609	6.093495157117437
1612013.0	19.874451345755695	5.869971307169904
1624088.0	13.411180124223602	9.555005842277794
1636163.0	19.68231884057971	5.4390581939585
1648238.0	19.681159420289855	5.4297165622313805
1660313.0	9.234451345755694	9.428203142314745
1672388.0	16.859710144927536	8.891189488341725
1684463.0	19.99966873706004	6.2360137503716295
1696538.0	17.43577639751553	7.545928385340493
1708613.0	19.951718426501035	6.066989730437487
1720688.0	19.40041407867495	5.067944156264403
1732763.0	15.735652173913044	9.278622550730436
1744838.0	20.0	0.0
1756913.0	20.0	0.0
1768988.0	19.77407867494824	5.580311440806642
1781063.0	17.454989648033127	7.5297615160516775
1793138.0	20.0	0.0
1805213.0	17.43022774327122	7.519520490416731
1817288.0	15.908737060041409	9.38259257765469
1829363.0	17.029233954451346	6.797399332182816
1841438.0	13.86583850931677	10.200146144367718
1853513.0	19.71047619047619	5.527563156703482
1865588.0	19.943933747412007	6.043911091639576
1877663.0	19.946335403726707	6.075521942492347
1889738.0	20.0	0.0
1901813.0	17.652173913043477	7.498366971973086
1913888.0	19.979875776397517	6.176540134502998
1925963.0	16.170600414078674	7.781445255808919
1938038.0	19.8712215320911	5.762734570570544
1950113.0	20.0	0.0
1962188.0	19.99776397515528	6.2093898040894855
1974263.0	13.86103519668737	10.136872815429346
1986338.0	19.917929606625258	5.9899294368452365
1998413.0	16.318757763975157	8.1808188527463
2010488.0	19.723975155279504	5.625982315883473
2022563.0	20.0	0.0
2034638.0	17.923892339544512	7.885558254524994
2046713.0	18.69879917184265	6.782165139183452
2058788.0	19.99966873706004	6.241575688938278
2070863.0	20.0	0.0
2082938.0	19.857474120082816	5.821926143173161
2095013.0	19.999917184265012	6.242093135165042
2107088.0	20.0	0.0
2119163.0	19.615569358178053	5.285340482557689
2131238.0	16.817391304347826	8.889102826963079
2143313.0	19.599171842650104	5.442094956496806
2155388.0	20.0	0.0
2167463.0	20.0	0.0
2179538.0	19.945258799171842	6.074840351828764
2191613.0	20.0	0.0
2203688.0	19.99983436853002	6.239439110535393
2215763.0	20.0	0.0
2227838.0	20.0	6.2423452088140845
2239913.0	16.272546583850932	8.026338629863696
2251988.0	18.5175983436853	6.70953093614023
2264063.0	18.952380952380953	7.3280990165722635
2276138.0	19.979958592132505	6.182155580301067
2288213.0	18.854989648033126	7.1754123535211685
2300288.0	14.378053830227744	9.190282021999778
2312363.0	19.594037267080747	5.132206593021909
2324438.0	19.963643892339544	6.1306007055061045
2336513.0	19.567867494824018	5.255122710250728
2348588.0	19.998757763975156	6.228938010372235
2360663.0	16.40910973084886	8.336305888054568
2372738.0	17.462525879917184	7.586001055119989
2384813.0	18.848861283643892	7.183890420482412
2396888.0	19.58103519668737	5.408344139882717
2408963.0	17.469068322981368	7.593977127489681
2421038.0	19.99983436853002	6.244480792881887
2433113.0	19.991801242236026	6.188261110308629
2445188.0	14.827577639751553	9.528920781648882
2457263.0	18.29648033126294	6.372430265983615
2469338.0	17.46583850931677	7.570067458421475
2481413.0	20.0	0.0
2493488.0	20.0	6.2423452088140845
2505563.0	20.0	6.2423452088140845
2517638.0	19.99768115942029	6.204593236117327
2529713.0	20.0	6.2423452088140845
2541788.0	20.0	6.2423452088140845
2553863.0	10.332422360248447	10.245419114728247
2565938.0	14.48016563146998	9.461282112549572
2578013.0	19.796853002070392	5.672614099746047
2590088.0	20.0	0.0
2602163.0	18.256645962732918	5.867374792573056
2614238.0	19.926128364389236	6.016574759998426
2626313.0	20.0	0.0
2638388.0	18.414906832298136	6.347911738268974
2650463.0	18.473788819875775	6.522260020606165
2662538.0	15.98343685300207	9.443939417342028
2674613.0	20.0	0.0
2686688.0	17.838509316770185	7.815316490242101
2698763.0	16.552298136645963	8.47491487831099
2710838.0	20.00016563146998	0.08240685814387208
2722913.0	20.0	6.2423452088140845
2734988.0	20.0	0.0
2747063.0	17.472463768115944	7.6010514691622095
2759138.0	20.000082815734988	0.05827044820980982
2771213.0	19.10136645962733	4.203912207312477
2783288.0	18.785093167701863	6.424538877846463
2795363.0	19.50302277432712	4.893617764396458
2807438.0	20.0	0.0
2819513.0	20.0	0.0
2831588.0	16.23329192546584	8.123319702028628
2843663.0	19.452505175983436	5.031552617148155
2855738.0	20.000082815734988	6.242617171598681
2867813.0	19.961325051759836	6.1178285434422355
2879888.0	19.57929606625259	5.408030222758482
2891963.0	17.239006211180126	6.907834541578875
2904038.0	19.97184265010352	6.1209141524866855
2916113.0	19.999254658385095	6.23309805691869
2928188.0	20.0	0.0
2940263.0	19.44	4.839665303349727
2952338.0	18.37010351966874	6.297404901117034
2964413.0	17.193374741200827	7.315459112658996
2976488.0	18.55776397515528	6.5631444768823
2988563.0	18.012919254658385	8.313470323509657
3000638.0	20.0	0.0
3012713.0	20.0	0.0
3024788.0	19.965879917184264	6.140177565698102
3036863.0	20.0	0.0
3048938.0	16.395859213250517	8.31870351421121
3061013.0	19.003643892339543	3.87782355554637
3073088.0	20.0	0.0
3085163.0	19.80049689440994	5.6815126437705885
3097238.0	18.44894409937888	6.49631206096003
3109313.0	19.999751552795033	6.241827783484173
3121388.0	17.46178053830228	7.583129362715435
3133463.0	17.48488612836439	7.61982268314475
3145538.0	16.426832298136645	8.356319437058488
3157613.0	18.143271221532093	5.788830538736746
3169688.0	20.0	0.0
3181763.0	20.0	6.2423452088140845
3193838.0	17.389648033126296	7.399429220894747
3205913.0	18.259792960662526	5.932484178657429
3217988.0	19.961656314699795	6.12414019824023
3230063.0	19.34807453416149	4.4825680306124
3242138.0	18.358840579710144	6.233888550465699
3254213.0	18.85184265010352	7.188638378659091
3266288.0	19.67536231884058	5.583731174602492
3278363.0	14.875693581780538	9.76902613547588
3290438.0	17.519337474120082	7.706688230249157
3302513.0	19.926128364389236	6.014027770197269
3314588.0	19.75320910973085	5.612652078477451
3326663.0	19.58575569358178	5.147650170459594
3338738.0	17.480828157349897	7.155683721616651
3350813.0	18.469565217391306	6.538232835624349
3362888.0	20.0	0.0
3374963.0	20.0	6.2423452088140845
3387038.0	19.999006211180124	6.227122934502568
3399113.0	20.0	0.0
3411188.0	20.000828157349897	0.18694448418085877
3423263.0	17.047619047619047	6.834663810282545
3435338.0	20.0	0.0
3447413.0	19.465010351966875	5.056246777005576
3459488.0	19.999503105590062	6.231124706974787
3471563.0	19.999420289855074	6.237892620735476
3483638.0	16.38550724637681	8.301617493119664
3495713.0	20.0	6.2423452088140845
3507788.0	20.0	0.0
3519863.0	20.0	6.2423452088140845
3531938.0	20.0	0.0
3544013.0	17.051097308488615	6.83319749397882
3556088.0	18.44670807453416	6.492881912367596
3568163.0	19.998509316770186	6.2403416055563214
3580238.0	16.087453416149067	7.767629384348098
3592313.0	19.999917184265012	6.242093135165042
3604388.0	19.979875776397517	6.181854164486016
3616463.0	19.999917184265012	6.242093135165042
3628538.0	16.184347826086956	7.8703363725432505
3640613.0	20.0	0.0
3652688.0	10.311387163561077	10.176536972954246
3664763.0	14.88977225672878	9.814705660638475
3676838.0	16.293084886128366	7.774705495943511
3688913.0	20.001159420289856	0.21802805297499364
3700988.0	20.0	0.0
3713063.0	18.42848861283644	6.467270681061047
3725138.0	19.928115942028985	6.024607922605254
3737213.0	20.0	0.0
3749288.0	19.961159420289857	6.1202105540310345
3761363.0	19.944596273291925	6.072522371330598
3773438.0	19.895320910973084	5.89259984380873
3785513.0	20.0	0.0
3797588.0	20.000082815734988	6.242617171598681
3809663.0	19.980207039337476	6.182899009819865
3821738.0	18.452753623188407	6.461172454160439
3833813.0	15.397763975155279	8.874748414478567
3845888.0	19.955693581780537	6.123910305737032
3857963.0	19.735569358178054	5.622264230046801
3870038.0	20.0	0.0
3882113.0	20.0	6.2423452088140845
3894188.0	20.0	0.0
3906263.0	17.126293995859214	6.996544547901204
3918338.0	20.0	0.0
3930413.0	19.247950310559006	4.274204004931958
3942488.0	18.527536231884056	6.6255043950338495
3954563.0	15.453002070393374	8.87082360252776
3966638.0	19.99585921325052	6.212903156453508
3978713.0	18.496894409937887	6.577897617023346
3990788.0	20.0	0.0
4002863.0	15.96695652173913	9.572761564729129
4014938.0	17.91304347826087	7.8066542725854715
4027013.0	18.28985507246377	5.790890254346753
4039088.0	19.89929606625259	5.932791284240517
4051163.0	20.0	0.0
4063238.0	18.520910973084884	6.614370452305438
4075313.0	19.53913043478261	4.9198124827501735
4087388.0	19.993788819875775	6.183073133542996
4099463.0	17.057888198757762	6.6074993468821175
4111538.0	19.999917184265012	6.242093135165042
4123613.0	19.831635610766046	5.619442734467781
4135688.0	8.287701863354037	10.020401549088188
4147763.0	11.426583850931676	10.100083020383225
4159838.0	20.0	0.0
4171913.0	15.349068322981367	8.975028619249974
4183988.0	14.86824016563147	9.86537538413918
4196063.0	18.448612836438922	6.498714636408175
4208138.0	16.406542443064183	8.330999259047157
4220213.0	10.122070393374742	9.92521935757927
4232288.0	15.86575569358178	9.458331851223422
4244363.0	19.104761904761904	4.441149572330289
4256438.0	19.954616977225673	6.075201604404702
4268513.0	19.708737060041408	5.342047745956866
4280588.0	18.525631469979295	6.62189729681183
4292663.0	19.6231884057971	5.304492412243871
4304738.0	20.0	0.0
4316813.0	20.0	0.0
4328888.0	18.51097308488613	6.596692815923783
4340963.0	19.776977225672876	5.610482646613416
4353038.0	16.718840579710147	8.37980417506414
4365113.0	17.917184265010352	8.1644332941419
4377188.0	19.973498964803312	6.157094579799494
4389263.0	10.077267080745342	9.944554363604395
4401338.0	20.0	0.0
4413413.0	16.67478260869565	8.645261031471373
4425488.0	19.644554865424432	5.348485205725003
4437563.0	18.21391304347826	5.724836016167474
4449638.0	20.0	0.0
4461713.0	20.0	0.0
4473788.0	18.51511387163561	6.603907495028877
4485863.0	19.99743271221532	6.2234579271839365
4497938.0	20.0	0.0
4510013.0	20.0	0.0
4522088.0	16.36472049689441	8.257682288038596
4534163.0	19.99768115942029	6.212909821267728
4546238.0	20.0	0.0
4558313.0	19.170103519668736	4.480350474312343
4570388.0	17.61846790890269	7.7067097221318015
4582463.0	20.0	0.0
4594538.0	19.58120082815735	5.129059014752275
4606613.0	16.80496894409938	8.79638548015763
4618688.0	20.0	6.2423452088140845
4630763.0	19.633788819875775	5.378363216655153
4642838.0	20.0	0.0
4651302.0	19.90356480527509	5.968269004178983
4657339.5	13.505677097756854	9.77482566787977
4666988.0	15.919668737060041	9.08019481554216
4679063.0	20.0	0.0
4691138.0	20.0	0.0
4703213.0	18.123312629399585	5.726484907828353
4715288.0	16.90120082815735	8.521054182977242
4722679.5	15.608936484490398	8.795749779308572
4728717.0	15.591971815949611	9.224117227986412
4739438.0	20.0	0.0
4751513.0	19.726045548654245	5.499700725906291
4763588.0	18.4096066252588	6.353036801762984
4775663.0	19.128612836438922	4.432955820723753
4787738.0	17.25465838509317	7.397862149921012
4799813.0	17.452173913043477	7.523385212240553
4811888.0	20.0	0.0
4819084.5	19.736842105263158	5.49852909972926
4825049.5	15.506034124011652	9.03617826773164
