#Position (bp)	mapping quality
6038.0	59.99717503242292
18113.0	60.0
30188.0	59.994613423349016
42263.0	60.0
54338.0	59.95974855268716
66413.0	59.955273391395096
78488.0	60.0
90563.0	59.995527876238114
102638.0	59.96381971882753
114713.0	59.8782824860636
126788.0	59.983869573983924
138863.0	60.0
150938.0	60.0
163013.0	60.0
175088.0	59.80765618543146
187163.0	59.96177822268736
199238.0	59.99527948355894
211313.0	60.0
223388.0	60.0
235463.0	60.0
247538.0	60.0
259613.0	60.0
271688.0	59.99031043863899
283763.0	59.96412332606665
295838.0	60.0
307913.0	59.77177593883393
319988.0	59.97694567982998
332063.0	60.0
344138.0	59.91612441545041
356213.0	60.0
368288.0	60.0
380363.0	59.994882074465814
392438.0	59.92527864837377
404513.0	60.0
416588.0	60.0
428663.0	59.936025288827004
440738.0	59.99503105590062
452813.0	60.0
464888.0	59.9025879308814
476963.0	60.0
489038.0	60.0
501113.0	60.0
513188.0	60.0
525263.0	59.974097108859596
537338.0	60.0
549413.0	59.92676547515257
561488.0	59.940227384989605
573563.0	60.0
585638.0	59.96976469655047
597713.0	60.0
609788.0	60.0
621863.0	60.0
633938.0	59.999447625711184
646013.0	60.0
658088.0	59.33552631578947
670163.0	60.0
682238.0	60.0
694313.0	59.82207336856978
706388.0	59.95105412088613
718463.0	59.93025998666735
730538.0	59.990062111801244
742613.0	59.99552791327464
754688.0	60.0
766763.0	59.95750409012778
778838.0	59.963731157202766
790913.0	59.47854838422188
802988.0	58.7703859845166
815063.0	58.099222952779435
827138.0	0.0
839213.0	0.0
851288.0	0.0
863363.0	59.99425142453734
875438.0	59.99527948355894
887513.0	59.953415166232745
899588.0	60.0
911663.0	60.0
923738.0	59.9950310353252
935813.0	59.94023532341406
947888.0	59.93314763231198
959963.0	59.9395835850684
972038.0	59.99527948355894
984113.0	60.0
996188.0	59.99527645186953
1008263.0	60.0
1020338.0	60.0
1032413.0	60.0
1044488.0	59.98211031969521
1056563.0	59.995024071056264
1068638.0	57.47924080664294
1080713.0	57.98044773949702
1092788.0	59.90007888509072
1104863.0	60.0
1116938.0	0.0
1129013.0	0.0
1141088.0	0.0
1153163.0	59.994647421172125
1165238.0	60.0
1177313.0	60.0
1189388.0	60.0
1201463.0	59.94780187913235
1213538.0	59.99437494140564
1225613.0	59.993407279751096
1237688.0	59.99455211307392
1249763.0	60.0
1261838.0	60.0
1273913.0	59.85568546832841
1285988.0	59.87234096552191
1298063.0	60.0
1310138.0	60.0
1322213.0	59.997581609483674
1334288.0	59.9721706864564
1346363.0	59.99496115893344
1358438.0	60.0
1370513.0	60.0
1382588.0	59.99488323451393
1394663.0	59.9308785037229
1406738.0	60.0
1418813.0	59.74645813833026
1430888.0	59.99526151058055
1442963.0	59.93582302411197
1455038.0	59.86516966150927
1467113.0	59.93477821221518
1479188.0	59.928260869565214
1491263.0	59.99501047799621
1503338.0	60.0
1515413.0	60.0
1527488.0	59.99527948355894
1539563.0	59.93605244774034
1551638.0	59.828442814271426
1563713.0	60.0
1575788.0	59.90098886436472
1587863.0	60.0
1599938.0	60.0
1612013.0	60.0
1624088.0	60.0
1636163.0	60.0
1648238.0	60.0
1660313.0	58.29168189952089
1672388.0	59.80463858137554
1684463.0	59.99527944446515
1696538.0	60.0
1708613.0	59.91706205402174
1720688.0	59.99947619297051
1732763.0	60.0
1744838.0	60.0
1756913.0	60.0
1768988.0	59.98496572695382
1781063.0	60.0
1793138.0	60.0
1805213.0	60.0
1817288.0	59.929686035125734
1829363.0	59.90644004366131
1841438.0	60.0
1853513.0	60.0
1865588.0	60.0
1877663.0	60.0
1889738.0	60.0
1901813.0	59.83977379830349
1913888.0	59.99527958129058
1925963.0	59.879714629094536
1938038.0	59.99054792987227
1950113.0	59.91913914287491
1962188.0	59.99522329023121
1974263.0	59.9852614254658
1986338.0	60.0
1998413.0	60.0
2010488.0	59.99545993391681
2022563.0	59.995007966453535
2034638.0	60.0
2046713.0	60.0
2058788.0	60.0
2070863.0	59.90605389060332
2082938.0	59.990232051394436
2095013.0	59.9716763149395
2107088.0	60.0
2119163.0	59.93576233750906
2131238.0	60.0
2143313.0	60.0
2155388.0	60.0
2167463.0	60.0
2179538.0	59.99975086574155
2191613.0	59.93282189508604
2203688.0	59.87235948346645
2215763.0	60.0
2227838.0	59.893512029657394
2239913.0	60.0
2251988.0	60.0
2264063.0	60.0
2276138.0	59.99520401852763
2288213.0	60.0
2300288.0	59.99344673170115
2312363.0	59.985294987619056
2324438.0	59.90430105293763
2336513.0	60.0
2348588.0	59.955273391395096
2360663.0	60.0
2372738.0	60.0
2384813.0	60.0
2396888.0	59.99949188928267
2408963.0	59.994870235969145
2421038.0	60.0
2433113.0	60.0
2445188.0	59.99932168516017
2457263.0	59.98966530079414
2469338.0	59.96753154282134
2481413.0	60.0
2493488.0	59.99520187884323
2505563.0	59.91008778337584
2517638.0	60.0
2529713.0	60.0
2541788.0	59.97614837697159
2553863.0	59.494394855958376
2565938.0	59.98625476787739
2578013.0	59.978260593031685
2590088.0	60.0
2602163.0	60.0
2614238.0	60.0
2626313.0	60.0
2638388.0	60.0
2650463.0	59.970734615349876
2662538.0	60.0
2674613.0	60.0
2686688.0	60.0
2698763.0	60.0
2710838.0	59.88608828158178
2722913.0	59.99503105590062
2734988.0	60.0
2747063.0	59.94987135546715
2759138.0	59.995031097050955
2771213.0	60.0
2783288.0	59.927587897152534
2795363.0	59.94646914875022
2807438.0	60.0
2819513.0	59.936374331019174
2831588.0	59.99393341927656
2843663.0	59.98658340648966
2855738.0	59.94271981271869
2867813.0	59.99552795031056
2879888.0	59.77324668360507
2891963.0	59.99765178977648
2904038.0	59.94583043435046
2916113.0	59.96272535628347
2928188.0	60.0
2940263.0	60.0
2952338.0	59.994592231740896
2964413.0	59.99451181644433
2976488.0	59.9481618143365
2988563.0	59.8676852799874
3000638.0	60.0
3012713.0	59.99515050451769
3024788.0	60.0
3036863.0	59.99503105590062
3048938.0	59.99424907556412
3061013.0	59.94902181176127
3073088.0	59.93656847909455
3085163.0	59.97563719726257
3097238.0	60.0
3109313.0	59.995031076475875
3121388.0	60.0
3133463.0	59.90385165684199
3145538.0	59.98248333903799
3157613.0	59.87519053169551
3169688.0	59.99527948355894
3181763.0	59.92728148126626
3193838.0	59.99457003229402
3205913.0	59.99489267905864
3217988.0	59.971312991888645
3230063.0	60.0
3242138.0	59.85230028628216
3254213.0	59.99456866117498
3266288.0	59.95147103427358
3278363.0	60.0
3290438.0	59.97447713576746
3302513.0	59.932757203695864
3314588.0	59.99492192459058
3326663.0	59.882947326296836
3338738.0	60.0
3350813.0	60.0
3362888.0	59.9642212320485
3374963.0	59.996234545949
3387038.0	59.97316636851521
3399113.0	59.97316592403637
3411188.0	60.0
3423263.0	59.99444143761976
3435338.0	60.0
3447413.0	59.99538220781775
3459488.0	59.946700981714784
3471563.0	59.99105575247623
3483638.0	59.995137344686285
3495713.0	60.0
3507788.0	59.994993595974854
3519863.0	59.99494242797174
3531938.0	60.0
3544013.0	60.0
3556088.0	59.90933050290988
3568163.0	60.0
3580238.0	60.0
3592313.0	60.0
3604388.0	60.0
3616463.0	60.0
3628538.0	59.96782038891662
3640613.0	60.0
3652688.0	59.99129930394432
3664763.0	60.0
3676838.0	59.93854923641362
3688913.0	60.0
3700988.0	60.0
3713063.0	60.0
3725138.0	59.991011722212285
3737213.0	59.936248630341666
3749288.0	59.9910472629908
3761363.0	59.99530710235297
3773438.0	59.94023929183561
3785513.0	60.0
3797588.0	60.0
3809663.0	59.92154062659565
3821738.0	59.99973114906888
3833813.0	59.88595619681196
3845888.0	60.0
3857963.0	60.0
3870038.0	59.94023408317423
3882113.0	60.0
3894188.0	59.99527948355894
3906263.0	60.0
3918338.0	60.0
3930413.0	59.92154258079246
3942488.0	59.916749149187154
3954563.0	60.0
3966638.0	59.955027517692905
3978713.0	59.98952030776258
3990788.0	59.99566774123673
4002863.0	59.952395521652775
4014938.0	59.10733468764421
4027013.0	59.458046113620156
4039088.0	60.0
4051163.0	59.91632702188945
4063238.0	60.0
4075313.0	59.93949301515859
4087388.0	59.91887654802293
4099463.0	58.924254232943994
4111538.0	59.99527948355894
4123613.0	60.0
4135688.0	60.0
4147763.0	60.0
4159838.0	60.0
4171913.0	59.98719158689497
4183988.0	60.0
4196063.0	59.93689689113815
4208138.0	59.99395587790873
4220213.0	60.0
4232288.0	60.0
4244363.0	60.0
4256438.0	60.0
4268513.0	59.96171788901502
4280588.0	60.0
4292663.0	60.0
4304738.0	60.0
4316813.0	60.0
4328888.0	60.0
4340963.0	59.93596665243703
4353038.0	59.98861334231614
4365113.0	59.94194614388425
4377188.0	60.0
4389263.0	60.0
4401338.0	59.99503105590062
4413413.0	60.0
4425488.0	60.0
4437563.0	59.34284238615822
4449638.0	59.99552791327464
4461713.0	59.936248630341666
4473788.0	59.88324850231972
4485863.0	59.973166257396876
4497938.0	60.0
4510013.0	59.95771354658972
4522088.0	60.0
4534163.0	59.998505355808355
4546238.0	60.0
4558313.0	59.9767084763893
4570388.0	59.99451894090553
4582463.0	59.99527948355894
4594538.0	60.0
4606613.0	60.0
4618688.0	59.99503105590062
4630763.0	60.0
4642838.0	60.0
4651302.0	60.0
4657339.5	59.98806057686266
4666988.0	59.65810563809345
4679063.0	60.0
4691138.0	59.99503105590062
4703213.0	59.80466696323857
4715288.0	59.788787844660924
4722679.5	60.0
4728717.0	60.0
4739438.0	60.0
4751513.0	60.0
4763588.0	60.0
4775663.0	59.99506160004159
4787738.0	59.994531561047445
4799813.0	59.994302048413594
4811888.0	59.985589942773856
4819084.5	60.0
4825049.5	0.0
