#Position (bp)	Coverage	Std
6038.0	19.685300207039337	5.528963826413483
18113.0	9.387163561076605	10.129860743117264
30188.0	19.151138716356108	4.389664125957291
42263.0	17.10144927536232	7.090687328523963
54338.0	20.0	0.0
66413.0	20.0	0.0
78488.0	20.0	0.0
90563.0	20.0	0.0
102638.0	16.273291925465838	7.997411589539781
114713.0	19.98633540372671	6.168872639958872
126788.0	17.846293995859213	8.072502722640566
138863.0	20.0	0.0
150938.0	20.0	0.0
163013.0	20.0	0.0
175088.0	19.946169772256727	6.037213787051027
187163.0	16.024761904761906	7.682698154403636
199238.0	20.0	0.0
211313.0	20.0	0.0
223388.0	19.151138716356108	4.389664125957291
235463.0	20.0	0.0
247538.0	17.12215320910973	7.1196517466649185
259613.0	20.0	0.0
271688.0	20.0	0.0
283763.0	20.0	6.2423452088140845
295838.0	18.44894409937888	6.4989949852115885
307913.0	18.751304347826085	6.465208689241602
319988.0	19.820124223602484	5.811397383118233
332063.0	20.0	0.0
344138.0	20.0	0.0
356213.0	20.0	0.0
368288.0	19.171511387163562	4.436671947644372
380363.0	20.0	0.0
392438.0	20.0	0.0
404513.0	17.10144927536232	7.090687328523963
416588.0	20.0	0.0
428663.0	20.0	0.0
440738.0	20.0	0.0
452813.0	20.0	0.0
464888.0	20.0	0.0
476963.0	20.0	0.0
489038.0	20.0	0.0
501113.0	20.0	0.0
513188.0	19.17184265010352	4.436298608256089
525263.0	19.17184265010352	4.436858605558026
537338.0	20.0	0.0
549413.0	20.0	0.0
561488.0	20.0	0.0
573563.0	16.252587991718425	7.971325422130706
585638.0	19.152380952380952	4.395461615773133
597713.0	20.0	0.0
609788.0	16.8944099378882	8.895901305736698
621863.0	20.0	0.0
633938.0	19.17184265010352	4.436858605558026
646013.0	20.0	0.0
658088.0	18.862608695652174	6.909974187449727
670163.0	20.0	0.0
682238.0	20.0	0.0
694313.0	16.935817805383024	8.82080168936272
706388.0	20.0	0.0
718463.0	20.0	0.0
730538.0	20.0	0.0
742613.0	20.0	0.0
754688.0	18.34368530020704	6.11348846411181
766763.0	19.982774327122154	6.190990582227853
778838.0	20.0	0.0
790913.0	19.130434782608695	4.296707777190264
802988.0	19.70790890269151	5.369047091120235
815063.0	17.90741200828157	8.054231299257934
827138.0	19.316770186335404	4.5657016404906825
839213.0	20.00016563146998	0.08240685814387208
851288.0	19.486625258799172	5.16760093069134
863363.0	17.60165631469979	7.852232608361637
875438.0	20.0	0.0
887513.0	20.0	0.0
899588.0	20.0	0.0
911663.0	16.60455486542443	8.4019124314156
923738.0	20.0	0.0
935813.0	20.0	0.0
947888.0	20.0	0.0
959963.0	19.875776397515526	5.891067737602999
972038.0	20.0	0.0
984113.0	20.0	0.0
996188.0	20.0	0.0
1008263.0	18.526708074534163	6.518646609779394
1020338.0	17.438509316770187	7.459844191557814
1032413.0	20.0	0.0
1044488.0	20.0	0.012869789042449443
1056563.0	20.0	0.0
1068638.0	15.093167701863354	7.816630357444795
1080713.0	11.635693581780538	9.207333471099714
1092788.0	19.999917184265012	6.244739400994683
1104863.0	17.96935817805383	8.223810303054242
1116938.0	20.0	0.0
1129013.0	19.25465838509317	4.139563193967812
1141088.0	18.19296066252588	6.203518670266058
1153163.0	18.929192546583852	7.29423039816054
1165238.0	20.0	0.0
1177313.0	19.17184265010352	4.436858605558026
1189388.0	20.0	0.0
1201463.0	20.0	0.0
1213538.0	16.267494824016563	8.244503784346485
1225613.0	14.809109730848862	9.940152174831086
1237688.0	17.10144927536232	7.090687328523963
1249763.0	19.17184265010352	4.436858605558026
1261838.0	20.0	0.0
1273913.0	16.850600414078674	8.717593642938137
1285988.0	19.975569358178053	6.175420455757082
1298063.0	20.0	0.0
1310138.0	19.061863354037268	3.953466387909633
1322213.0	19.17184265010352	4.436858605558026
1334288.0	20.0	0.0
1346363.0	19.911801242236024	5.97766720184249
1358438.0	20.0	0.0
1370513.0	20.0	0.0
1382588.0	19.16935817805383	4.430975104045472
1394663.0	19.92472049689441	6.01250594538344
1406738.0	20.0	0.0
1418813.0	18.9648033126294	7.088321833707854
1430888.0	20.0	0.0
1442963.0	20.0	0.0
1455038.0	20.0	0.0
1467113.0	20.0	0.0
1479188.0	20.0	0.0
1491263.0	20.0	0.0
1503338.0	17.10144927536232	7.090336934644989
1515413.0	20.0	0.0
1527488.0	20.0	0.0
1539563.0	19.151138716356108	4.389664125957291
1551638.0	19.970848861283645	6.123565450799699
1563713.0	20.0	0.0
1575788.0	20.0	0.0
1587863.0	19.151138716356108	4.389664125957291
1599938.0	20.0	0.0
1612013.0	19.981946169772257	6.188381553571822
1624088.0	15.441821946169773	8.693278143837821
1636163.0	20.0	0.0
1648238.0	20.0	0.0
1660313.0	11.869565217391305	9.63444476240936
1672388.0	17.488612836438925	7.551068370791822
1684463.0	20.0	0.0
1696538.0	18.178053830227743	6.067119406126664
1708613.0	20.0	0.0
1720688.0	19.733333333333334	5.682525610016077
1732763.0	16.208695652173912	8.173025369182467
1744838.0	20.0	0.0
1756913.0	20.0	0.0
1768988.0	20.0	0.0
1781063.0	18.178053830227743	6.067119406126664
1793138.0	20.0	0.0
1805213.0	18.178053830227743	6.066709894506194
1817288.0	17.349896480331264	7.245045426345763
1829363.0	18.34368530020704	6.1124046563713215
1841438.0	15.260455486542442	8.642880242256489
1853513.0	20.0	0.0
1865588.0	19.949730848861282	6.060167610716663
1877663.0	20.0	0.0
1889738.0	20.0	0.0
1901813.0	19.27536231884058	4.219828968304184
1913888.0	20.0	0.0
1925963.0	17.12215320910973	7.1196517466649185
1938038.0	20.0	0.0
1950113.0	20.0	0.0
1962188.0	20.0	0.0
1974263.0	15.300207039337474	8.688751920609091
1986338.0	19.988654244306417	6.2114567226196815
1998413.0	16.393540372670806	8.325470410549533
2010488.0	20.0	0.0
2022563.0	20.0	0.0
2034638.0	19.17184265010352	4.436858605558026
2046713.0	19.461697722567287	5.048050686650207
2058788.0	20.0	0.0
2070863.0	20.0	0.0
2082938.0	19.857474120082816	5.821926143173161
2095013.0	20.0	0.0
2107088.0	20.0	0.0
2119163.0	20.0	0.0
2131238.0	17.20265010351967	7.29648373864015
2143313.0	19.919503105590064	6.037446980765021
2155388.0	20.0	0.0
2167463.0	20.0	0.0
2179538.0	20.0	0.0
2191613.0	20.0	0.0
2203688.0	20.0	0.0
2215763.0	20.0	0.0
2227838.0	19.998178053830227	6.223717408839604
2239913.0	17.10111801242236	7.0279359742367475
2251988.0	18.87784679089027	7.223495136537275
2264063.0	19.300207039337476	4.860667336541533
2276138.0	20.0	0.0
2288213.0	19.28513457556936	4.806009006159664
2300288.0	16.139296066252587	7.7546753412398335
2312363.0	20.0	0.0
2324438.0	19.97366459627329	6.139476174875454
2336513.0	19.66873706004141	5.420221321297007
2348588.0	20.0	0.0
2360663.0	17.12049689440994	7.117324967977293
2372738.0	18.178053830227743	6.066709894506194
2384813.0	19.236521739130435	4.6852219102008466
2396888.0	19.914616977225673	6.026429024794887
2408963.0	18.15734989648033	6.032692163636466
2421038.0	20.0	0.0
2433113.0	20.0	0.0
2445188.0	16.53913043478261	8.319121629059705
2457263.0	18.636853002070392	6.881968518035361
2469338.0	18.17639751552795	6.0643888063186475
2481413.0	20.0	0.0
2493488.0	20.0	0.0
2505563.0	20.0	0.0
2517638.0	20.0	0.0
2529713.0	20.0	0.0
2541788.0	20.0	0.0
2553863.0	27.649772256728777	11.404096463511184
2565938.0	20.885962732919253	7.196203277764382
2578013.0	19.984844720496895	6.197575161964458
2590088.0	20.0	0.0
2602163.0	19.17184265010352	4.436858605558026
2614238.0	20.0	0.0
2626313.0	20.0	0.0
2638388.0	19.17184265010352	4.436298608256089
2650463.0	19.173084886128365	4.439797432567848
2662538.0	17.10310559006211	7.092672566866931
2674613.0	20.0	0.0
2686688.0	19.137888198757764	4.3340531334014605
2698763.0	17.136894409937888	7.155504331353928
2710838.0	20.0	0.0
2722913.0	20.0	0.0
2734988.0	20.0	0.0
2747063.0	18.178053830227743	6.067119406126664
2759138.0	20.0	0.0
2771213.0	20.0	0.0
2783288.0	19.503105590062113	4.859815365116535
2795363.0	19.523809523809526	4.942191699961854
2807438.0	20.0	0.0
2819513.0	20.0	0.0
2831588.0	17.12049689440994	7.117324967977293
2843663.0	20.0	0.0
2855738.0	20.0	0.0
2867813.0	20.0	0.0
2879888.0	19.912049689440995	6.020675213022533
2891963.0	18.266004140786748	6.28978599536541
2904038.0	20.0	0.0
2916113.0	19.964389233954453	6.132998010457307
2928188.0	20.0	0.0
2940263.0	20.0	0.0
2952338.0	19.151138716356108	4.389664125957291
2964413.0	17.558592132505176	7.7971965020721035
2976488.0	19.316770186335404	4.752029096954507
2988563.0	18.391138716356107	6.4415190523558445
3000638.0	20.0	0.0
3012713.0	20.0	0.0
3024788.0	20.0	0.0
3036863.0	20.0	0.0
3048938.0	17.118840579710145	7.114997428376002
3061013.0	19.946169772256727	6.081618777638213
3073088.0	20.0	0.0
3085163.0	19.76944099378882	5.60810563927639
3097238.0	19.17167701863354	4.436139929501782
3109313.0	20.0	0.0
3121388.0	18.179710144927537	6.0698487775392405
3133463.0	18.16231884057971	6.0409232426168415
3145538.0	17.12215320910973	7.1196517466649185
3157613.0	19.151138716356108	4.389664125957291
3169688.0	20.0	0.0
3181763.0	20.0	0.0
3193838.0	18.17639751552795	6.0643888063186475
3205913.0	19.168530020703933	4.395226094566723
3217988.0	20.0	0.0
3230063.0	20.0	0.0
3242138.0	19.151138716356108	4.389664125957291
3254213.0	19.20927536231884	4.602483801476886
3266288.0	19.941863354037267	6.089851721992843
3278363.0	16.29399585921325	8.023412944595531
3290438.0	18.178053830227743	6.066709894506194
3302513.0	20.0	0.0
3314588.0	20.0	0.0
3326663.0	19.805217391304346	5.807705312237256
3338738.0	18.437432712215323	6.373093024567659
3350813.0	18.79262939958592	6.806244848967704
3362888.0	20.0	0.0
3374963.0	20.0	0.0
3387038.0	20.0	0.0
3399113.0	20.0	0.0
3411188.0	20.0	0.0
3423263.0	18.34368530020704	6.112811106792784
3435338.0	20.0	0.0
3447413.0	19.937888198757765	6.051668489878406
3459488.0	19.981946169772257	6.188368171102782
3471563.0	19.999917184265012	6.242093135165042
3483638.0	17.125465838509317	7.124303024281079
3495713.0	20.0	0.0
3507788.0	20.0	0.0
3519863.0	20.0	0.0
3531938.0	20.0	0.0
3544013.0	18.321325051759835	6.07632612113889
3556088.0	19.151138716356108	4.389664125957291
3568163.0	20.0	0.0
3580238.0	17.12215320910973	7.1196517466649185
3592313.0	20.0	0.0
3604388.0	20.0	0.0
3616463.0	20.0	0.0
3628538.0	17.065093167701864	6.9879517728227105
3640613.0	20.0	0.0
3652688.0	10.910973084886129	10.745503176181037
3664763.0	16.292339544513457	8.021038588699588
3676838.0	18.083312629399586	5.442414517141957
3688913.0	20.0	0.0
3700988.0	20.0	0.0
3713063.0	19.17184265010352	4.436298608256089
3725138.0	20.0	0.0
3737213.0	20.0	0.0
3749288.0	20.0	0.0
3761363.0	19.62120082815735	5.35513916980225
3773438.0	20.0	0.0
3785513.0	20.0	0.0
3797588.0	20.0	0.0
3809663.0	20.0	0.0
3821738.0	19.15047619047619	4.385889287786512
3833813.0	16.083395445134574	7.835852200631718
3845888.0	20.0	0.0
3857963.0	20.0	0.0
3870038.0	20.0	0.0
3882113.0	20.0	0.0
3894188.0	20.0	0.0
3906263.0	17.971014492753625	8.226126131947915
3918338.0	20.0	0.0
3930413.0	20.0	0.0
3942488.0	19.17184265010352	4.436858605558026
3954563.0	17.12215320910973	7.1196517466649185
3966638.0	19.99718426501035	6.2160281700761395
3978713.0	19.17184265010352	4.436858605558026
3990788.0	20.0	0.0
4002863.0	17.00505175983437	6.835899634248868
4014938.0	18.488612836438925	6.087682299233225
4027013.0	18.467908902691512	6.05137426001587
4039088.0	20.0	0.0
4051163.0	20.0	0.0
4063238.0	19.17184265010352	4.436298608256089
4075313.0	19.855072463768117	5.839644618926935
4087388.0	20.0	0.0
4099463.0	18.074534161490682	5.218711358196162
4111538.0	20.0	0.0
4123613.0	20.0	0.0
4135688.0	15.514699792960663	8.932472688062438
4147763.0	20.0	0.0
4159838.0	20.0	0.0
4171913.0	15.709316770186335	9.370607321486636
4183988.0	15.67784679089027	9.336963210143738
4196063.0	19.17184265010352	4.436298608256089
4208138.0	17.12215320910973	7.1196517466649185
4220213.0	10.910973084886129	10.745503176181037
4232288.0	16.78592132505176	8.69420691923371
4244363.0	19.487370600414078	5.231573202971918
4256438.0	20.0	0.0
4268513.0	19.86848861283644	5.8641698997246365
4280588.0	18.885465838509315	6.948804207716913
4292663.0	19.960579710144927	6.120792381618739
4304738.0	20.0	0.0
4316813.0	20.0	0.0
4328888.0	19.17184265010352	4.436298608256089
4340963.0	20.0	0.0
4353038.0	18.178053830227743	6.066709894506194
4365113.0	18.923395445134574	6.997781369789918
4377188.0	20.0	0.0
4389263.0	10.78790890269151	10.63069503930169
4401338.0	20.0	0.0
4413413.0	17.654658385093168	7.8317980082103675
4425488.0	20.0	0.0
4437563.0	19.9792132505176	6.177076435655096
4449638.0	20.0	0.0
4461713.0	20.0	0.0
4473788.0	19.151138716356108	4.389664125957291
4485863.0	20.0	0.0
4497938.0	20.0	0.0
4510013.0	20.0	0.0
4522088.0	17.099296066252588	7.064816742900416
4534163.0	20.0	0.0
4546238.0	20.0	0.0
4558313.0	19.554451345755695	5.358493963506518
4570388.0	18.00248447204969	5.888473493428986
4582463.0	20.0	0.0
4594538.0	20.0	0.0
4606613.0	17.323561076604555	7.297573265775285
4618688.0	19.85457556935818	5.900043864103356
4630763.0	20.0	0.0
4642838.0	20.0	0.0
4651302.0	19.884401401195138	5.925146097310124
4657339.5	14.862918859041816	9.948204270533077
4666988.0	18.625258799171842	6.406324514791605
4679063.0	20.0	0.0
4691138.0	20.0	0.0
4703213.0	19.399585921325052	4.784853604506947
4715288.0	18.774409937888198	6.761436136912066
4722679.5	17.59010339734121	7.024697936072243
4728717.0	16.039286858118928	7.937368259192253
4739438.0	20.0	0.0
4751513.0	20.0	0.0
4763588.0	19.151138716356108	4.389664125957291
4775663.0	19.50393374741201	5.263924647210616
4787738.0	17.59751552795031	7.847326825249311
4799813.0	17.822277432712216	7.87353982650662
4811888.0	19.633954451345755	5.38201129213366
4819084.5	19.698015530629853	5.391569810506985
4825049.5	16.036620890553476	7.864330256736187
