#Position (bp)	Coverage	Std
6038.0	19.442815734989647	5.072844114696237
18113.0	8.579958592132504	10.139388786753573
30188.0	18.6592132505176	6.818984581639532
42263.0	16.60455486542443	8.567259165370526
54338.0	19.996770186335404	6.213596258843095
66413.0	20.0	0.0
78488.0	20.0	0.0
90563.0	20.0	0.0
102638.0	14.56935817805383	9.245440933445533
114713.0	19.987743271221532	6.170449849545467
126788.0	17.44927536231884	7.570483162976521
138863.0	19.617225672877847	5.347478653562869
150938.0	20.0	0.0
163013.0	20.0	0.0
175088.0	19.883809523809525	5.817991656500882
187163.0	16.354451345755695	8.235599138356715
199238.0	19.999917184265012	6.242093135165042
211313.0	20.0	0.0
223388.0	18.668322981366458	6.835057601978218
235463.0	20.0	0.0
247538.0	16.617805383022773	8.585027170101862
259613.0	20.0	0.0
271688.0	20.0	0.0
283763.0	19.92273291925466	5.98651348326388
295838.0	18.448861283643893	6.49937088849142
307913.0	17.43354037267081	7.310974761745093
319988.0	20.18616977225673	3.7792941380890968
332063.0	19.92910973084886	6.026559573243683
344138.0	20.0	0.0
356213.0	20.0	0.0
368288.0	18.446211180124223	6.471712615853289
380363.0	19.18095238095238	4.327436663260844
392438.0	20.0	0.0
404513.0	16.49192546583851	8.43506434824336
416588.0	20.0	0.0
428663.0	19.960828157349898	6.121976162360091
440738.0	20.0	0.0
452813.0	20.0	0.0
464888.0	20.0	0.0
476963.0	19.92910973084886	6.025899931072211
489038.0	20.0	0.0
501113.0	20.0	0.0
513188.0	18.667494824016565	6.833664083294745
525263.0	18.448695652173914	6.498975870904616
537338.0	20.0	0.0
549413.0	19.989151138716355	6.167718001142313
561488.0	20.0	0.0
573563.0	15.028654244306418	8.374841551605185
585638.0	18.660869565217393	6.823270376699167
597713.0	19.692753623188405	5.498179634757874
609788.0	16.062111801242235	7.74356073904342
621863.0	19.291262939958592	4.633222364877566
633938.0	18.652587991718427	6.807364177075991
646013.0	20.0	0.0
658088.0	17.443561076604556	7.228870115515834
670163.0	20.0	0.0
682238.0	20.000082815734988	0.05827044820980982
694313.0	16.21648033126294	8.099045262343623
706388.0	20.0	0.0
718463.0	20.0	0.0
730538.0	20.0	0.0
742613.0	20.0	0.0
754688.0	17.485714285714284	7.617485605928096
766763.0	19.923809523809524	5.9667262335530165
778838.0	19.730683229813664	5.519841867690272
790913.0	18.57424430641822	6.926194764301932
802988.0	19.14616977225673	3.968206983848835
815063.0	17.167784679089028	6.9083800044376735
827138.0	17.302360248447204	7.108452962471421
839213.0	19.624347826086957	5.3430165718399705
851288.0	19.128033126293996	4.376031082285215
863363.0	17.061946169772256	6.938881360432781
875438.0	20.0	0.0
887513.0	19.644554865424432	5.374204163722733
899588.0	20.0	0.0
911663.0	15.153623188405797	8.68269738931695
923738.0	20.0	0.0
935813.0	19.27784679089027	4.373409205017772
947888.0	19.979875776397517	6.181867561056533
959963.0	19.855155279503105	5.839963697099227
972038.0	20.0	0.0
984113.0	20.0	0.0
996188.0	20.0	0.0
1008263.0	18.008281573498966	5.668992337275012
1020338.0	16.797432712215322	8.835909230264074
1032413.0	20.0	0.0
1044488.0	19.99966873706004	6.239186919475093
1056563.0	20.0	0.0
1068638.0	14.295734989648032	8.76208186876545
1080713.0	8.693581780538302	9.477413489957444
1092788.0	19.955031055900623	6.110277124848189
1104863.0	17.47743271221532	7.60987154474609
1116938.0	20.0	0.0
1129013.0	19.17175983436853	3.782995625244776
1141088.0	17.816149068322982	8.121260088461066
1153163.0	18.547412008281572	6.750998699218731
1165238.0	20.0	0.0
1177313.0	18.652587991718427	6.808531975430204
1189388.0	20.0	0.0
1201463.0	19.973084886128365	6.128526787059851
1213538.0	15.992546583850931	9.669764621028113
1225613.0	14.546252587991718	9.661183566670427
1237688.0	16.490600414078674	8.316074882375421
1249763.0	18.665010351966874	6.82984559783522
1261838.0	20.0	0.0
1273913.0	16.682898550724637	8.734292615594237
1285988.0	19.645631469979296	5.388616173472587
1298063.0	20.0	0.0
1310138.0	9.777225672877847	10.640035336730499
1322213.0	10.53664596273292	10.458554702234306
1334288.0	19.99743271221532	6.221514797604488
1346363.0	19.58418219461698	5.195044620870587
1358438.0	20.0	0.0
1370513.0	20.0	0.0
1382588.0	18.45134575569358	6.503001377449791
1394663.0	19.829565217391306	5.709307355204349
1406738.0	19.997846790890268	6.214475854400556
1418813.0	18.531345755693582	6.508246083296584
1430888.0	19.926128364389236	6.016781225431068
1442963.0	20.0	0.0
1455038.0	19.99734989648033	6.219670925235472
1467113.0	20.0	0.0
1479188.0	20.0	0.0
1491263.0	20.0	0.0
1503338.0	16.382360248447206	8.301627468968983
1515413.0	20.0	0.0
1527488.0	20.0	0.0
1539563.0	18.660869565217393	6.82214151911497
1551638.0	19.89134575569358	5.827108776002948
1563713.0	20.0	0.0
1575788.0	19.97184265010352	6.121401211735028
1587863.0	18.673871635610766	6.84658866863751
1599938.0	19.94360248447205	6.067590310321971
1612013.0	19.92695652173913	6.019409599409716
1624088.0	13.950310559006212	10.10165720369037
1636163.0	19.667412008281573	5.419105837177771
1648238.0	20.0	0.0
1660313.0	8.879006211180124	9.868023520379234
1672388.0	17.099627329192547	7.026722138847041
1684463.0	20.0	0.0
1696538.0	17.669565217391305	7.856713709341774
1708613.0	19.951884057971014	6.066825925605101
1720688.0	19.471635610766047	5.206104077785718
1732763.0	15.808695652173913	9.359420802804793
1744838.0	20.0	0.0
1756913.0	20.0	0.0
1768988.0	19.845383022774328	5.795350460198394
1781063.0	17.677846790890268	7.86851050434171
1793138.0	20.0	0.0
1805213.0	17.539544513457557	7.685909777621049
1817288.0	16.06343685300207	7.656410459086714
1829363.0	17.339130434782607	7.244873964242856
1841438.0	14.10086956521739	8.9942240494991
1853513.0	19.708902691511387	5.524453450009791
1865588.0	19.632463768115944	5.379594911131089
1877663.0	19.944927536231884	6.074540427708707
1889738.0	19.634037267080746	5.379972061161843
1901813.0	18.865424430641824	6.983185958311891
1913888.0	20.0	0.0
1925963.0	16.681076604554864	8.586425803239328
1938038.0	19.965217391304346	6.108250538221331
1950113.0	20.0	0.0
1962188.0	20.0	0.0
1974263.0	13.953706004140786	10.231538947487541
1986338.0	19.96654244306418	6.142550909599255
1998413.0	16.395693581780538	8.331774595420995
2010488.0	20.0	0.0
2022563.0	19.791304347826088	5.65566097244139
2034638.0	18.32455486542443	6.097679699899566
2046713.0	18.891925465838508	7.154028531086698
2058788.0	20.0	0.0
2070863.0	19.999917184265012	6.244739400994683
2082938.0	19.83751552795031	5.7676975825477115
2095013.0	19.999917184265012	6.242093135165042
2107088.0	20.0	0.0
2119163.0	19.824513457556936	5.702689060950099
2131238.0	16.910973084886127	8.99307301865389
2143313.0	19.6968115942029	5.618049881591447
2155388.0	20.0	0.0
2167463.0	20.0	0.0
2179538.0	19.999917184265012	6.244739400994683
2191613.0	20.0	0.0
2203688.0	20.0	0.0
2215763.0	20.0	0.0
2227838.0	18.19329192546584	6.029149344803641
2239913.0	16.22757763975155	7.8984601586541405
2251988.0	18.567950310559006	6.728918463267349
2264063.0	19.053416149068322	4.328584752864716
2276138.0	20.0	0.0
2288213.0	18.916770186335405	7.278261116924041
2300288.0	14.592546583850933	9.439246732763563
2312363.0	19.28455486542443	4.392200880131575
2324438.0	19.184347826086956	3.9930581585492746
2336513.0	19.66873706004141	5.420465780296223
2348588.0	20.0	0.0
2360663.0	16.6111801242236	8.575858068724482
2372738.0	17.671221532091096	7.858505434270278
2384813.0	18.86824016563147	7.210895827394846
2396888.0	19.582111801242235	5.407241521290245
2408963.0	17.662939958592133	7.84701021779493
2421038.0	20.0	0.0
2433113.0	20.0	0.0
2445188.0	15.126045548654245	8.230106827076618
2457263.0	18.400828157349896	6.535268230827353
2469338.0	17.677101449275362	7.866568410096275
2481413.0	20.0	6.2423452088140845
2493488.0	20.0	0.0
2505563.0	20.0	0.0
2517638.0	19.88496894409938	5.9032783817277235
2529713.0	20.0	0.0
2541788.0	20.0	0.0
2553863.0	10.300207039337474	10.191889764770108
2565938.0	14.505258799171843	9.487435299986428
2578013.0	19.996273291925466	6.215981539631148
2590088.0	19.999917184265012	6.244739400994683
2602163.0	18.14376811594203	5.5739560015527925
2614238.0	19.916438923395447	5.938511709599616
2626313.0	20.0	0.0
2638388.0	18.2887784679089	6.031779194271553
2650463.0	18.681242236024843	6.83240361296336
2662538.0	16.40198757763975	8.325341094983802
2674613.0	20.0	0.0
2686688.0	18.50633540372671	6.49380019663285
2698763.0	16.758260869565216	8.818501161360658
2710838.0	19.89175983436853	5.875900882428517
2722913.0	20.0	0.0
2734988.0	20.0	0.0
2747063.0	17.662194616977224	7.835778218521442
2759138.0	20.000082815734988	0.05827044820980982
2771213.0	19.13714285714286	3.870641207091827
2783288.0	19.523809523809526	4.942275483673661
2795363.0	19.164223602484473	3.8155940250471048
2807438.0	20.0	0.0
2819513.0	20.0	0.0
2831588.0	16.381946169772256	8.300525065085202
2843663.0	20.0	0.0
2855738.0	20.0	0.0
2867813.0	20.0	0.0
2879888.0	19.56712215320911	5.382957540614452
2891963.0	17.07784679089027	6.761589238257167
2904038.0	20.0	0.0
2916113.0	19.995776397515527	6.20765572885877
2928188.0	20.0	0.0
2940263.0	19.820372670807455	5.807298898532295
2952338.0	18.578053830227745	6.630901996232781
2964413.0	17.291097308488613	7.447844881221762
2976488.0	18.634451345755693	6.684012630502764
2988563.0	17.752298136645962	7.660887190566368
3000638.0	20.0	0.0
3012713.0	20.0	0.0
3024788.0	19.965962732919255	6.140224771817981
3036863.0	20.0	0.0
3048938.0	16.514451345755692	8.46256890452114
3061013.0	19.032049689440992	3.781758548951436
3073088.0	20.0	0.0
3085163.0	19.573498964803314	5.270606802470906
3097238.0	18.4487784679089	6.4991096698728805
3109313.0	19.942525879917184	6.017902897148068
3121388.0	17.445217391304347	7.560910699142933
3133463.0	17.66111801242236	7.841129550606824
3145538.0	16.606128364389235	8.56707549918265
3157613.0	18.604306418219462	6.6649542314131685
3169688.0	20.0	0.0
3181763.0	20.0	0.0
3193838.0	17.582857142857144	7.658259861050607
3205913.0	18.406128364389232	6.0915989395027905
3217988.0	19.963312629399585	6.13203920094325
3230063.0	19.690683229813665	5.464494847078493
3242138.0	18.36993788819876	6.224449221894418
3254213.0	18.909316770186336	7.268070219838063
3266288.0	19.365631469979295	4.716518700720301
3278363.0	15.140538302277433	8.49785748177376
3290438.0	17.690931677018632	7.8979568603081
3302513.0	19.946335403726707	6.078213478401932
3314588.0	19.283643892339544	4.6927546462362875
3326663.0	19.89672877846791	5.919837164119418
3338738.0	18.65424430641822	6.8127878783173825
3350813.0	18.648447204968946	6.801534353748232
3362888.0	20.0	0.0
3374963.0	19.99983436853002	6.2418543191598825
3387038.0	19.99809523809524	6.224695357857818
3399113.0	20.0	0.0
3411188.0	20.0	0.0
3423263.0	17.320082815734988	7.212509262044137
3435338.0	19.70103519668737	5.5147684273642374
3447413.0	19.917184265010352	5.994566207538552
3459488.0	19.926459627329194	5.983337802843823
3471563.0	19.99983436853002	6.2418543191598825
3483638.0	16.38592132505176	8.303457834437504
3495713.0	20.0	0.0
3507788.0	20.0	0.0
3519863.0	20.0	0.0
3531938.0	20.0	0.0
3544013.0	17.319254658385095	7.213599992009572
3556088.0	18.04207039337474	5.480014507846782
3568163.0	19.999503105590062	6.243446253313344
3580238.0	15.958840579710145	9.395483695458983
3592313.0	20.0	0.0
3604388.0	19.979875776397517	6.181854164486016
3616463.0	19.603395445134577	5.326724684007356
3628538.0	16.620289855072464	8.588354578644852
3640613.0	20.0	0.0
3652688.0	10.382608695652173	10.24531403263605
3664763.0	14.727453416149068	9.648583071078525
3676838.0	16.530020703933747	8.079870445633361
3688913.0	20.0	0.0
3700988.0	19.92513457556936	6.013903835070373
3713063.0	18.44968944099379	6.5008360666315355
3725138.0	19.9672049689441	6.144411185774903
3737213.0	20.0	0.0
3749288.0	19.860372670807454	5.832109306657697
3761363.0	19.926128364389236	6.016822517667421
3773438.0	19.919668737060043	5.961484384467729
3785513.0	20.0	0.0
3797588.0	19.999337474120082	6.233423566402179
3809663.0	20.0	0.0
3821738.0	18.618136645962732	6.705234196616102
3833813.0	15.606790890269151	9.138524465119406
3845888.0	20.0	0.0
3857963.0	20.0	0.0
3870038.0	20.0	0.0
3882113.0	20.0	0.0
3894188.0	20.0	0.0
3906263.0	17.36207039337474	7.330212021597567
3918338.0	20.0	0.0
3930413.0	20.0	0.0
3942488.0	18.660041407867496	6.819652517209842
3954563.0	16.74774327122153	9.120545368895817
3966638.0	19.996935817805383	6.214102707854781
3978713.0	18.67494824016563	6.84474379347713
3990788.0	20.0	0.0
4002863.0	16.061283643892338	7.907016565878997
4014938.0	18.213664596273293	5.635410081874278
4027013.0	17.931262939958593	7.845405876992037
4039088.0	19.965797101449276	6.137337787173821
4051163.0	20.0	0.0
4063238.0	18.66583850931677	6.829421189882774
4075313.0	19.745258799171843	5.4826283159190705
4087388.0	20.0	0.0
4099463.0	14.255072463768116	9.167726270397916
4111538.0	20.000082815734988	0.05827044820980982
4123613.0	20.0	0.0
4135688.0	14.546832298136646	9.603109399820848
4147763.0	19.851345755693583	5.803318819156001
4159838.0	20.00016563146998	0.08439285046188283
4171913.0	15.46583850931677	9.106505762638541
4183988.0	15.4351966873706	9.0766006350961
4196063.0	18.44927536231884	6.5000398151352625
4208138.0	16.600414078674948	8.564890536164507
4220213.0	10.38376811594203	10.210804978172751
4232288.0	15.983933747412008	9.559225866765711
4244363.0	19.118840579710145	4.4728303321414105
4256438.0	20.0	0.0
4268513.0	19.980207039337476	6.132099975010167
4280588.0	18.305341614906833	6.048985678878006
4292663.0	19.50592132505176	4.848820052406678
4304738.0	19.655155279503106	5.315853861557213
4316813.0	20.0	0.0
4328888.0	18.660041407867496	6.821109604154158
4340963.0	19.717018633540373	5.512703191750059
4353038.0	17.671221532091096	7.858189277203501
4365113.0	18.144099378881986	6.021699889999283
4377188.0	20.0	0.0
4389263.0	10.483064182194617	10.341301943175104
4401338.0	20.0	0.0
4413413.0	17.156107660455486	7.173478875123468
4425488.0	19.65490683229814	5.420106727345669
4437563.0	18.075693581780538	5.332613823101709
4449638.0	20.0	0.0
4461713.0	20.0	0.0
4473788.0	18.66583850931677	6.831967242128398
4485863.0	19.999006211180124	6.227309120477925
4497938.0	20.0	0.0
4510013.0	20.0	0.0
4522088.0	16.381946169772256	8.300525065085202
4534163.0	20.0	0.0
4546238.0	20.0	0.0
4558313.0	19.302691511387163	4.870284256289363
4570388.0	17.429316770186336	7.455546658926952
4582463.0	20.0	0.0
4594538.0	20.000662525879918	0.16481371628774416
4606613.0	17.260786749482403	7.285602240034792
4618688.0	19.680579710144926	5.506254678064766
4630763.0	20.0	0.0
4642838.0	20.0	0.0
4651302.0	19.899443643107357	5.9645045258273806
4657339.5	14.264746607587925	9.327408743225302
4666988.0	18.35031055900621	6.122314343388018
4679063.0	20.0	0.0
4691138.0	20.0	0.0
4703213.0	18.493333333333332	6.142699213146318
4715288.0	17.782525879917184	7.617279039039605
4722679.5	17.583456425406204	7.01159621884982
4728717.0	15.700864737909683	9.341423717765789
4739438.0	20.0	0.0
4751513.0	19.709813664596272	5.490613107671733
4763588.0	18.305093167701862	6.063801566756103
4775663.0	18.874948240165633	7.01322028736955
4787738.0	17.349068322981367	7.525938582847658
4799813.0	17.55031055900621	7.698377124561179
4811888.0	20.0	0.0
4819084.5	19.54702329594478	4.980635495557077
4825049.5	15.68976279650437	9.257045095230502
