#Position (bp)	Coverage	Std
6038.0	19.685797101449275	5.529368231857803
18113.0	9.406211180124224	10.149503552403361
30188.0	19.151138716356108	4.389664125957291
42263.0	17.10144927536232	7.091388064341779
54338.0	20.0	0.0
66413.0	20.0	0.0
78488.0	20.0	0.0
90563.0	20.0	0.0
102638.0	15.903933747412008	9.210107868886322
114713.0	19.986666666666668	6.168792090775412
126788.0	17.78815734989648	7.950202153764034
138863.0	20.0	0.0
150938.0	20.0	0.0
163013.0	20.0	0.0
175088.0	20.0	0.0
187163.0	16.02360248447205	7.682040576045423
199238.0	20.0	0.0
211313.0	20.0	0.0
223388.0	19.151138716356108	4.389664125957291
235463.0	20.0	0.0
247538.0	17.12215320910973	7.1196517466649185
259613.0	20.0	0.0
271688.0	20.0	0.0
283763.0	20.0	0.0
295838.0	18.44927536231884	6.500167221929253
307913.0	18.777308488612835	6.499230723708769
319988.0	19.83552795031056	5.839091508790824
332063.0	20.0	0.0
344138.0	20.0	0.0
356213.0	20.0	0.0
368288.0	19.19254658385093	4.483002173612326
380363.0	20.0	0.0
392438.0	20.0	0.0
404513.0	17.10144927536232	7.091388064341779
416588.0	20.0	0.0
428663.0	20.0	0.0
440738.0	20.0	0.0
452813.0	19.62095238095238	5.355069578104045
464888.0	20.0	0.0
476963.0	20.0	0.0
489038.0	20.0	0.0
501113.0	20.0	0.0
513188.0	19.151138716356108	4.389664125957291
525263.0	19.151138716356108	4.389664125957291
537338.0	20.0	0.0
549413.0	20.0	0.0
561488.0	20.0	0.0
573563.0	16.231884057971016	7.947029602505932
585638.0	19.152049689440993	4.393916366431736
597713.0	20.0	0.0
609788.0	16.8944099378882	8.89645985376243
621863.0	20.0	0.0
633938.0	19.17184265010352	4.437978388175528
646013.0	20.0	0.0
658088.0	18.86128364389234	6.908751613807202
670163.0	20.0	0.0
682238.0	17.42517598343685	7.535192793471351
694313.0	16.935817805383024	8.821533976453447
706388.0	20.0	0.0
718463.0	19.73416149068323	5.572685530026178
730538.0	20.0	0.0
742613.0	20.0	0.0
754688.0	18.322981366459626	6.081366850826148
766763.0	19.94310559006211	6.068825407106896
778838.0	20.0	0.0
790913.0	19.17184265010352	4.437978388175528
802988.0	19.751552795031056	5.5116289634034485
815063.0	17.925797101449277	8.122075839465486
827138.0	19.337474120082817	4.651899142443867
839213.0	19.99983436853002	6.2418543191598825
851288.0	19.51552795031056	5.284651003792404
863363.0	17.606542443064182	7.856566137313381
875438.0	20.0	0.0
887513.0	19.98120082815735	6.186072649429247
899588.0	20.0	0.0
911663.0	16.625258799171842	8.426813165380112
923738.0	20.0	0.0
935813.0	20.0	0.0
947888.0	20.0	0.0
959963.0	19.855072463768117	5.839644618926935
972038.0	20.0	0.0
984113.0	20.0	0.0
996188.0	20.0	0.0
1008263.0	18.862111801242236	7.202196582346668
1020338.0	17.431884057971015	7.451291104931736
1032413.0	20.0	0.0
1044488.0	20.0	0.0
1056563.0	20.0	0.0
1068638.0	15.175983436853002	7.876452838478128
1080713.0	10.910973084886129	9.70039806231104
1092788.0	20.0	0.0
1104863.0	17.58592132505176	7.566817612343243
1116938.0	20.0	0.0
1129013.0	19.17184265010352	3.782108912509916
1141088.0	18.191304347826087	6.201248788949131
1153163.0	18.910144927536233	7.268582952449947
1165238.0	20.0	0.0
1177313.0	19.17184265010352	4.437978388175528
1189388.0	20.0	0.0
1201463.0	20.0	0.0
1213538.0	16.28654244306418	8.268025668030123
1225613.0	14.810766045548654	9.9420682202897
1237688.0	17.102277432712214	7.091680017163671
1249763.0	19.151138716356108	4.389664125957291
1261838.0	20.0	0.0
1273913.0	17.130600414078675	7.162757371829779
1285988.0	19.970848861283645	6.163009939257534
1298063.0	20.0	0.0
1310138.0	19.003395445134576	3.738546345635952
1322213.0	19.151138716356108	4.389664125957291
1334288.0	20.0	0.0
1346363.0	20.0	0.0
1358438.0	20.0	0.0
1370513.0	20.0	0.0
1382588.0	19.17184265010352	4.437978388175528
1394663.0	19.92488612836439	6.013139512009537
1406738.0	20.0	0.0
1418813.0	19.006211180124225	3.771803419479426
1430888.0	20.0	6.2423452088140845
1442963.0	20.0	0.0
1455038.0	19.982608695652175	6.190535753814417
1467113.0	20.0	0.0
1479188.0	20.0	0.0
1491263.0	19.99966873706004	6.241575688938278
1503338.0	17.111387163561076	7.10538826828374
1515413.0	20.0	0.0
1527488.0	20.0	0.0
1539563.0	19.17184265010352	4.437978388175528
1551638.0	20.0	0.0
1563713.0	20.0	0.0
1575788.0	20.0	0.0
1587863.0	19.17184265010352	4.437978388175528
1599938.0	20.0	0.0
1612013.0	19.981946169772257	6.188421700805297
1624088.0	15.455072463768117	8.71078910265254
1636163.0	20.0	0.0
1648238.0	19.660538302277434	5.378062948367612
1660313.0	12.113457556935817	8.987785592406643
1672388.0	17.472463768115944	7.53259308552722
1684463.0	20.0	0.0
1696538.0	18.178053830227743	6.067938346456522
1708613.0	20.0	0.0
1720688.0	19.726708074534162	5.671292716533378
1732763.0	16.215320910973084	8.181431280979082
1744838.0	20.0	0.0
1756913.0	20.0	0.0
1768988.0	20.0	0.0
1781063.0	18.178053830227743	6.067938346456522
1793138.0	20.0	0.0
1805213.0	18.178053830227743	6.067938346456522
1817288.0	17.349896480331264	7.246759824246321
1829363.0	18.322981366459626	6.079868692054902
1841438.0	15.300207039337474	8.689609701832778
1853513.0	20.0	0.0
1865588.0	20.0	0.0
1877663.0	19.995031055900622	6.193678738415468
1889738.0	20.0	0.0
1901813.0	19.27536231884058	4.242494285673837
1913888.0	20.0	0.0
1925963.0	17.12215320910973	7.1196517466649185
1938038.0	20.0	0.0
1950113.0	20.0	0.0
1962188.0	20.0	0.0
1974263.0	15.300207039337474	8.689609701832778
1986338.0	19.991718426501034	6.220349959864672
1998413.0	16.3903933747412	8.319708945378908
2010488.0	20.0	0.0
2022563.0	20.0	0.0
2034638.0	19.17184265010352	4.437978388175528
2046713.0	19.461697722567287	5.049034919981082
2058788.0	20.0	0.0
2070863.0	20.0	0.0
2082938.0	19.83751552795031	5.767898598649806
2095013.0	20.0	0.0
2107088.0	20.0	0.0
2119163.0	19.917184265010352	5.999620415874288
2131238.0	17.16687370600414	7.276980922453739
2143313.0	0.0	0.0
2155388.0	0.0	0.0
2167463.0	0.0	0.0
2179538.0	0.0	0.0
2191613.0	0.0	0.0
2203688.0	0.0	0.0
2215763.0	0.0	0.0
2227838.0	0.0	0.0
2239913.0	12.993788819875776	10.70070913460584
2251988.0	18.869565217391305	7.211676751872545
2264063.0	19.287784679089025	4.835813599354496
2276138.0	20.0	0.0
2288213.0	19.279089026915113	4.790691457157428
2300288.0	16.186749482401655	7.81697997844672
2312363.0	19.671635610766046	5.42320754943268
2324438.0	19.998674948240165	6.230659516650091
2336513.0	19.546997929606626	5.216719418435616
2348588.0	20.0	6.2423452088140845
2360663.0	17.12207039337474	7.119424919199882
2372738.0	18.178053830227743	6.067938346456522
2384813.0	19.227246376811593	4.6745334462338155
2396888.0	19.903188405797103	6.00135250456578
2408963.0	18.15734989648033	6.032692163636466
2421038.0	20.0	0.0
2433113.0	20.0	0.0
2445188.0	16.250931677018635	7.839803943971888
2457263.0	18.64256728778468	6.887213224820384
2469338.0	18.178053830227743	6.067938346456522
2481413.0	20.0	0.0
2493488.0	20.0	0.0
2505563.0	20.0	0.0
2517638.0	20.0	0.0
2529713.0	20.0	0.0
2541788.0	20.0	0.0
2553863.0	19.966459627329193	6.107864122652594
2565938.0	20.0	0.0
2578013.0	19.974658385093168	6.135671082068301
2590088.0	20.0	0.0
2602163.0	19.17184265010352	4.437978388175528
2614238.0	20.0	0.0
2626313.0	20.0	0.0
2638388.0	19.151138716356108	4.389664125957291
2650463.0	19.149979296066252	4.3582909256910165
2662538.0	17.10144927536232	7.091388064341779
2674613.0	20.0	0.0
2686688.0	19.13101449275362	4.307035988497332
2698763.0	17.121573498964803	7.141874880701438
2710838.0	20.0	0.0
2722913.0	20.0	0.0
2734988.0	20.0	0.0
2747063.0	18.15734989648033	6.032692163636466
2759138.0	20.0	0.0
2771213.0	20.0	0.0
2783288.0	19.544265010351968	4.980300738422789
2795363.0	19.523809523809526	4.942945702242835
2807438.0	20.0	0.0
2819513.0	20.0	0.0
2831588.0	17.10144927536232	7.091388064341779
2843663.0	20.0	0.0
2855738.0	20.0	0.0
2867813.0	20.0	0.0
2879888.0	19.89855072463768	5.991298037480113
2891963.0	18.279503105590063	6.318561830233559
2904038.0	20.0	0.0
2916113.0	20.0	0.0
2928188.0	20.0	0.0
2940263.0	20.0	0.0
2952338.0	19.17184265010352	4.437978388175528
2964413.0	17.556935817805382	7.79539068565707
2976488.0	19.316770186335404	4.752029096954507
2988563.0	18.359585921325053	6.376743459075106
3000638.0	20.0	0.0
3012713.0	20.0	0.0
3024788.0	20.0	0.0
3036863.0	20.0	0.0
3048938.0	17.142857142857142	7.149541385920184
3061013.0	19.96728778467909	6.14417531237115
3073088.0	20.0	0.0
3085163.0	19.874202898550724	5.830142280100134
3097238.0	19.17184265010352	4.437978388175528
3109313.0	20.0	0.0
3121388.0	18.178053830227743	6.067938346456522
3133463.0	18.178053830227743	6.067938346456522
3145538.0	17.12215320910973	7.1196517466649185
3157613.0	19.098136645962732	4.112688038078106
3169688.0	20.0	0.0
3181763.0	20.0	0.0
3193838.0	18.178053830227743	6.067938346456522
3205913.0	18.780455486542444	6.7294353557367135
3217988.0	20.0	0.0
3230063.0	19.476604554865425	5.039183936035758
3242138.0	19.151138716356108	4.389664125957291
3254213.0	19.226915113871634	4.638483367471589
3266288.0	19.94343685300207	6.087947567946204
3278363.0	16.273291925465838	7.997411589539781
3290438.0	18.178053830227743	6.067938346456522
3302513.0	20.0	0.0
3314588.0	19.75320910973085	5.612297942800059
3326663.0	20.0	0.0
3338738.0	19.151138716356108	4.389664125957291
3350813.0	19.17184265010352	4.437978388175528
3362888.0	20.0	0.0
3374963.0	20.0	0.0
3387038.0	20.0	0.0
3399113.0	20.0	0.0
3411188.0	20.0	0.0
3423263.0	18.34368530020704	6.114842953651881
3435338.0	20.0	0.0
3447413.0	19.917184265010352	5.994510946748134
3459488.0	19.685383022774328	5.477255814998961
3471563.0	19.999917184265012	6.242093135165042
3483638.0	17.125465838509317	7.124303024281079
3495713.0	20.0	0.0
3507788.0	20.0	0.0
3519863.0	20.0	0.0
3531938.0	20.0	0.0
3544013.0	18.322981366459626	6.079868692054902
3556088.0	19.17184265010352	4.437978388175528
3568163.0	20.0	0.0
3580238.0	17.12215320910973	7.1196517466649185
3592313.0	20.0	0.0
3604388.0	20.0	0.0
3616463.0	20.0	0.0
3628538.0	17.10144927536232	7.091388064341779
3640613.0	20.0	0.0
3652688.0	10.910973084886129	10.745503176181037
3664763.0	16.29399585921325	8.022483932499023
3676838.0	17.418881987577638	6.8599355941661475
3688913.0	20.0	0.0
3700988.0	20.0	0.0
3713063.0	19.151138716356108	4.389664125957291
3725138.0	20.0	0.0
3737213.0	19.999917184265012	6.242093135165042
3749288.0	19.961159420289857	6.122936547676591
3761363.0	20.0	0.0
3773438.0	20.0	0.0
3785513.0	20.0	0.0
3797588.0	20.0	0.0
3809663.0	20.0	0.0
3821738.0	19.17184265010352	4.437978388175528
3833813.0	16.128364389233955	7.98834554812655
3845888.0	20.0	0.0
3857963.0	20.0	0.0
3870038.0	20.0	0.0
3882113.0	19.999917184265012	6.242093135165042
3894188.0	20.0	0.0
3906263.0	17.971014492753625	8.226730154011076
3918338.0	20.0	0.0
3930413.0	20.0	0.0
3942488.0	19.17184265010352	4.437978388175528
3954563.0	16.497308488612838	8.2754494852059
3966638.0	20.0	0.0
3978713.0	19.17184265010352	4.437978388175528
3990788.0	20.0	0.0
4002863.0	17.005962732919254	6.85409007269657
4014938.0	18.488612836438925	6.088988125913495
4027013.0	18.426501035196686	5.974549195984421
4039088.0	20.0	0.0
4051163.0	20.0	0.0
4063238.0	19.17184265010352	4.437978388175528
4075313.0	19.875776397515526	5.891320773433281
4087388.0	20.0	0.0
4099463.0	18.03312629399586	5.116934900340938
4111538.0	20.0	0.0
4123613.0	20.0	0.0
4135688.0	15.483229813664597	8.899461448799864
4147763.0	20.0	0.0
4159838.0	20.0	0.0
4171913.0	15.145341614906833	8.74849883603227
4183988.0	15.667080745341615	9.325825137367397
4196063.0	19.17184265010352	4.437978388175528
4208138.0	17.10144927536232	7.091388064341779
4220213.0	10.890269151138716	10.726797387599758
4232288.0	16.796687370600413	8.707579811277775
4244363.0	19.476604554865425	5.2116687042855885
4256438.0	20.0	0.0
4268513.0	19.931097308488614	6.034332415591916
4280588.0	18.920662525879916	6.993099230884835
4292663.0	20.001325051759835	0.2341452894318942
4304738.0	20.0	0.0
4316813.0	20.0	0.0
4328888.0	19.145093167701862	4.377828573936437
4340963.0	20.0	0.0
4353038.0	18.178053830227743	6.065890788326197
4365113.0	18.902691511387165	6.969023445553837
4377188.0	20.0	0.0
4389263.0	10.7879917184265	10.63073009535321
4401338.0	20.0	0.0
4413413.0	17.697225672877845	7.887348676909037
4425488.0	20.0	0.0
4437563.0	19.958592132505174	6.117652562694845
4449638.0	20.0	0.0
4461713.0	20.0	0.0
4473788.0	19.130434782608695	4.343672964671321
4485863.0	20.0	0.0
4497938.0	20.0	0.0
4510013.0	20.0	0.0
4522088.0	16.38169772256729	8.301178543881063
4534163.0	20.0	0.0
4546238.0	19.68952380952381	5.463600614706262
4558313.0	19.561904761904763	5.371691769244409
4570388.0	17.995031055900622	8.337721411973734
4582463.0	20.0	0.0
4594538.0	20.0	0.0
4606613.0	17.556935817805382	7.706978365608036
4618688.0	20.0	0.0
4630763.0	20.0	0.0
4642838.0	20.0	0.0
4651302.0	19.885637749845458	5.928379465134576
4657339.5	0.0	0.0
4666988.0	0.0	0.0
4679063.0	0.0	0.0
4691138.0	0.0	0.0
4703213.0	0.0	0.0
4715288.0	0.0	0.0
4722679.5	0.0	0.0
4728717.0	16.038219280452655	7.93676298518711
4739438.0	20.0	0.0
4751513.0	19.652173913043477	5.420801893419633
4763588.0	19.151138716356108	4.389664125957291
4775663.0	19.500621118012422	5.257155234479986
4787738.0	17.600828157349895	7.851230600751056
4799813.0	18.15734989648033	6.032692163636466
4811888.0	20.0	0.0
4819084.5	19.75409836065574	5.544237344378612
4825049.5	13.175717852684144	9.412115115352792
