#Position (bp)	mapping quality
6038.0	59.988809706107546
18113.0	59.85032576157774
30188.0	59.96972972972973
42263.0	59.98426150121065
54338.0	60.0
66413.0	60.0
78488.0	60.0
90563.0	60.0
102638.0	59.91043532597376
114713.0	59.94629960346235
126788.0	59.965082498417075
138863.0	60.0
150938.0	60.0
163013.0	60.0
175088.0	60.0
187163.0	60.0
199238.0	60.0
211313.0	60.0
223388.0	59.968648648648646
235463.0	60.0
247538.0	59.9322853688029
259613.0	60.0
271688.0	60.0
283763.0	60.0
295838.0	60.0
307913.0	59.29787065133018
319988.0	59.92463071052214
332063.0	60.0
344138.0	60.0
356213.0	60.0
368288.0	59.919093851132686
380363.0	60.0
392438.0	60.0
404513.0	59.97215496368039
416588.0	60.0
428663.0	60.0
440738.0	60.0
452813.0	60.0
464888.0	60.0
476963.0	60.0
489038.0	60.0
501113.0	60.0
513188.0	59.97081081081081
525263.0	59.97405405405405
537338.0	60.0
549413.0	60.0
561488.0	60.0
573563.0	59.95663265306123
585638.0	59.974055288180885
597713.0	60.0
609788.0	59.981617647058826
621863.0	60.0
633938.0	59.943844492440604
646013.0	60.0
658088.0	59.36663007683864
670163.0	60.0
682238.0	60.0
694313.0	59.73716381418093
706388.0	60.0
718463.0	59.97691888035587
730538.0	60.0
742613.0	60.0
754688.0	59.911864406779664
766763.0	60.0
778838.0	60.0
790913.0	59.47300215982721
802988.0	58.9895178197065
815063.0	59.93994104983045
827138.0	59.140256959314776
839213.0	59.99552791327464
851288.0	59.97559940589858
863363.0	59.93936942318638
875438.0	60.0
887513.0	60.0
899588.0	60.0
911663.0	59.8692403486924
923738.0	60.0
935813.0	60.0
947888.0	60.0
959963.0	59.96871741397289
972038.0	60.0
984113.0	60.0
996188.0	60.0
1008263.0	59.99451176677204
1020338.0	59.933488526770866
1032413.0	60.0
1044488.0	60.0
1056563.0	60.0
1068638.0	57.45156889495225
1080713.0	56.53247817836812
1092788.0	59.995221532091094
1104863.0	59.97292206263245
1116938.0	60.0
1129013.0	58.645788336933045
1141088.0	59.98292816170445
1153163.0	60.0
1165238.0	60.0
1177313.0	59.943844492440604
1189388.0	60.0
1201463.0	60.0
1213538.0	59.94025221193939
1225613.0	59.98881681950347
1237688.0	59.96247155101448
1249763.0	59.96756756756757
1261838.0	60.0
1273913.0	59.97220234757218
1285988.0	60.0
1298063.0	60.0
1310138.0	59.9673154192778
1322213.0	59.96972972972973
1334288.0	60.0
1346363.0	60.0
1358438.0	60.0
1370513.0	60.0
1382588.0	59.953563714902806
1394663.0	60.0
1406738.0	60.0
1418813.0	59.727668845315904
1430888.0	59.99503105590062
1442963.0	60.0
1455038.0	60.0
1467113.0	60.0
1479188.0	60.0
1491263.0	59.995527876238114
1503338.0	59.95886167844352
1515413.0	60.0
1527488.0	60.0
1539563.0	59.94816414686825
1551638.0	60.0
1563713.0	60.0
1575788.0	60.0
1587863.0	59.93952483801296
1599938.0	60.0
1612013.0	60.0
1624088.0	59.79235880398671
1636163.0	60.0
1648238.0	59.9555183002599
1660313.0	56.456450399945304
1672388.0	59.44693809839795
1684463.0	60.0
1696538.0	59.94077448747153
1708613.0	60.0
1720688.0	59.988455079764904
1732763.0	59.939989785495406
1744838.0	60.0
1756913.0	60.0
1768988.0	60.0
1781063.0	59.9498861047836
1793138.0	60.0
1805213.0	59.95102505694761
1817288.0	59.889021479713605
1829363.0	59.91525423728814
1841438.0	59.868741542625166
1853513.0	60.0
1865588.0	60.0
1877663.0	59.940357852882705
1889738.0	60.0
1901813.0	58.95596133190118
1913888.0	60.0
1925963.0	59.955259975816205
1938038.0	60.0
1950113.0	60.0
1962188.0	60.0
1974263.0	59.84709066305819
1986338.0	60.0
1998413.0	60.0
2010488.0	60.0
2022563.0	60.0
2034638.0	59.94168466522678
2046713.0	59.83297872340425
2058788.0	60.0
2070863.0	60.0
2082938.0	60.0
2095013.0	60.0
2107088.0	60.0
2119163.0	59.95010395010395
2131238.0	59.96623088426842
2143313.0	0.0
2155388.0	0.0
2167463.0	0.0
2179538.0	0.0
2191613.0	0.0
2203688.0	0.0
2215763.0	0.0
2227838.0	0.0
2239913.0	59.94741873804971
2251988.0	59.97147245995172
2264063.0	60.0
2276138.0	60.0
2288213.0	59.98316115036835
2300288.0	59.82819574838198
2312363.0	59.97170943229419
2324438.0	59.984098325354886
2336513.0	60.0
2348588.0	59.99503105590062
2360663.0	59.92623906282497
2372738.0	59.94305239179955
2384813.0	60.0
2396888.0	60.0
2408963.0	59.968072976054735
2421038.0	60.0
2433113.0	60.0
2445188.0	59.834378025786066
2457263.0	59.961618593659075
2469338.0	59.95785876993166
2481413.0	60.0
2493488.0	60.0
2505563.0	60.0
2517638.0	60.0
2529713.0	60.0
2541788.0	60.0
2553863.0	59.94574752690848
2565938.0	60.0
2578013.0	59.944277220826386
2590088.0	60.0
2602163.0	59.95464362850972
2614238.0	60.0
2626313.0	60.0
2638388.0	59.96756756756757
2650463.0	59.94135861198083
2662538.0	59.9636803874092
2674613.0	60.0
2686688.0	59.97402676109382
2698763.0	59.96009538412425
2710838.0	60.0
2722913.0	60.0
2734988.0	60.0
2747063.0	59.97263397947548
2759138.0	60.0
2771213.0	60.0
2783288.0	59.53317203184786
2795363.0	59.59172852598091
2807438.0	60.0
2819513.0	60.0
2831588.0	59.9769975786925
2843663.0	60.0
2855738.0	60.0
2867813.0	60.0
2879888.0	60.0
2891963.0	59.946766338203645
2904038.0	60.0
2916113.0	60.0
2928188.0	60.0
2940263.0	60.0
2952338.0	59.936285097192226
2964413.0	59.96108490566038
2976488.0	59.97534833869239
2988563.0	59.946998538512894
3000638.0	60.0
3012713.0	60.0
3024788.0	60.0
3036863.0	60.0
3048938.0	59.88647342995169
3061013.0	59.885278198295346
3073088.0	60.0
3085163.0	59.92999445789458
3097238.0	59.95464362850972
3109313.0	60.0
3121388.0	59.95444191343964
3133463.0	59.945330296127565
3145538.0	59.92865779927449
3157613.0	59.93929144442999
3169688.0	60.0
3181763.0	60.0
3193838.0	59.941913439635535
3205913.0	59.85818480072671
3217988.0	60.0
3230063.0	59.97448762649885
3242138.0	59.96648648648649
3254213.0	59.95305063209356
3266288.0	59.98206106711736
3278363.0	59.895674300254456
3290438.0	59.9498861047836
3302513.0	60.0
3314588.0	59.96960422606071
3326663.0	60.0
3338738.0	59.96432432432432
3350813.0	59.943844492440604
3362888.0	60.0
3374963.0	60.0
3387038.0	60.0
3399113.0	60.0
3411188.0	60.0
3423263.0	59.89954853273138
3435338.0	60.0
3447413.0	59.92307692307692
3459488.0	60.0
3471563.0	59.99527948355894
3483638.0	59.923835775424344
3495713.0	60.0
3507788.0	60.0
3519863.0	60.0
3531938.0	60.0
3544013.0	59.909604519774014
3556088.0	59.943844492440604
3568163.0	60.0
3580238.0	59.916565900846436
3592313.0	60.0
3604388.0	60.0
3616463.0	60.0
3628538.0	59.97820823244552
3640613.0	60.0
3652688.0	59.8842504743833
3664763.0	59.84625158831004
3676838.0	59.8228998778128
3688913.0	60.0
3700988.0	60.0
3713063.0	59.97405405405405
3725138.0	60.0
3737213.0	59.99527948355894
3749288.0	60.0
3761363.0	60.0
3773438.0	60.0
3785513.0	60.0
3797588.0	60.0
3809663.0	60.0
3821738.0	59.937365010799134
3833813.0	59.9614890885751
3845888.0	60.0
3857963.0	60.0
3870038.0	60.0
3882113.0	59.99527948355894
3894188.0	60.0
3906263.0	59.95161290322581
3918338.0	60.0
3930413.0	60.0
3942488.0	59.956803455723545
3954563.0	59.88203107351723
3966638.0	60.0
3978713.0	59.956803455723545
3990788.0	60.0
4002863.0	59.91135979585774
4014938.0	59.059350503919376
4027013.0	59.13370786516854
4039088.0	60.0
4051163.0	60.0
4063238.0	59.94492440604752
4075313.0	59.942708333333336
4087388.0	60.0
4099463.0	58.58323765786452
4111538.0	60.0
4123613.0	60.0
4135688.0	59.95453572956782
4147763.0	60.0
4159838.0	60.0
4171913.0	60.0
4183988.0	60.0
4196063.0	59.9524838012959
4208138.0	59.97215496368039
4220213.0	59.97908745247148
4232288.0	59.93713637708313
4244363.0	59.99468492218726
4256438.0	60.0
4268513.0	60.0
4280588.0	59.94309900335716
4292663.0	60.0
4304738.0	60.0
4316813.0	60.0
4328888.0	59.991348620321226
4340963.0	60.0
4353038.0	59.93849658314351
4365113.0	59.90032858707558
4377188.0	60.0
4389263.0	59.92342532529843
4401338.0	60.0
4413413.0	59.86450251293906
4425488.0	60.0
4437563.0	59.86721991701245
4449638.0	60.0
4461713.0	60.0
4473788.0	60.0
4485863.0	60.0
4497938.0	60.0
4510013.0	60.0
4522088.0	60.0
4534163.0	60.0
4546238.0	59.95267317487624
4558313.0	59.972482113373694
4570388.0	59.929817294859404
4582463.0	60.0
4594538.0	60.0
4606613.0	59.91745283018868
4618688.0	60.0
4630763.0	60.0
4642838.0	60.0
4651302.0	60.0
4657339.5	0.0
4666988.0	0.0
4679063.0	0.0
4691138.0	0.0
4703213.0	0.0
4715288.0	0.0
4722679.5	0.0
4728717.0	59.96671769952739
4739438.0	60.0
4751513.0	60.0
4763588.0	59.97081081081081
4775663.0	59.99469146812758
4787738.0	59.976473909565705
4799813.0	59.973774230330676
4811888.0	60.0
4819084.5	60.0
4825049.5	59.986181846894866
