#Read position (bp)	Clipping profile
0.0	1.4133057566356428
1.0	1.4133057566356428
2.0	1.3788348845225784
3.0	1.1720096518441918
4.0	1.0685970355049983
5.0	0.8617718028266115
6.0	0.8617718028266115
7.0	0.7583591864874182
8.0	0.6549465701482248
9.0	0.44812133746983795
10.0	0.3102378490175801
11.0	0.3102378490175801
12.0	0.3102378490175801
13.0	0.3102378490175801
14.0	0.3102378490175801
15.0	0.2757669769045157
16.0	0.2757669769045157
17.0	0.2757669769045157
18.0	0.2757669769045157
19.0	0.2757669769045157
20.0	0.24129610479145122
21.0	0.24129610479145122
22.0	0.24129610479145122
23.0	0.24129610479145122
24.0	0.24129610479145122
25.0	0.24129610479145122
26.0	0.24129610479145122
27.0	0.24129610479145122
28.0	0.24129610479145122
29.0	0.24129610479145122
30.0	0.24129610479145122
31.0	0.24129610479145122
32.0	0.24129610479145122
33.0	0.24129610479145122
34.0	0.24129610479145122
35.0	0.24129610479145122
36.0	0.24129610479145122
37.0	0.24129610479145122
38.0	0.24129610479145122
39.0	0.24129610479145122
40.0	0.2068252326783868
41.0	0.2068252326783868
42.0	0.2068252326783868
43.0	0.2068252326783868
44.0	0.2068252326783868
45.0	0.1723543605653223
46.0	0.1723543605653223
47.0	0.1723543605653223
48.0	0.1723543605653223
49.0	0.1723543605653223
50.0	0.1723543605653223
51.0	0.1723543605653223
52.0	0.1723543605653223
53.0	0.1723543605653223
54.0	0.1723543605653223
55.0	0.1723543605653223
56.0	0.1723543605653223
57.0	0.1723543605653223
58.0	0.1723543605653223
59.0	0.1723543605653223
60.0	0.1723543605653223
61.0	0.1723543605653223
62.0	0.1723543605653223
63.0	0.1723543605653223
64.0	0.1723543605653223
65.0	0.13788348845225784
66.0	0.13788348845225784
67.0	0.13788348845225784
68.0	0.13788348845225784
69.0	0.13788348845225784
70.0	0.1034126163391934
71.0	0.1034126163391934
72.0	0.1034126163391934
73.0	0.1034126163391934
74.0	0.1034126163391934
75.0	0.1034126163391934
76.0	0.1034126163391934
77.0	0.1034126163391934
78.0	0.1034126163391934
79.0	0.1034126163391934
80.0	0.1034126163391934
81.0	0.1034126163391934
82.0	0.1034126163391934
83.0	0.1034126163391934
84.0	0.1034126163391934
85.0	0.1034126163391934
86.0	0.1034126163391934
87.0	0.1034126163391934
88.0	0.1034126163391934
89.0	0.1034126163391934
90.0	0.06894174422612892
91.0	0.06894174422612892
92.0	0.06894174422612892
93.0	0.06894174422612892
94.0	0.06894174422612892
95.0	0.03447087211306446
96.0	0.03447087211306446
97.0	0.03447087211306446
98.0	0.03447087211306446
99.0	0.03447087211306446
100.0	0.03447087211306446
101.0	0.03447087211306446
102.0	0.03447087211306446
103.0	0.03447087211306446
104.0	0.03447087211306446
105.0	0.03447087211306446
106.0	0.03447087211306446
107.0	0.03447087211306446
108.0	0.03447087211306446
109.0	0.03447087211306446
110.0	0.03447087211306446
111.0	0.03447087211306446
112.0	0.03447087211306446
113.0	0.03447087211306446
114.0	0.03447087211306446
115.0	0.0
116.0	0.0
117.0	0.0
118.0	0.0
119.0	0.0
120.0	0.03447087211306446
121.0	0.03447087211306446
122.0	0.03447087211306446
123.0	0.03447087211306446
124.0	0.03447087211306446
125.0	0.03447087211306446
126.0	0.03447087211306446
127.0	0.06894174422612892
128.0	0.06894174422612892
129.0	0.06894174422612892
130.0	0.1034126163391934
131.0	0.1034126163391934
132.0	0.1034126163391934
133.0	0.1034126163391934
134.0	0.1034126163391934
135.0	0.1034126163391934
136.0	0.1034126163391934
137.0	0.13788348845225784
138.0	0.13788348845225784
139.0	0.13788348845225784
140.0	0.1723543605653223
141.0	0.1723543605653223
142.0	0.1723543605653223
143.0	0.1723543605653223
144.0	0.1723543605653223
145.0	0.2068252326783868
146.0	0.2068252326783868
147.0	0.2068252326783868
148.0	0.2068252326783868
149.0	0.24129610479145122
150.0	0.24129610479145122
151.0	0.24129610479145122
152.0	0.2757669769045157
153.0	0.2757669769045157
154.0	0.2757669769045157
155.0	0.3102378490175801
156.0	0.3102378490175801
157.0	0.3102378490175801
158.0	0.3102378490175801
159.0	0.3102378490175801
160.0	0.3102378490175801
161.0	0.3102378490175801
162.0	0.3447087211306446
163.0	0.3447087211306446
164.0	0.3447087211306446
165.0	0.3791795932437091
166.0	0.3791795932437091
167.0	0.3791795932437091
168.0	0.3791795932437091
169.0	0.3791795932437091
170.0	0.4136504653567736
171.0	0.4136504653567736
172.0	0.4136504653567736
173.0	0.4136504653567736
174.0	0.44812133746983795
175.0	0.44812133746983795
176.0	0.44812133746983795
177.0	0.48259220958290244
178.0	0.48259220958290244
179.0	0.48259220958290244
180.0	0.5170630816959669
181.0	0.5170630816959669
182.0	0.5170630816959669
183.0	0.5170630816959669
184.0	0.5170630816959669
185.0	0.5170630816959669
186.0	0.5170630816959669
187.0	0.5515339538090314
188.0	0.5515339538090314
189.0	0.5515339538090314
190.0	0.5860048259220959
191.0	0.5860048259220959
192.0	0.5860048259220959
193.0	0.5860048259220959
194.0	0.5860048259220959
195.0	0.6204756980351602
196.0	0.6204756980351602
197.0	0.6204756980351602
198.0	0.6204756980351602
199.0	0.6549465701482248
200.0	0.6549465701482248
201.0	0.6549465701482248
202.0	0.6894174422612892
203.0	0.6894174422612892
204.0	0.6894174422612892
205.0	0.7238883143743536
206.0	0.7238883143743536
207.0	0.7238883143743536
208.0	0.7238883143743536
209.0	0.7238883143743536
210.0	0.7238883143743536
211.0	0.7238883143743536
212.0	0.7583591864874182
213.0	0.7583591864874182
214.0	0.7583591864874182
215.0	0.7928300586004825
216.0	0.7928300586004825
217.0	0.7928300586004825
218.0	0.7928300586004825
219.0	0.7928300586004825
220.0	0.8273009307135472
221.0	0.8273009307135472
222.0	0.8273009307135472
223.0	0.8273009307135472
224.0	0.8617718028266115
225.0	0.8617718028266115
226.0	0.8617718028266115
227.0	0.8962426749396759
228.0	0.8962426749396759
229.0	0.8962426749396759
230.0	0.9307135470527405
231.0	0.9307135470527405
232.0	0.9307135470527405
233.0	0.9307135470527405
234.0	0.9307135470527405
235.0	0.9307135470527405
236.0	0.9307135470527405
237.0	0.9651844191658049
238.0	0.9651844191658049
239.0	0.9651844191658049
240.0	1.1375387797311272
241.0	1.206480523957256
242.0	1.275422268183385
243.0	1.3788348845225784
244.0	1.4822475008617717
245.0	1.6890727335401585
246.0	1.723543605653223
247.0	1.8269562219924165
248.0	1.8958979662185453
249.0	1.9303688383316098
