#Position (bp)	mapping quality
6038.0	59.997379901222274
18113.0	60.0
30188.0	59.9947698984718
42263.0	60.0
54338.0	60.0
66413.0	60.0
78488.0	60.0
90563.0	59.99503105590062
102638.0	60.0
114713.0	59.946294930340876
126788.0	60.0
138863.0	60.0
150938.0	60.0
163013.0	60.0
175088.0	59.86970196195897
187163.0	59.96649916247906
199238.0	60.0
211313.0	60.0
223388.0	60.0
235463.0	60.0
247538.0	60.0
259613.0	59.98658357315887
271688.0	59.99487179487179
283763.0	59.99503105590062
295838.0	60.0
307913.0	59.52581664910432
319988.0	59.99022723796251
332063.0	60.0
344138.0	60.0
356213.0	59.99899473913481
368288.0	60.0
380363.0	59.99783002122239
392438.0	59.99493969806865
404513.0	60.0
416588.0	60.0
428663.0	60.0
440738.0	59.99527948355894
452813.0	59.995228268740554
464888.0	60.0
476963.0	59.90991329154311
489038.0	60.0
501113.0	60.0
513188.0	60.0
525263.0	60.0
537338.0	60.0
549413.0	60.0
561488.0	60.0
573563.0	60.0
585638.0	59.99517885122739
597713.0	60.0
609788.0	60.0
621863.0	59.99502823547934
633938.0	59.97897295875325
646013.0	60.0
658088.0	60.0
670163.0	60.0
682238.0	60.0
694313.0	59.99375133435048
706388.0	60.0
718463.0	59.88412079053042
730538.0	59.99503105590062
742613.0	59.99552791327464
754688.0	60.0
766763.0	60.0
778838.0	60.0
790913.0	59.4692886169368
802988.0	0.0
815063.0	60.0
827138.0	59.718234286860735
839213.0	59.93622728729776
851288.0	59.86156433174157
863363.0	59.9941647296811
875438.0	59.99503105590062
887513.0	59.99103838558176
899588.0	59.99503101474961
911663.0	60.0
923738.0	60.0
935813.0	59.994942470603114
947888.0	59.995523334618305
959963.0	60.0
972038.0	60.0
984113.0	60.0
996188.0	59.914755789714036
1008263.0	60.0
1020338.0	60.0
1032413.0	60.0
1044488.0	59.99527948355894
1056563.0	60.0
1068638.0	58.757020034175156
1080713.0	55.8410129346548
1092788.0	59.93772625789932
1104863.0	59.982690227190766
1116938.0	59.94426797813845
1129013.0	58.77005921605811
1141088.0	59.994712405901694
1153163.0	60.0
1165238.0	60.0
1177313.0	60.0
1189388.0	60.0
1201463.0	59.94780144664562
1213538.0	59.99375195251484
1225613.0	60.0
1237688.0	59.91257160084414
1249763.0	59.994620763851536
1261838.0	60.0
1273913.0	59.99393326592518
1285988.0	59.92263479917072
1298063.0	60.0
1310138.0	60.0
1322213.0	60.0
1334288.0	60.0
1346363.0	60.0
1358438.0	60.0
1370513.0	60.0
1382588.0	60.0
1394663.0	59.990227523303595
1406738.0	59.99527948355894
1418813.0	60.0
1430888.0	59.93141039447307
1442963.0	59.99503105590062
1455038.0	59.97017917346609
1467113.0	60.0
1479188.0	60.0
1491263.0	59.986086726074134
1503338.0	60.0
1515413.0	60.0
1527488.0	59.99552791327464
1539563.0	60.0
1551638.0	59.971710027784795
1563713.0	60.0
1575788.0	59.99053215123643
1587863.0	60.0
1599938.0	60.0
1612013.0	60.0
1624088.0	59.992562290814426
1636163.0	59.98988374739717
1648238.0	60.0
1660313.0	59.55933022817051
1672388.0	59.552723500433494
1684463.0	59.99527944446515
1696538.0	60.0
1708613.0	59.94396363862773
1720688.0	59.99486916367368
1732763.0	60.0
1744838.0	60.0
1756913.0	59.99503105590062
1768988.0	59.99074375632082
1781063.0	59.918958498220405
1793138.0	60.0
1805213.0	59.8921463727798
1817288.0	59.92444845826345
1829363.0	59.961416744727714
1841438.0	60.0
1853513.0	59.99552791327464
1865588.0	59.99503105590062
1877663.0	60.0
1889738.0	60.0
1901813.0	59.96594005449591
1913888.0	59.99527476809059
1925963.0	59.92927022739291
1938038.0	59.93957904246458
1950113.0	59.93380916635216
1962188.0	59.99000291581622
1974263.0	59.98656658378799
1986338.0	59.93150105708245
1998413.0	59.99424088266051
2010488.0	60.0
2022563.0	59.995527876238114
2034638.0	60.0
2046713.0	59.936263071471785
2058788.0	59.995031097050955
2070863.0	60.0
2082938.0	59.99499491149335
2095013.0	59.995384930944894
2107088.0	59.995236881578016
2119163.0	60.0
2131238.0	59.97014036953732
2143313.0	59.98981355319807
2155388.0	60.0
2167463.0	60.0
2179538.0	59.99552791327464
2191613.0	59.99503105590062
2203688.0	59.99527944446515
2215763.0	60.0
2227838.0	59.97117654367002
2239913.0	59.7724461029874
2251988.0	60.0
2264063.0	60.0
2276138.0	60.0
2288213.0	59.994744748032566
2300288.0	59.987230591361666
2312363.0	60.0
2324438.0	59.99551696083152
2336513.0	60.0
2348588.0	60.0
2360663.0	60.0
2372738.0	60.0
2384813.0	60.0
2396888.0	60.0
2408963.0	59.9891993292215
2421038.0	60.0
2433113.0	59.94632633587786
2445188.0	59.890105119202026
2457263.0	60.0
2469338.0	59.99414548470508
2481413.0	60.0
2493488.0	60.0
2505563.0	59.99873855236269
2517638.0	60.0
2529713.0	59.99497002976066
2541788.0	60.0
2553863.0	59.807027418187666
2565938.0	59.98657849002277
2578013.0	60.0
2590088.0	60.0
2602163.0	59.99418135788732
2614238.0	60.0
2626313.0	59.98583798153968
2638388.0	60.0
2650463.0	59.96799239707359
2662538.0	60.0
2674613.0	59.895358306188925
2686688.0	60.0
2698763.0	59.99403347222084
2710838.0	60.0
2722913.0	60.0
2734988.0	60.0
2747063.0	60.0
2759138.0	59.99039186848659
2771213.0	60.0
2783288.0	59.85522740433872
2795363.0	59.94636672898342
2807438.0	59.85415800808554
2819513.0	59.995194111521904
2831588.0	59.99873596393284
2843663.0	59.9809166779753
2855738.0	59.99461320572616
2867813.0	59.99503105590062
2879888.0	60.0
2891963.0	59.84404557334912
2904038.0	59.92689990683321
2916113.0	59.93039500832774
2928188.0	60.0
2940263.0	60.0
2952338.0	59.984389718745796
2964413.0	60.0
2976488.0	59.994717918303806
2988563.0	59.87652121734891
3000638.0	59.99527948355894
3012713.0	60.0
3024788.0	60.0
3036863.0	59.990504589448435
3048938.0	60.0
3061013.0	59.99526093385931
3073088.0	60.0
3085163.0	59.91865440833792
3097238.0	60.0
3109313.0	59.93910900316882
3121388.0	59.994192855276275
3133463.0	60.0
3145538.0	59.99464941267396
3157613.0	59.995157298131076
3169688.0	60.0
3181763.0	60.0
3193838.0	60.0
3205913.0	59.896168041929364
3217988.0	59.99797591336909
3230063.0	60.0
3242138.0	59.93018315646099
3254213.0	59.9948976394869
3266288.0	59.99039425677668
3278363.0	59.993353972939595
3290438.0	59.988948084334616
3302513.0	60.0
3314588.0	60.0
3326663.0	59.99550464519996
3338738.0	59.994496422674736
3350813.0	60.0
3362888.0	60.0
3374963.0	59.990062111801244
3387038.0	59.97316636851521
3399113.0	60.0
3411188.0	60.0
3423263.0	60.0
3435338.0	60.0
3447413.0	60.0
3459488.0	59.95378173881713
3471563.0	59.986583184257604
3483638.0	59.994244894868366
3495713.0	60.0
3507788.0	60.0
3519863.0	60.0
3531938.0	60.0
3544013.0	60.0
3556088.0	59.99515136278132
3568163.0	60.0
3580238.0	59.99621753383206
3592313.0	60.0
3604388.0	60.0
3616463.0	60.0
3628538.0	59.9937181983793
3640613.0	60.0
3652688.0	59.9907421694183
3664763.0	59.99320448277619
3676838.0	59.9818580391564
3688913.0	60.0
3700988.0	59.97763882562425
3713063.0	60.0
3725138.0	59.99527944446515
3737213.0	60.0
3749288.0	59.99523932816063
3761363.0	59.94155308927724
3773438.0	59.87644377278276
3785513.0	60.0
3797588.0	59.99527948355894
3809663.0	60.0
3821738.0	59.99433901229243
3833813.0	59.9147589680669
3845888.0	60.0
3857963.0	60.0
3870038.0	60.0
3882113.0	60.0
3894188.0	60.0
3906263.0	60.0
3918338.0	59.99527948355894
3930413.0	60.0
3942488.0	59.994689560561135
3954563.0	60.0
3966638.0	59.95527579923803
3978713.0	60.0
3990788.0	60.0
4002863.0	60.0
4014938.0	58.99598652652533
4027013.0	59.40009602341853
4039088.0	60.0
4051163.0	60.0
4063238.0	59.99515842702674
4075313.0	59.9951108656484
4087388.0	59.99503105590062
4099463.0	59.054669369289975
4111538.0	59.995031076475875
4123613.0	60.0
4135688.0	60.0
4147763.0	60.0
4159838.0	60.0
4171913.0	59.9932367694302
4183988.0	60.0
4196063.0	59.99600257611761
4208138.0	60.0
4220213.0	60.0
4232288.0	59.994364227455605
4244363.0	60.0
4256438.0	60.0
4268513.0	59.94250417944006
4280588.0	60.0
4292663.0	59.99550204282222
4304738.0	59.99552791327464
4316813.0	60.0
4328888.0	59.995160379641334
4340963.0	59.99494396224825
4353038.0	60.0
4365113.0	59.99473244031254
4377188.0	59.99527948355894
4389263.0	59.99062877623326
4401338.0	60.0
4413413.0	59.988867622358505
4425488.0	59.89783384021077
4437563.0	59.27191989734744
4449638.0	60.0
4461713.0	60.0
4473788.0	59.87473177521313
4485863.0	59.97316603515746
4497938.0	60.0
4510013.0	60.0
4522088.0	60.0
4534163.0	60.0
4546238.0	59.99503105590062
4558313.0	60.0
4570388.0	59.98986086858559
4582463.0	60.0
4594538.0	60.0
4606613.0	60.0
4618688.0	60.0
4630763.0	59.99519896904177
4642838.0	60.0
4651302.0	59.988192401706925
4657339.5	60.0
4666988.0	59.85777993915941
4679063.0	59.99503105590062
4691138.0	60.0
4703213.0	59.827137180496884
4715288.0	59.9661822726493
4722679.5	60.0
4728717.0	60.0
4739438.0	60.0
4751513.0	60.0
4763588.0	59.99462295728387
4775663.0	59.99506536230629
4787738.0	59.994534969007525
4799813.0	59.99430523917995
4811888.0	60.0
4819084.5	60.0
4825049.5	59.96362421587914
