#Read position (bp)	Clipping profile
0.0	3.5488575595527467
1.0	3.5488575595527467
2.0	3.2814778804083615
3.0	2.8682547399124942
4.0	2.4307243558580454
5.0	2.0175012153621776
6.0	1.6285853184248906
7.0	1.166747690811862
8.0	0.8750607681088965
9.0	0.5104521147301896
10.0	0.19445794846864364
11.0	0.19445794846864364
12.0	0.19445794846864364
13.0	0.19445794846864364
14.0	0.19445794846864364
15.0	0.19445794846864364
16.0	0.19445794846864364
17.0	0.19445794846864364
18.0	0.19445794846864364
19.0	0.19445794846864364
20.0	0.19445794846864364
21.0	0.19445794846864364
22.0	0.19445794846864364
23.0	0.1701507049100632
24.0	0.14584346135148274
25.0	0.14584346135148274
26.0	0.14584346135148274
27.0	0.14584346135148274
28.0	0.14584346135148274
29.0	0.14584346135148274
30.0	0.14584346135148274
31.0	0.14584346135148274
32.0	0.14584346135148274
33.0	0.14584346135148274
34.0	0.14584346135148274
35.0	0.14584346135148274
36.0	0.14584346135148274
37.0	0.14584346135148274
38.0	0.14584346135148274
39.0	0.14584346135148274
40.0	0.14584346135148274
41.0	0.14584346135148274
42.0	0.14584346135148274
43.0	0.14584346135148274
44.0	0.14584346135148274
45.0	0.14584346135148274
46.0	0.14584346135148274
47.0	0.14584346135148274
48.0	0.12153621779290229
49.0	0.09722897423432182
50.0	0.09722897423432182
51.0	0.09722897423432182
52.0	0.09722897423432182
53.0	0.09722897423432182
54.0	0.09722897423432182
55.0	0.09722897423432182
56.0	0.09722897423432182
57.0	0.09722897423432182
58.0	0.09722897423432182
59.0	0.09722897423432182
60.0	0.09722897423432182
61.0	0.09722897423432182
62.0	0.09722897423432182
63.0	0.09722897423432182
64.0	0.09722897423432182
65.0	0.09722897423432182
66.0	0.09722897423432182
67.0	0.09722897423432182
68.0	0.09722897423432182
69.0	0.09722897423432182
70.0	0.09722897423432182
71.0	0.09722897423432182
72.0	0.09722897423432182
73.0	0.07292173067574137
74.0	0.04861448711716091
75.0	0.04861448711716091
76.0	0.04861448711716091
77.0	0.04861448711716091
78.0	0.04861448711716091
79.0	0.04861448711716091
80.0	0.04861448711716091
81.0	0.04861448711716091
82.0	0.04861448711716091
83.0	0.04861448711716091
84.0	0.04861448711716091
85.0	0.04861448711716091
86.0	0.04861448711716091
87.0	0.04861448711716091
88.0	0.04861448711716091
89.0	0.04861448711716091
90.0	0.04861448711716091
91.0	0.04861448711716091
92.0	0.04861448711716091
93.0	0.04861448711716091
94.0	0.04861448711716091
95.0	0.04861448711716091
96.0	0.04861448711716091
97.0	0.04861448711716091
98.0	0.024307243558580455
99.0	0.0
100.0	0.0
101.0	0.0
102.0	0.0
103.0	0.0
104.0	0.0
105.0	0.0
106.0	0.0
107.0	0.0
108.0	0.0
109.0	0.0
110.0	0.0
111.0	0.0
112.0	0.0
113.0	0.0
114.0	0.0
115.0	0.0
116.0	0.0
117.0	0.0
118.0	0.0
119.0	0.0
120.0	0.0
121.0	0.0
122.0	0.0
123.0	0.024307243558580455
124.0	0.04861448711716091
125.0	0.04861448711716091
126.0	0.04861448711716091
127.0	0.04861448711716091
128.0	0.04861448711716091
129.0	0.07292173067574137
130.0	0.07292173067574137
131.0	0.07292173067574137
132.0	0.07292173067574137
133.0	0.07292173067574137
134.0	0.07292173067574137
135.0	0.07292173067574137
136.0	0.07292173067574137
137.0	0.07292173067574137
138.0	0.07292173067574137
139.0	0.07292173067574137
140.0	0.07292173067574137
141.0	0.07292173067574137
142.0	0.07292173067574137
143.0	0.07292173067574137
144.0	0.07292173067574137
145.0	0.07292173067574137
146.0	0.07292173067574137
147.0	0.09722897423432182
148.0	0.12153621779290229
149.0	0.14584346135148274
150.0	0.14584346135148274
151.0	0.14584346135148274
152.0	0.14584346135148274
153.0	0.14584346135148274
154.0	0.1701507049100632
155.0	0.1701507049100632
156.0	0.1701507049100632
157.0	0.1701507049100632
158.0	0.1701507049100632
159.0	0.1701507049100632
160.0	0.1701507049100632
161.0	0.1701507049100632
162.0	0.1701507049100632
163.0	0.1701507049100632
164.0	0.1701507049100632
165.0	0.1701507049100632
166.0	0.1701507049100632
167.0	0.1701507049100632
168.0	0.1701507049100632
169.0	0.1701507049100632
170.0	0.1701507049100632
171.0	0.1701507049100632
172.0	0.19445794846864364
173.0	0.21876519202722414
174.0	0.24307243558580457
175.0	0.24307243558580457
176.0	0.2916869227029655
177.0	0.2916869227029655
178.0	0.2916869227029655
179.0	0.3159941662615459
180.0	0.3159941662615459
181.0	0.3159941662615459
182.0	0.3159941662615459
183.0	0.3159941662615459
184.0	0.3159941662615459
185.0	0.3159941662615459
186.0	0.3159941662615459
187.0	0.3159941662615459
188.0	0.3159941662615459
189.0	0.36460865337870685
190.0	0.36460865337870685
191.0	0.36460865337870685
192.0	0.36460865337870685
193.0	0.36460865337870685
194.0	0.36460865337870685
195.0	0.36460865337870685
196.0	0.36460865337870685
197.0	0.3889158969372873
198.0	0.4132231404958678
199.0	0.4375303840544483
200.0	0.46183762761302866
201.0	0.48614487117160915
202.0	0.48614487117160915
203.0	0.48614487117160915
204.0	0.5104521147301896
205.0	0.5104521147301896
206.0	0.5104521147301896
207.0	0.5104521147301896
208.0	0.53475935828877
209.0	0.53475935828877
210.0	0.53475935828877
211.0	0.53475935828877
212.0	0.53475935828877
213.0	0.53475935828877
214.0	0.5590666018473505
215.0	0.5590666018473505
216.0	0.5590666018473505
217.0	0.5590666018473505
218.0	0.5590666018473505
219.0	0.5590666018473505
220.0	0.5590666018473505
221.0	0.5590666018473505
222.0	0.583373845405931
223.0	0.6076810889645113
224.0	0.6319883325230918
225.0	0.6562955760816723
226.0	0.6806028196402528
227.0	0.6806028196402528
228.0	0.6806028196402528
229.0	0.7049100631988332
230.0	0.7049100631988332
231.0	0.7049100631988332
232.0	0.7049100631988332
233.0	0.7292173067574137
234.0	0.7292173067574137
235.0	0.7292173067574137
236.0	0.7292173067574137
237.0	0.7292173067574137
238.0	0.7292173067574137
239.0	0.7535245503159942
240.0	1.1424404472532814
241.0	1.5070491006319884
242.0	1.8716577540106951
243.0	2.382109868740885
244.0	2.8439474963539135
245.0	3.2571706368497813
246.0	3.6947010209042292
247.0	4.035002430724355
248.0	4.326689353427322
249.0	4.350996596985902
