#Position (bp)	Coverage	Std
6038.0	19.025258799171844	3.833307228284504
18113.0	7.765631469979296	10.092052507271443
30188.0	17.829399585921326	7.715881285800291
42263.0	15.944513457556935	9.413065234101445
54338.0	20.0	0.0
66413.0	20.0	0.0
78488.0	20.0	0.0
90563.0	20.0	0.0
102638.0	13.587826086956522	9.445022350686575
114713.0	17.926293995859215	7.972265589751786
126788.0	16.56679089026915	8.294826145661492
138863.0	19.250517598343684	4.619474484555311
150938.0	19.65631469979296	5.428786091429742
163013.0	20.0	0.0
175088.0	18.942443064182196	6.8460140887009215
187163.0	15.582608695652175	8.870436160705934
199238.0	19.695238095238096	5.503102832652639
211313.0	19.692753623188405	5.497366205437596
223388.0	16.78840579710145	8.391319580758333
235463.0	17.73581780538302	7.596059782782286
247538.0	15.257971014492753	8.725655278625663
259613.0	19.144513457556936	3.9082754479726303
271688.0	16.54600414078675	8.125827239301938
283763.0	18.372256728778467	6.094718210230216
295838.0	18.125797101449276	5.756472637446726
307913.0	13.774741200828158	9.795985149629406
319988.0	16.21151138716356	7.340677669959654
332063.0	18.84173913043478	6.8351060670804635
344138.0	13.848447204968943	9.931262724148741
356213.0	20.0	0.0
368288.0	17.342028985507245	6.867464626292205
380363.0	17.530931677018632	7.052932080466747
392438.0	19.427743271221534	4.854256845677774
404513.0	10.5175983436853	9.986218246434655
416588.0	14.420041407867496	9.07842070887265
428663.0	19.646211180124222	5.3814419242676035
440738.0	17.977639751552793	7.775286005271323
452813.0	18.088612836438923	5.218330488277463
464888.0	19.681159420289855	5.4741477871773965
476963.0	18.935320910973086	6.9886983596306935
489038.0	17.133416149068324	6.530888544140333
501113.0	17.95942028985507	8.297546345897613
513188.0	18.276935817805384	6.17446823386553
525263.0	15.552629399585921	8.86585092528628
537338.0	16.008612836438925	7.889915465044517
549413.0	20.000082815734988	0.05827044820980982
561488.0	19.076604554865426	3.8899882109813033
573563.0	13.994202898550725	10.077279037271472
585638.0	15.773084886128364	8.934493605316243
597713.0	20.0	0.0
609788.0	15.394616977225672	8.652648321835718
621863.0	19.049109730848862	3.5223157261287854
633938.0	14.958012422360248	9.275788292495953
646013.0	18.266666666666666	5.375352075714503
658088.0	13.904761904761905	9.424548360597564
670163.0	20.0	0.0
682238.0	16.05879917184265	7.383883743019984
694313.0	13.325383022774327	9.328479956685195
706388.0	18.304761904761904	5.605927061553843
718463.0	18.160662525879918	5.577461298311403
730538.0	20.0	0.0
742613.0	17.301863354037266	7.06991409425935
754688.0	5.0111801242236025	8.080090809812969
766763.0	16.723643892339545	8.005360522890225
778838.0	18.398840579710146	6.285492185046574
790913.0	14.159668737060041	8.474812273093853
802988.0	13.152132505175983	8.814894227864972
815063.0	14.924057971014493	9.660206308424527
827138.0	10.48033126293996	9.633791459659005
839213.0	18.807701863354037	6.727681452221657
851288.0	18.260786749482403	5.891897092257783
863363.0	16.38840579710145	8.06575461538026
875438.0	18.746169772256728	6.7506429415444265
887513.0	3.6231884057971016	7.813143886509729
899588.0	11.66824016563147	10.026379285340195
911663.0	14.001325051759835	8.828271919983418
923738.0	18.932505175983437	6.849859831423189
935813.0	16.775652173913045	7.98917487065289
947888.0	16.017060041407866	7.024653421598947
959963.0	16.562898550724636	7.971018934687261
972038.0	16.86360248447205	8.249956396145514
984113.0	18.238509316770187	5.842161317636107
996188.0	18.234368530020703	5.842629091410213
1008263.0	17.375403726708075	7.19276724363565
1020338.0	15.542028985507246	8.747003036000459
1032413.0	19.039751552795032	3.8041494180737794
1044488.0	8.777225672877847	10.17636200639994
1056563.0	19.310144927536232	4.457473311527662
1068638.0	5.439337474120083	8.361030576318726
1080713.0	0.8624430641821946	2.4441759059472887
1092788.0	12.77416149068323	9.805056370811062
1104863.0	16.55983436853002	8.359569465966217
1116938.0	15.297225672877847	8.294361875599318
1129013.0	5.495320910973085	8.509329917929726
1141088.0	10.517267080745341	10.162693110732999
1153163.0	17.948819875776397	7.962141268640024
1165238.0	19.248861283643894	4.611579628139001
1177313.0	17.645548654244305	7.475713611145039
1189388.0	19.674534161490683	5.463911339155607
1201463.0	18.99966873706004	6.8855837036491385
1213538.0	14.652587991718427	9.22606802830653
1225613.0	13.18824016563147	9.425453402497416
1237688.0	9.898136645962733	10.242480451389763
1249763.0	17.44049689440994	7.501491915104685
1261838.0	19.062525879917185	3.5595263369261927
1273913.0	15.410351966873707	8.60025999895872
1285988.0	18.73871635610766	6.634373130318957
1298063.0	18.98790890269151	6.862078106669218
1310138.0	17.485879917184263	6.945531950734585
1322213.0	14.438012422360249	8.85812256653331
1334288.0	14.91287784679089	9.070914545029614
1346363.0	17.935569358178054	7.624071066518806
1358438.0	19.01697722567288	3.7377266371524094
1370513.0	18.288198757763976	6.034778432108148
1382588.0	13.914699792960663	9.657355407023028
1394663.0	17.21672877846791	6.5764055327244595
1406738.0	17.815486542443065	7.698613787189639
1418813.0	14.347743271221532	8.693668717888755
1430888.0	18.02567287784679	4.900906241459596
1442963.0	19.659627329192546	5.433878848251412
1455038.0	18.708571428571428	6.290733926445572
1467113.0	13.638757763975155	9.7447634183019
1479188.0	18.751966873706003	6.557217508156593
1491263.0	17.193871635610765	6.400549924613833
1503338.0	14.297888198757764	9.196195990948308
1515413.0	18.80231884057971	6.64374111974967
1527488.0	18.191304347826087	5.41059462180366
1539563.0	18.02567287784679	5.6574398148631815
1551638.0	17.06832298136646	6.646601273479012
1563713.0	16.653416149068324	7.725754835915976
1575788.0	18.857142857142858	6.725003559690271
1587863.0	18.54534161490683	6.667587928064233
1599938.0	18.81449275362319	6.643660095286159
1612013.0	17.276935817805384	6.372313301430981
1624088.0	11.336066252587992	9.570408153016302
1636163.0	16.61896480331263	8.161820931077395
1648238.0	10.427826086956522	9.623797281742942
1660313.0	0.24463768115942028	1.3612806052127402
1672388.0	7.000165631469979	8.72955049013604
1684463.0	17.203726708074534	6.9299362596741805
1696538.0	8.075445134575569	9.105860056611919
1708613.0	14.387494824016564	7.964668356497055
1720688.0	16.85913043478261	8.103962172823287
1732763.0	14.451345755693582	9.367208563563208
1744838.0	18.118757763975154	5.483240038978027
1756913.0	18.384596273291926	6.3309552035075916
1768988.0	17.417805383022774	6.396213942249827
1781063.0	14.719503105590062	8.871206359759237
1793138.0	17.700703933747413	7.553628829153099
1805213.0	16.42368530020704	8.023929015949859
1817288.0	15.962898550724638	9.446604876107617
1829363.0	16.183105590062112	7.547003847934977
1841438.0	10.821780538302278	10.023066564382242
1853513.0	19.674534161490683	5.461546357290804
1865588.0	18.757763975155278	6.568776132262111
1877663.0	17.53217391304348	6.808945522651418
1889738.0	15.824347826086957	8.72237550031699
1901813.0	12.447370600414079	9.573323875264219
1913888.0	17.853416149068323	7.573523675909731
1925963.0	10.221035196687371	9.095021731137043
1938038.0	16.215486542443063	7.087340359735886
1950113.0	16.683395445134575	8.023805161851971
1962188.0	13.80703933747412	9.316869537082425
1974263.0	13.56968944099379	9.715297109692871
1986338.0	11.938053830227743	10.09005003609243
1998413.0	14.877184265010351	9.645398177584003
2010488.0	19.060124223602486	3.917492754607424
2022563.0	18.287619047619046	5.539072580474083
2034638.0	14.058633540372671	8.302280860993802
2046713.0	18.203892339544513	5.894335281081076
2058788.0	19.398923395445134	4.667876211188702
2070863.0	19.673871635610766	5.462137698755466
2082938.0	14.45664596273292	8.341351008437586
2095013.0	18.504844720496894	5.919732241720448
2107088.0	13.6727950310559	9.501670333706322
2119163.0	12.90120082815735	9.675205766559118
2131238.0	13.03768115942029	9.305048831006316
2143313.0	16.15271221532091	7.391506512884955
2155388.0	19.04927536231884	3.4708725879437154
2167463.0	18.651097308488612	6.357350125729901
2179538.0	17.62351966873706	7.176918374197694
2191613.0	14.79536231884058	9.260732121181881
2203688.0	16.75975155279503	8.238585176733059
2215763.0	16.483312629399585	7.434528587671915
2227838.0	18.906832298136646	6.793883499300707
2239913.0	13.405383022774327	9.411798243150576
2251988.0	14.451345755693582	9.246475463040651
2264063.0	7.99072463768116	9.669122269670526
2276138.0	16.497060041407867	7.246319834144525
2288213.0	17.452008281573498	7.087632479290294
2300288.0	12.500869565217391	9.376910985358089
2312363.0	13.970848861283644	9.564206044783893
2324438.0	14.345424430641822	8.84971370792385
2336513.0	17.81697722567288	7.55627061935171
2348588.0	17.935652173913045	7.564874697742624
2360663.0	15.659296066252589	8.912814419113932
2372738.0	16.34153209109731	7.723685707676944
2384813.0	16.608281573498964	7.497903088506658
2396888.0	14.947412008281573	9.264102896906536
2408963.0	12.714451345755693	9.353977464690509
2421038.0	19.257805383022774	4.225026492376542
2433113.0	18.147412008281574	5.442292781965856
2445188.0	5.998509316770186	7.7711096329633795
2457263.0	15.354534161490683	8.225914713747452
2469338.0	11.698964803312629	9.489914009563137
2481413.0	17.32695652173913	6.015425306236193
2493488.0	16.58136645962733	8.37980417506414
2505563.0	15.269399585921326	7.542294821877771
2517638.0	16.78103519668737	7.42155664975954
2529713.0	17.848281573498966	7.518716466823882
2541788.0	15.503188405797102	8.163677570187307
2553863.0	7.975983436853002	9.712526329532567
2565938.0	13.52496894409938	9.47406178948028
2578013.0	16.57217391304348	7.822645896362416
2590088.0	18.378467908902692	5.647418289212631
2602163.0	12.51776397515528	8.863202361881424
2614238.0	18.634699792960664	6.2607786972931985
2626313.0	16.437267080745343	7.364173809778062
2638388.0	17.050517598343685	6.238118312665744
2650463.0	18.16670807453416	5.8117322619041865
2662538.0	14.290517598343685	9.053994920285916
2674613.0	16.691014492753624	7.687078777027306
2686688.0	17.402070393374743	7.050876925917132
2698763.0	16.709730848861284	8.768284651799899
2710838.0	17.77672877846791	7.206984190215239
2722913.0	19.000993788819876	3.3167371529282965
2734988.0	17.350227743271223	7.1105147696812425
2747063.0	13.856066252587992	9.488783833218056
2759138.0	15.134658385093168	8.021430922052941
2771213.0	15.11751552795031	7.583216730612205
2783288.0	9.75055900621118	9.56630127493462
2795363.0	10.147577639751553	8.185276889878262
2807438.0	16.259213250517597	7.1511918246861175
2819513.0	13.168530020703933	7.929706706253704
2831588.0	15.484057971014492	8.909366509140977
2843663.0	18.137805383022773	5.043381165624955
2855738.0	17.05722567287785	6.386067910227489
2867813.0	18.65175983436853	6.613869610260857
2879888.0	18.37656314699793	5.821122386491228
2891963.0	16.05871635610766	7.348384704407844
2904038.0	20.0	0.0
2916113.0	13.310310559006211	9.279479352853878
2928188.0	19.671387163561075	5.458163866634187
2940263.0	19.218053830227742	4.405389133339875
2952338.0	18.053167701863355	5.7437336455023935
2964413.0	15.686790890269151	9.043529423330352
2976488.0	16.149151138716356	7.133306244022788
2988563.0	16.1407867494824	7.571024638625538
3000638.0	13.834782608695653	9.587491851365508
3012713.0	19.704761904761906	5.630955554387419
3024788.0	19.966459627329193	6.141870015539621
3036863.0	17.827743271221532	7.640108830373987
3048938.0	15.141863354037268	8.348154108462154
3061013.0	15.852919254658385	8.686149466051333
3073088.0	19.707080745341614	5.528843996897454
3085163.0	18.605714285714285	6.224030103127528
3097238.0	16.638923395445136	7.88665565839666
3109313.0	18.081904761904763	4.962809930035235
3121388.0	9.968364389233955	10.380699561948854
3133463.0	17.154451345755692	6.97635758955856
3145538.0	16.381614906832297	8.301642432720486
3157613.0	17.561076604554867	7.183734791085642
3169688.0	19.68281573498965	5.4780797893106525
3181763.0	19.69192546583851	5.496401985172543
3193838.0	15.975155279503106	9.08482683791762
3205913.0	13.571014492753623	9.586926052636286
3217988.0	17.847701863354036	7.896798103652838
3230063.0	16.177225672877846	7.001153409854907
3242138.0	18.257142857142856	5.926527373435013
3254213.0	17.659875776397516	7.484753308633311
3266288.0	17.134575569358176	6.31638573699136
3278363.0	12.469233954451346	9.427662921283826
3290438.0	14.731428571428571	9.042911273833123
3302513.0	16.295403726708074	7.964065256119307
3314588.0	15.576977225672877	8.537574968069311
3326663.0	18.520910973084884	6.088063194280832
3338738.0	16.984016563146998	8.854957320684202
3350813.0	15.263768115942028	8.038329503126143
3362888.0	13.366293995859213	9.434183034254186
3374963.0	17.438840579710146	7.056242555794918
3387038.0	16.426832298136645	7.74527171598591
3399113.0	13.90360248447205	9.63264377452818
3411188.0	19.671552795031054	5.43409221287731
3423263.0	15.040993788819875	7.906110538749866
3435338.0	19.34575569358178	4.816852747736301
3447413.0	17.771428571428572	7.460365945542342
3459488.0	3.8476190476190477	7.4848362926066825
3471563.0	11.19991718426501	9.94558695065106
3483638.0	16.37664596273292	8.283756461775805
3495713.0	15.583850931677018	8.871971824683113
3507788.0	20.0	0.0
3519863.0	20.0	0.0
3531938.0	19.681987577639752	5.475131052441381
3544013.0	15.611594202898551	8.749899733232084
3556088.0	18.447453416149067	6.497223487265793
3568163.0	19.67461697722567	5.458383868082729
3580238.0	10.862443064182195	9.952308636942934
3592313.0	14.106832298136647	8.907948854536103
3604388.0	18.947412008281574	7.228606616989779
3616463.0	16.207867494824015	7.307740018787929
3628538.0	14.955942028985508	9.835735748919207
3640613.0	20.0	0.0
3652688.0	9.603892339544513	10.281696938028558
3664763.0	13.85863354037267	9.872311070864672
3676838.0	15.899710144927536	9.26894679784067
3688913.0	19.262194616977226	4.248726517279447
3700988.0	19.185093167701865	4.224595243208997
3713063.0	17.248033126293997	6.725957873550072
3725138.0	17.40695652173913	7.0663346146448776
3737213.0	17.246128364389232	6.952759852405189
3749288.0	19.67536231884058	5.462531890834604
3761363.0	17.914616977225673	7.564206876657848
3773438.0	18.090269151138717	4.9635024033096276
3785513.0	18.868737060041408	6.933102400995639
3797588.0	19.257308488612836	4.343444168672692
3809663.0	19.974824016563147	6.174501765299724
3821738.0	17.593954451345756	7.262125577880259
3833813.0	15.11552795031056	8.484915369046162
3845888.0	18.785093167701863	6.716501110218107
3857963.0	17.798757763975154	7.769425664441322
3870038.0	20.0	0.0
3882113.0	18.83478260869565	6.884495137039859
3894188.0	18.974741200828156	7.0771202808755005
3906263.0	16.841821946169773	8.586951437480478
3918338.0	19.822939958592134	5.840736503091946
3930413.0	18.75594202898551	6.867066663056752
3942488.0	18.55072463768116	6.6611571436765855
3954563.0	14.986169772256728	9.785196069154733
3966638.0	19.99701863354037	6.2141226984163325
3978713.0	18.530020703933747	6.625316899331165
3990788.0	19.088198757763976	3.9319996335213965
4002863.0	15.995942028985507	9.60139741382142
4014938.0	16.15569358178054	7.91232495088292
4027013.0	15.509565217391305	8.791059829124965
4039088.0	17.911387163561077	7.934551118322658
4051163.0	19.175155279503105	4.135800372418486
4063238.0	17.137060041407867	6.779966836980767
4075313.0	16.010931677018633	7.175885543494499
4087388.0	20.0	0.0
4099463.0	11.811345755693582	10.28955932272615
4111538.0	13.585093167701864	9.93325551958628
4123613.0	18.944513457556937	6.920901818952327
4135688.0	14.49383022774327	9.550471788721412
4147763.0	19.528612836438924	4.956314332226556
4159838.0	17.631801242236026	7.224807733835569
4171913.0	13.54368530020704	9.721884130964565
4183988.0	15.088198757763974	8.683174277184024
4196063.0	18.528364389233953	6.623191577077223
4208138.0	14.322981366459627	8.940132142922678
4220213.0	7.9413664596273295	9.775682848542065
4232288.0	15.960082815734989	9.552752088470008
4244363.0	19.172670807453414	4.596379887969898
4256438.0	19.99983436853002	6.244480792881887
4268513.0	17.102277432712214	6.300014788506748
4280588.0	17.415983436853	6.97785316430553
4292663.0	19.6279917184265	5.287494524222723
4304738.0	19.302939958592134	4.4360839238804015
4316813.0	19.443478260869565	5.019588956470986
4328888.0	17.457556935817806	7.225701768378533
4340963.0	19.438509316770187	5.007199785253328
4353038.0	14.021863354037267	8.286555251104444
4365113.0	12.41374741200828	9.735278741459489
4377188.0	19.09631469979296	3.9419283570154646
4389263.0	9.872132505175983	10.545176401635722
4401338.0	18.62608695652174	6.771698503412419
4413413.0	15.453581780538302	8.641720747288707
4425488.0	16.90832298136646	8.659818922362982
4437563.0	16.60215320910973	8.399078131411622
4449638.0	15.479834368530021	8.295185562702546
4461713.0	20.0	0.0
4473788.0	18.51511387163561	6.60315502731079
4485863.0	16.334492753623188	8.067084156675834
4497938.0	17.621697722567287	7.145625136552609
4510013.0	19.606459627329194	5.361939329640086
4522088.0	13.333333333333334	9.302805738968068
4534163.0	15.85424430641822	9.13266836526868
4546238.0	15.50625258799172	8.430797333900287
4558313.0	17.536231884057973	7.236581785762458
4570388.0	16.04712215320911	7.803593162933855
4582463.0	19.342443064182195	4.530650161982177
4594538.0	18.89689440993789	6.974309556423479
4606613.0	13.88447204968944	9.500763835479594
4618688.0	19.685548654244307	5.4762729312362906
4630763.0	15.660455486542443	8.837549288842029
4642838.0	20.0	0.0
4651302.0	19.89078920255512	5.941832892014795
4657339.5	3.5477707006369426	6.202727622909046
4666988.0	1.6053002070393374	3.824720723508638
4679063.0	8.348488612836439	7.940430390262778
4691138.0	5.812091097308489	7.791070962934582
4703213.0	6.740289855072464	8.319664151526965
4715288.0	7.353457556935818	8.16825142015964
4722679.5	6.384785819793206	8.271384710080687
4728717.0	3.060104622611295	5.348363886599169
4739438.0	3.293913043478261	5.084535885996227
4751513.0	5.064844720496894	5.831498676291901
4763588.0	2.835776397515528	4.950939430273412
4775663.0	4.032298136645963	5.887840577551898
4787738.0	1.630807453416149	3.2651367524840915
4799813.0	1.4852173913043478	3.636677663835746
4811888.0	1.5976811594202898	3.871422077569367
4819084.5	3.285159620362381	4.571217678175008
4825049.5	12.898044111527257	9.515598163339968
