#Position (bp)	mapping quality
6038.0	59.84653287481394
18113.0	59.75138041126066
30188.0	59.87311699515562
42263.0	59.75351818599407
54338.0	59.92347445835818
66413.0	59.81338892438048
78488.0	59.85687425973015
90563.0	59.823074087725765
102638.0	59.8701283788439
114713.0	59.77021519118511
126788.0	59.8796708303002
138863.0	59.903088319859286
150938.0	59.88557771180407
163013.0	59.795231172574894
175088.0	59.88062520022256
187163.0	59.858341657274416
199238.0	59.79400058809643
211313.0	59.86258707374245
223388.0	59.90663327317594
235463.0	59.8717815980088
247538.0	59.8696704327975
259613.0	59.833017203535135
271688.0	59.85202878367833
283763.0	59.872988350952795
295838.0	59.8432089353455
307913.0	59.810003877471885
319988.0	59.90211959627556
332063.0	59.878350637391975
344138.0	59.805307929978234
356213.0	59.854873179702125
368288.0	59.86743321549619
380363.0	59.83807726010437
392438.0	59.850319736521726
404513.0	59.68688074038477
416588.0	59.825112596251635
428663.0	59.87600995564685
440738.0	59.815768797910515
452813.0	59.8379886270162
464888.0	59.83551432830876
476963.0	59.71578776488805
489038.0	59.783216001787906
501113.0	59.83164910493441
513188.0	59.8397924726614
525263.0	59.834071567675096
537338.0	59.86193681941439
549413.0	59.778872541466605
561488.0	59.81202959964582
573563.0	59.81135720935134
585638.0	59.82733681501896
597713.0	59.92794553676434
609788.0	59.880985934217875
621863.0	59.83412771660114
633938.0	59.85859068610225
646013.0	59.78348937892309
658088.0	59.887271293605714
670163.0	59.89393165891054
682238.0	59.81658657410234
694313.0	59.81818181818182
706388.0	59.8576102712777
718463.0	59.70958631436965
730538.0	59.861601726044306
742613.0	59.78382118417389
754688.0	59.62693123056933
766763.0	59.773514240766595
778838.0	59.84610024054709
790913.0	59.195380741838235
802988.0	0.0
815063.0	59.812905877517466
827138.0	59.4406867328466
839213.0	59.73793503919613
851288.0	59.71291866028708
863363.0	59.83759512493804
875438.0	59.88141013192475
887513.0	59.6825673672277
899588.0	59.82873288415562
911663.0	59.82302258790654
923738.0	59.83984887265919
935813.0	59.8031750964701
947888.0	59.76301389636123
959963.0	59.83205462838461
972038.0	59.83822804627026
984113.0	59.82883623267602
996188.0	59.72150698794563
1008263.0	59.87458891435036
1020338.0	59.83371559633027
1032413.0	59.855338434324395
1044488.0	59.749683199771546
1056563.0	59.837733739206065
1068638.0	59.02307208126234
1080713.0	56.199984818325966
1092788.0	59.67343797810589
1104863.0	59.88090465527862
1116938.0	59.72105459360097
1129013.0	58.556502930639915
1141088.0	59.80251154801421
1153163.0	59.86977026689056
1165238.0	59.8566626281931
1177313.0	59.823894393170605
1189388.0	59.85712451701875
1201463.0	59.82900866339242
1213538.0	59.88588935957357
1225613.0	59.78875851471567
1237688.0	59.72355234716778
1249763.0	59.82899722507853
1261838.0	59.88611830061234
1273913.0	59.84907032777197
1285988.0	59.75841044766621
1298063.0	59.87565257478912
1310138.0	59.766481776967304
1322213.0	59.69213402432141
1334288.0	59.80115105230592
1346363.0	59.74205197652673
1358438.0	59.83606212824986
1370513.0	59.85165674812707
1382588.0	59.79325264120719
1394663.0	59.80938239204379
1406738.0	59.84488094269926
1418813.0	59.807615464831834
1430888.0	59.75385907982219
1442963.0	59.81357968432827
1455038.0	59.80471374815213
1467113.0	59.792738647248804
1479188.0	59.82273138378052
1491263.0	59.84344798397829
1503338.0	59.80414665063571
1515413.0	59.85001953527062
1527488.0	59.834004961628146
1539563.0	59.76017263200065
1551638.0	59.824316012099864
1563713.0	59.83165578246923
1575788.0	59.791742321237045
1587863.0	59.90386356229858
1599938.0	59.84821614162956
1612013.0	59.88446056750981
1624088.0	59.82478453065962
1636163.0	59.759128595759016
1648238.0	59.795422283662546
1660313.0	59.23845165862084
1672388.0	59.39540517352563
1684463.0	59.85863143755135
1696538.0	59.72306507508664
1708613.0	59.740732786392336
1720688.0	59.82754754113366
1732763.0	59.85681810836144
1744838.0	59.8469343383099
1756913.0	59.87866828442287
1768988.0	59.782822970073966
1781063.0	59.808945029004796
1793138.0	59.801027593424436
1805213.0	59.85313720002467
1817288.0	59.77652698733966
1829363.0	59.90829512296791
1841438.0	59.783047125792095
1853513.0	59.889431837005134
1865588.0	59.87312376577478
1877663.0	59.78575475551534
1889738.0	59.81252616135265
1901813.0	59.72201855671191
1913888.0	59.865881232382435
1925963.0	59.77857738953255
1938038.0	59.82527649632049
1950113.0	59.788576796369554
1962188.0	59.80687697925139
1974263.0	59.83418072928039
1986338.0	59.70156442241594
1998413.0	59.89974909702501
2010488.0	59.83302135272583
2022563.0	59.87198898830007
2034638.0	59.81340894539468
2046713.0	59.741518929081614
2058788.0	59.86333253265524
2070863.0	59.91403014742422
2082938.0	59.8241546962266
2095013.0	59.84813598347611
2107088.0	59.8185103174711
2119163.0	59.7892125947591
2131238.0	59.80212055878791
2143313.0	59.84123496127012
2155388.0	59.87947376646778
2167463.0	59.86423852221398
2179538.0	59.80474439147928
2191613.0	59.76076965290163
2203688.0	59.81950478137483
2215763.0	59.845749008881114
2227838.0	59.80366883980841
2239913.0	59.669216009512745
2251988.0	59.81365840223002
2264063.0	59.81520175843261
2276138.0	59.81964291893014
2288213.0	59.89930276030509
2300288.0	59.764940626824995
2312363.0	59.71590909090909
2324438.0	59.780564404167656
2336513.0	59.81974221649747
2348588.0	59.86093377005496
2360663.0	59.78449837015574
2372738.0	59.765176354642456
2384813.0	59.855419782998
2396888.0	59.80977375406212
2408963.0	59.7625387402331
2421038.0	59.84025599354977
2433113.0	59.73276250753212
2445188.0	59.59133511265595
2457263.0	59.749443125351874
2469338.0	59.77284268425736
2481413.0	59.83134661136231
2493488.0	59.84634524863083
2505563.0	59.81929621968707
2517638.0	59.86008124582464
2529713.0	59.83270460882401
2541788.0	59.80294546418395
2553863.0	59.61321708973556
2565938.0	59.832383307279436
2578013.0	59.82233376403936
2590088.0	59.80043550659664
2602163.0	59.82493517646864
2614238.0	59.81659480308212
2626313.0	59.716984704719025
2638388.0	59.858344521467515
2650463.0	59.81975439059818
2662538.0	59.80977399338738
2674613.0	59.83141126927724
2686688.0	59.77612707677392
2698763.0	59.88261009125231
2710838.0	59.80560251663849
2722913.0	59.84112197898877
2734988.0	59.73604746020424
2747063.0	59.82542270073546
2759138.0	59.79584765864449
2771213.0	59.81000834691363
2783288.0	59.326280777936894
2795363.0	59.85892424714382
2807438.0	59.62947900734677
2819513.0	59.7922888225256
2831588.0	59.902843044470096
2843663.0	59.798503723109654
2855738.0	59.91696465889565
2867813.0	59.851023872295855
2879888.0	59.84501197753721
2891963.0	59.75744962452166
2904038.0	59.79108847221282
2916113.0	59.74782462348815
2928188.0	59.86408981170517
2940263.0	59.84873756009333
2952338.0	59.8250230969512
2964413.0	59.8087614612138
2976488.0	59.68319064951043
2988563.0	59.71621661444162
3000638.0	59.833718873316094
3012713.0	59.85613179222349
3024788.0	59.852701943269544
3036863.0	59.77672548115006
3048938.0	59.809122471962596
3061013.0	59.830902225019436
3073088.0	59.847430672895335
3085163.0	59.76532942499745
3097238.0	59.84839591320139
3109313.0	59.792965018662606
3121388.0	59.79452420661535
3133463.0	59.84649060465645
3145538.0	59.83307713630522
3157613.0	59.77831848872288
3169688.0	59.84704020259576
3181763.0	59.83763414572462
3193838.0	59.8213182161018
3205913.0	59.79432078261398
3217988.0	59.740640280133896
3230063.0	59.823543262372056
3242138.0	59.83688583815029
3254213.0	59.877733638476734
3266288.0	59.826521331903514
3278363.0	59.84139501305048
3290438.0	59.80780994860481
3302513.0	59.80285264263213
3314588.0	59.70539919435876
3326663.0	59.78515414298162
3338738.0	59.863952692424704
3350813.0	59.814956534490584
3362888.0	59.80245157053738
3374963.0	59.78746872561943
3387038.0	59.81420488857861
3399113.0	59.757061189544
3411188.0	59.88943046335676
3423263.0	59.8586949603161
3435338.0	59.75954744297689
3447413.0	59.866677685039804
3459488.0	59.7276510289429
3471563.0	59.741672572643516
3483638.0	59.8118163519003
3495713.0	59.85712451701875
3507788.0	59.82762266028232
3519863.0	59.800943509540716
3531938.0	59.87152885630863
3544013.0	59.81767698341812
3556088.0	59.844254527980745
3568163.0	59.86865691786629
3580238.0	59.81870599323612
3592313.0	59.776433383748106
3604388.0	59.836399091668845
3616463.0	59.85420301431484
3628538.0	59.85922011387242
3640613.0	59.84668522015704
3652688.0	59.85658888814602
3664763.0	59.81593178036606
3676838.0	59.8740806661143
3688913.0	59.851946468487824
3700988.0	59.85522869486858
3713063.0	59.86195088019691
3725138.0	59.87973611519491
3737213.0	59.861852009597825
3749288.0	59.873305650119086
3761363.0	59.869173468175724
3773438.0	59.77848548597657
3785513.0	59.892913490167174
3797588.0	59.840974034041494
3809663.0	59.8441919892649
3821738.0	59.88585057561935
3833813.0	59.89716093873604
3845888.0	59.8851052768391
3857963.0	59.8382800608828
3870038.0	59.93862947441652
3882113.0	59.81989057305165
3894188.0	59.86743503316299
3906263.0	59.86096256684492
3918338.0	59.87003171091134
3930413.0	59.88595988048048
3942488.0	59.829652996845425
3954563.0	59.90178755325261
3966638.0	59.836983532686126
3978713.0	59.828245302320575
3990788.0	59.894399880733985
4002863.0	59.928747374698574
4014938.0	59.47803972985677
4027013.0	59.27807084393155
4039088.0	59.7972733262379
4051163.0	59.90896404210087
4063238.0	59.81854730635219
4075313.0	59.84974842563887
4087388.0	59.855636033842295
4099463.0	58.83335615500479
4111538.0	59.87867056119186
4123613.0	59.839907048156526
4135688.0	59.874862788144895
4147763.0	59.88981020040293
4159838.0	59.8631921000392
4171913.0	59.82644613755879
4183988.0	59.91048276545494
4196063.0	59.90568217338715
4208138.0	59.853091270617725
4220213.0	59.812338381972666
4232288.0	59.868485978590016
4244363.0	59.84572096446041
4256438.0	59.84221577096853
4268513.0	59.724912425303934
4280588.0	59.844525020761765
4292663.0	59.91385820629217
4304738.0	59.90384296836177
4316813.0	59.87000242152352
4328888.0	59.81139752733126
4340963.0	59.82755193320744
4353038.0	59.779808911228066
4365113.0	59.799911071587374
4377188.0	59.89116750596342
4389263.0	59.92994573260977
4401338.0	59.84147492918551
4413413.0	59.78561525043856
4425488.0	59.752684535385136
4437563.0	58.941477673117255
4449638.0	59.7287186731544
4461713.0	59.85327723014394
4473788.0	59.69983599854834
4485863.0	59.79396248410791
4497938.0	59.85046456361905
4510013.0	59.835681435082094
4522088.0	59.87896969070032
4534163.0	59.77685606585898
4546238.0	59.821517229772375
4558313.0	59.843376413201
4570388.0	59.81687446528305
4582463.0	59.78927663240203
4594538.0	59.86118957307723
4606613.0	59.853062762294485
4618688.0	59.820842116597575
4630763.0	59.83085632429305
4642838.0	59.87867301786062
4651302.0	59.88044605506939
4657339.5	59.79870459740919
4666988.0	59.818341142950096
4679063.0	59.87104148289871
4691138.0	59.896384214950984
4703213.0	59.770285778789535
4715288.0	59.76816381459222
4722679.5	59.911306089361496
4728717.0	59.91336659070846
4739438.0	59.93738923028506
4751513.0	59.9027569048912
4763588.0	59.894051790834204
4775663.0	59.93591462201735
4787738.0	59.902198102526064
4799813.0	59.828124394121524
4811888.0	59.829532747438435
4819084.5	59.947581085508354
4825049.5	59.62322399579021
