#Position (bp)	Coverage	Std
6038.0	19.041656314699793	3.889785955886093
18113.0	8.613002070393375	10.212053933888825
30188.0	18.506749482401656	6.59237278087242
42263.0	16.436438923395446	8.371844759614756
54338.0	20.0	0.0
66413.0	19.99966873706004	6.239173645979016
78488.0	20.0	0.0
90563.0	20.0	0.0
102638.0	14.544430641821947	9.317620609910438
114713.0	19.98650103519669	6.168899489452968
126788.0	17.258550724637683	7.313551334768492
138863.0	20.0	0.0
150938.0	20.0	6.2423452088140845
163013.0	20.0	0.0
175088.0	19.930600414078675	5.912537123612435
187163.0	16.323643892339543	8.154176869192789
199238.0	20.0	6.2423452088140845
211313.0	20.0	0.0
223388.0	18.479503105590062	6.547295681832434
235463.0	20.0	0.0
247538.0	16.419875776397514	8.34906176154762
259613.0	19.999171842650103	6.234765283204008
271688.0	19.309068322981368	4.4882824208183365
283763.0	20.0	6.2423452088140845
295838.0	18.448447204968943	6.49775881094531
307913.0	16.832298136645964	8.755430139965586
319988.0	19.591884057971015	6.006063189066185
332063.0	20.0	0.0
344138.0	20.0	0.0
356213.0	19.999917184265012	6.2423452088140845
368288.0	18.450600414078675	6.501797808391217
380363.0	18.890186335403726	6.7760447614147035
392438.0	20.0	0.0
404513.0	16.431469979296065	8.36501637564466
416588.0	20.0	6.2423452088140845
428663.0	19.999751552795033	6.241569054733783
440738.0	20.0	6.2423452088140845
452813.0	19.785507246376813	5.649932666008931
464888.0	20.0	6.2423452088140845
476963.0	19.855072463768117	5.7513919460223
489038.0	20.0	0.0
501113.0	20.0	6.2423452088140845
513188.0	18.46128364389234	6.522075905728393
525263.0	18.13167701863354	5.769054305312073
537338.0	19.999917184265012	6.242093135165042
549413.0	20.000082815734988	0.05827044820980982
561488.0	20.0	0.0
573563.0	14.873788819875777	9.8004140699273
585638.0	18.484554865424432	6.5445819419601605
597713.0	19.99734989648033	6.2078424986957295
609788.0	16.43718426501035	8.371003882697748
621863.0	19.989896480331264	6.215795014352989
633938.0	18.095403726708074	5.715794831780285
646013.0	20.0	0.0
658088.0	15.99983436853002	8.880849193723332
670163.0	20.0	0.0
682238.0	19.553374741200827	5.2315257127958255
694313.0	16.196273291925465	8.072907942625354
706388.0	20.0	0.0
718463.0	19.141532091097307	4.11496284973004
730538.0	19.999917184265012	6.242093135165042
742613.0	20.0	0.0
754688.0	17.338302277432714	7.426130352227973
766763.0	19.793291925465837	5.669028858522222
778838.0	19.730020703933747	5.5200069013069335
790913.0	17.732339544513458	7.815146942900718
802988.0	0.0	0.0
815063.0	15.08703933747412	8.296288676094958
827138.0	17.674285714285713	7.354738194731577
839213.0	19.992298136645964	6.185202404001659
851288.0	19.071635610766045	4.047922044437959
863363.0	17.071635610766045	6.973614869479535
875438.0	20.0	6.2423452088140845
887513.0	20.0	0.0
899588.0	20.0	0.0
911663.0	15.235610766045548	8.774492488258284
923738.0	20.0	0.0
935813.0	19.80695652173913	5.702463962016351
947888.0	20.00033126293996	0.11724935824253224
959963.0	19.855403726708076	5.8408215764026385
972038.0	19.650848861283645	5.4145039479226895
984113.0	20.0	0.0
996188.0	19.992049689440993	6.169000174015066
1008263.0	18.496894409937887	6.67618368317024
1020338.0	16.60198757763975	8.498149841267667
1032413.0	19.996687370600416	6.234645735999452
1044488.0	20.0	0.0
1056563.0	20.0	0.0
1068638.0	12.262443064182195	9.188466079966313
1080713.0	8.123561076604554	8.418371903595515
1092788.0	19.698136645962734	5.561952976336017
1104863.0	17.22824016563147	7.253915912543556
1116938.0	19.80919254658385	5.691874270590956
1129013.0	18.3392132505176	5.99226554625307
1141088.0	17.84430641821946	8.156568311812192
1153163.0	18.553954451345756	6.758367254767274
1165238.0	20.0	0.0
1177313.0	18.150724637681158	5.801563293282485
1189388.0	20.0	0.0
1201463.0	19.971014492753625	6.12635078272894
1213538.0	15.909730848861283	9.58252809651487
1225613.0	14.442815734989647	9.56361289008433
1237688.0	16.418219461697724	8.310854983634728
1249763.0	18.49606625258799	6.576323678644018
1261838.0	20.0	0.0
1273913.0	16.378467908902692	8.217377939892952
1285988.0	19.611097308488613	5.2753813163719565
1298063.0	19.94103519668737	6.061636483079639
1310138.0	9.68695652173913	10.553560524844343
1322213.0	10.464596273291926	10.390989885831543
1334288.0	19.67536231884058	5.446224973284463
1346363.0	19.848033126293995	5.761987234835732
1358438.0	20.0	0.0
1370513.0	20.0	0.0
1382588.0	18.51014492753623	6.600897109492279
1394663.0	19.890931677018635	5.904779269325967
1406738.0	19.636438923395445	5.395151569278342
1418813.0	18.307412008281574	6.065931746262114
1430888.0	19.97002070393375	6.117463039305352
1442963.0	19.591718426501036	5.307403321842418
1455038.0	19.53175983436853	5.156298285425461
1467113.0	20.0	0.0
1479188.0	20.0	6.2423452088140845
1491263.0	19.6472049689441	5.409852219349131
1503338.0	16.381863354037268	8.300998967047983
1515413.0	20.0	0.0
1527488.0	20.0	0.0
1539563.0	18.509316770186334	6.599454146446954
1551638.0	19.681656314699794	5.479636686812518
1563713.0	20.000082815734988	0.05827044820980982
1575788.0	19.897391304347828	5.922550510959397
1587863.0	18.515776397515527	6.616573706915658
1599938.0	19.980041407867496	6.185751342297639
1612013.0	19.941697722567287	6.064163476931358
1624088.0	13.37639751552795	9.512789690824839
1636163.0	19.667080745341615	5.411543524044631
1648238.0	20.0	0.0
1660313.0	4.811180124223602	8.29128105993922
1672388.0	15.817805383022774	9.274935613890909
1684463.0	17.222194616977227	6.591763478439861
1696538.0	17.481573498964803	7.615147811466053
1708613.0	19.951801242236026	6.067214954860972
1720688.0	19.35983436853002	4.986980980118761
1732763.0	15.758674948240166	9.330654747252325
1744838.0	20.0	0.0
1756913.0	19.999917184265012	6.239439110535393
1768988.0	19.999751552795033	6.241575688938278
1781063.0	17.465507246376813	7.5494011389603495
1793138.0	20.0	0.0
1805213.0	17.412670807453416	7.419815671313761
1817288.0	15.93407867494824	9.384763652851136
1829363.0	17.309979296066253	7.208167670040723
1841438.0	13.860869565217392	10.195322274126108
1853513.0	19.999917184265012	6.242093135165042
1865588.0	19.999917184265012	6.242093135165042
1877663.0	19.946335403726707	6.075630989902682
1889738.0	19.99983436853002	6.239439110535393
1901813.0	17.164389233954452	6.842825805933683
1913888.0	19.980703933747414	6.184599854664716
1925963.0	13.889026915113872	9.800785872913869
1938038.0	19.987080745341615	6.168389329080475
1950113.0	19.948902691511385	6.049786540388429
1962188.0	20.0	0.0
1974263.0	13.911801242236026	10.193571635668796
1986338.0	19.958840579710145	6.082851026003747
1998413.0	16.394534161490682	8.326310912772179
2010488.0	20.0	0.0
2022563.0	20.0	6.2423452088140845
2034638.0	18.49192546583851	6.569078704891266
2046713.0	18.767701863354038	6.974665779298622
2058788.0	20.0	0.0
2070863.0	19.442650103519668	5.013233006352633
2082938.0	19.855569358178055	5.812565812535096
2095013.0	20.0	6.2423452088140845
2107088.0	20.0	0.0
2119163.0	19.856728778467907	5.821805231117608
2131238.0	16.813913043478262	8.871253036340617
2143313.0	0.0	0.0
2155388.0	0.0	0.0
2167463.0	0.0	0.0
2179538.0	0.0	0.0
2191613.0	0.0	0.0
2203688.0	0.0	0.0
2215763.0	0.0	0.0
2227838.0	0.0	0.0
2239913.0	12.536728778467909	10.151298502341653
2251988.0	18.525879917184266	6.723340883028287
2264063.0	18.96231884057971	7.344354601560139
2276138.0	20.0	0.0
2288213.0	18.905175983436852	7.261971625120687
2300288.0	14.4303933747412	9.26206448419124
2312363.0	19.65590062111801	5.420794254716449
2324438.0	20.000662525879918	0.16681153124562098
2336513.0	19.56737060041408	5.251843805182827
2348588.0	19.999337474120082	6.230945280535443
2360663.0	16.41656314699793	8.34251254287042
2372738.0	17.461697722567287	7.5854006009856
2384813.0	18.868902691511387	7.211860486519315
2396888.0	19.58120082815735	5.405472267506567
2408963.0	17.471635610766047	7.600125312250105
2421038.0	20.0	0.0
2433113.0	19.972173913043477	6.127006368475349
2445188.0	15.203312629399585	8.450567501494113
2457263.0	18.302277432712216	6.380936930236847
2469338.0	17.481159420289856	7.61501187110706
2481413.0	19.928115942028985	6.023508122640796
2493488.0	19.99966873706004	6.241575688938278
2505563.0	19.999917184265012	6.242093135165042
2517638.0	19.981780538302278	6.18524926648982
2529713.0	20.0	0.0
2541788.0	20.0	6.2423452088140845
2553863.0	10.302608695652173	10.181914710090684
2565938.0	14.45399585921325	9.432378928813705
2578013.0	20.00207039337474	0.29333521550305963
2590088.0	20.0	0.0
2602163.0	14.974409937888199	9.516445393068498
2614238.0	19.92712215320911	6.0198636001138075
2626313.0	20.0	0.0
2638388.0	18.511138716356108	6.602854016213011
2650463.0	18.502194616977224	6.5686815754572505
2662538.0	14.634865424430641	9.62263549510401
2674613.0	12.238592132505175	9.832261934122831
2686688.0	18.297391304347826	5.947088993349939
2698763.0	16.651097308488612	8.697692514251338
2710838.0	20.0	0.0
2722913.0	19.999585921325053	6.2389214441880485
2734988.0	20.0	0.0
2747063.0	17.487370600414078	7.623897266084423
2759138.0	20.00016563146998	6.2428891225355985
2771213.0	18.96778467908903	7.068408707503739
2783288.0	18.8944099378882	6.970211684854129
2795363.0	17.37879917184265	6.911945431499956
2807438.0	19.725383022774327	5.457799706818814
2819513.0	20.0	6.2423452088140845
2831588.0	15.705175983436853	9.00111334268531
2843663.0	19.599171842650104	5.322595297778498
2855738.0	19.213995859213252	4.221310424231147
2867813.0	20.0	0.0
2879888.0	19.566045548654245	5.380703195095043
2891963.0	16.48472049689441	7.6894485528950005
2904038.0	19.556273291925464	5.147215774352507
2916113.0	19.995031055900622	6.205247228572113
2928188.0	20.0	0.0
2940263.0	19.825093167701862	5.815514340050882
2952338.0	18.5431884057971	6.573508537512797
2964413.0	17.207453416149068	7.336880376876555
2976488.0	18.513209109730848	6.430871454200862
2988563.0	17.61830227743271	7.634979977358054
3000638.0	20.0	0.0
3012713.0	20.0	0.0
3024788.0	19.944927536231884	6.0739269004259855
3036863.0	19.99983436853002	6.239173645979016
3048938.0	16.381780538302277	8.300714629117019
3061013.0	18.67751552795031	6.564040315141216
3073088.0	20.0	0.0
3085163.0	19.713209109730848	5.461781385282745
3097238.0	18.12712215320911	5.7896530825028725
3109313.0	19.99238095238095	6.183970462674431
3121388.0	17.43486542443064	7.544808863500088
3133463.0	17.482318840579712	7.614223369164312
3145538.0	16.428985507246377	8.361600092545713
3157613.0	18.471221532091096	6.537675491193895
3169688.0	20.0	0.0
3181763.0	19.613167701863354	5.345821301074587
3193838.0	17.40703933747412	7.428940108704359
3205913.0	18.462111801242237	6.449819038660694
3217988.0	19.942525879917184	6.066116053551506
3230063.0	19.5864182194617	5.2897103131161485
3242138.0	18.36430641821946	6.205073727087548
3254213.0	18.50302277432712	6.48444547562041
3266288.0	19.657971014492755	5.547498643607598
3278363.0	14.769689440993789	9.658645919267817
3290438.0	17.514534161490683	7.701270363867984
3302513.0	19.927950310559005	6.020358834562471
3314588.0	19.794202898550726	5.700081725468385
3326663.0	19.858053830227743	5.796500693509409
3338738.0	18.1648033126294	5.820617314454287
3350813.0	18.502691511387162	6.587899064092811
3362888.0	20.0	0.0
3374963.0	19.99983436853002	6.2418543191598825
3387038.0	19.998178053830227	6.224954787932298
3399113.0	20.0	0.0
3411188.0	19.599171842650104	5.323995448554766
3423263.0	16.99287784679089	8.859006015216366
3435338.0	20.0	0.0
3447413.0	19.464679089026916	5.055395002721389
3459488.0	20.000082815734988	0.05827044820980982
3471563.0	19.999585921325053	6.23891480716114
3483638.0	16.40455486542443	8.326872858054392
3495713.0	20.0	0.0
3507788.0	19.660538302277434	5.432141138620798
3519863.0	20.0	6.239691291402829
3531938.0	20.0	0.0
3544013.0	16.991304347826087	8.861810030610764
3556088.0	18.44712215320911	6.488326833103252
3568163.0	19.998178053830227	6.239372745455168
3580238.0	15.78351966873706	9.283325062907283
3592313.0	20.0	0.0
3604388.0	19.94351966873706	6.069378048571394
3616463.0	20.0	0.0
3628538.0	16.434451345755694	8.364917372580765
3640613.0	19.65879917184265	5.432491773919773
3652688.0	10.318012422360248	10.183045219279359
3664763.0	14.578385093167702	9.49840130386122
3676838.0	16.377639751552795	7.886067594929759
3688913.0	20.000414078674947	0.13029668327651567
3700988.0	19.99776397515528	6.223797247172583
3713063.0	18.490269151138715	6.566178477087008
3725138.0	20.0	0.0
3737213.0	20.0	0.0
3749288.0	19.892256728778467	5.9168636423631416
3761363.0	19.89416149068323	5.878317529465867
3773438.0	19.798840579710145	5.547035841353362
3785513.0	20.0	0.0
3797588.0	20.000082815734988	0.05827044820980982
3809663.0	20.0	0.0
3821738.0	18.43544513457557	6.431515313979626
3833813.0	15.163312629399586	8.540329365596964
3845888.0	19.831552795031055	5.85665200185289
3857963.0	19.469482401656315	5.194941001424518
3870038.0	20.0	0.0
3882113.0	19.999337474120082	6.2403283345163265
3894188.0	19.99983436853002	6.241867586955436
3906263.0	17.13449275362319	7.011933040820062
3918338.0	20.0	6.2423452088140845
3930413.0	20.0	0.0
3942488.0	18.436438923395446	6.483870735150796
3954563.0	15.332505175983437	8.736610577863361
3966638.0	19.998509316770186	6.214076053672676
3978713.0	18.509316770186334	6.599454146446954
3990788.0	20.0	0.0
4002863.0	15.956107660455487	9.560854453875908
4014938.0	16.347577639751552	7.921383905692646
4027013.0	17.16414078674948	6.834154876635939
4039088.0	19.966045548654243	6.140744015185898
4051163.0	20.0	0.0
4063238.0	18.51097308488613	6.602339757173296
4075313.0	19.587080745341616	5.121941596141614
4087388.0	19.99983436853002	6.236531658073515
4099463.0	17.078260869565216	6.607637215012444
4111538.0	19.999917184265012	6.244739400994683
4123613.0	19.98111801242236	6.185758036366447
4135688.0	14.792132505175983	9.854069794322909
4147763.0	19.8896066252588	5.907534579104269
4159838.0	19.99966873706004	6.243976807837421
4171913.0	14.700455486542443	9.68969912593465
4183988.0	15.055900621118013	8.647765661237417
4196063.0	18.502691511387162	6.587899064092811
4208138.0	16.294989648033127	8.06120993338234
4220213.0	10.154782608695653	9.965169154273896
4232288.0	15.912298136645962	9.50925015494475
4244363.0	19.139544513457558	4.522087500515532
4256438.0	20.0	0.0
4268513.0	19.952049689440994	6.045712681061362
4280588.0	18.44985507246377	6.430156694348254
4292663.0	19.96728778467909	6.143588959249069
4304738.0	20.0	0.0
4316813.0	20.0	0.0
4328888.0	18.491097308488612	6.567628751079669
4340963.0	20.0	6.239691291402829
4353038.0	17.472463768115944	7.599199042462076
4365113.0	18.242981366459627	6.132005437312481
4377188.0	20.0	0.0
4389263.0	10.09159420289855	9.955952681125995
4401338.0	20.0	6.2423452088140845
4413413.0	16.211180124223603	8.054164464262653
4425488.0	19.55312629399586	5.066293437272121
4437563.0	17.089855072463767	6.977888769321178
4449638.0	20.0	0.0
4461713.0	20.0	0.0
4473788.0	18.398260869565217	6.264633386717796
4485863.0	19.998840579710144	6.225606641431038
4497938.0	20.0	0.0
4510013.0	20.0	0.0
4522088.0	16.428737060041406	8.359044394451187
4534163.0	20.0	6.239691291402829
4546238.0	20.0	0.0
4558313.0	19.204968944099377	4.667450392634276
4570388.0	17.622939958592134	7.88035269465349
4582463.0	20.0	0.0
4594538.0	19.928115942028985	5.991512285032699
4606613.0	16.80944099378882	8.805644716997593
4618688.0	20.0	6.2423452088140845
4630763.0	19.999917184265012	6.242093135165042
4642838.0	20.0	0.0
4651302.0	19.882958994436432	5.9146689927011735
4657339.5	13.871503738576571	10.097242509039152
4666988.0	17.393623188405797	7.26936337600065
4679063.0	20.0	0.0
4691138.0	20.0	6.2423452088140845
4703213.0	17.597929606625257	7.178983589828213
4715288.0	17.078343685300208	6.5682592051096185
4722679.5	16.295790251107828	7.706176425180767
4728717.0	15.617593679940216	9.255313640035348
4739438.0	19.431055900621118	4.998012027156648
4751513.0	19.674120082815737	5.405319058120699
4763588.0	18.490434782608695	6.566695568033424
4775663.0	19.127950310559005	4.489739856066859
4787738.0	12.980869565217391	10.27672600143103
4799813.0	17.436687370600414	7.54655392815
4811888.0	19.99966873706004	6.241350122029341
4819084.5	19.71095772217429	5.427854533031584
4825049.5	15.504161464835622	9.033858031207192
