#Position (bp)	Coverage	Std
6038.0	19.43975155279503	5.06594197715904
18113.0	8.920910973084887	10.507416290480228
30188.0	18.664182194616977	6.826267619030568
42263.0	16.611014492753622	8.574612245185174
54338.0	20.0	0.0
66413.0	19.612753623188407	5.340334431723364
78488.0	20.0	0.0
90563.0	20.0	0.0
102638.0	14.932587991718426	9.7099722490131
114713.0	19.485631469979296	5.041131030869299
126788.0	16.93341614906832	8.797689325846878
138863.0	19.407867494824018	4.94537448313754
150938.0	20.0	0.0
163013.0	20.0	0.0
175088.0	20.0	0.0
187163.0	15.151304347826088	8.359940958908677
199238.0	20.0	0.0
211313.0	19.56687370600414	5.261800304369616
223388.0	18.674120082815737	6.843352247202833
235463.0	20.0	0.0
247538.0	16.631055900621117	8.60073664330291
259613.0	20.0	0.0
271688.0	19.544761904761906	5.216886103905088
283763.0	18.62873706004141	6.369843548494591
295838.0	18.448530020703934	6.498580829306585
307913.0	18.187163561076606	5.620540560344368
319988.0	19.010600414078674	3.6971927126471686
332063.0	19.561242236024846	5.25198572325431
344138.0	20.0	0.0
356213.0	19.61465838509317	5.349870840723387
368288.0	18.67329192546584	6.838328225469631
380363.0	19.42385093167702	4.713857813568675
392438.0	18.93623188405797	7.027393898903914
404513.0	16.62111801242236	8.588306364538944
416588.0	19.52215320910973	5.174191408208482
428663.0	20.0	0.0
440738.0	19.752380952380953	5.6145256745984
452813.0	19.508902691511388	5.1509310903280845
464888.0	19.61407867494824	5.349135492544409
476963.0	19.61242236024845	5.338597298730484
489038.0	19.559420289855073	5.24169460373652
501113.0	20.0	0.0
513188.0	18.669979296066252	6.836026838738902
525263.0	18.67494824016563	6.843654781331795
537338.0	20.0	0.0
549413.0	20.0	0.0
561488.0	17.05407867494824	6.005028948373809
573563.0	15.301863354037268	8.70417904912661
585638.0	18.170683229813665	5.843458234708859
597713.0	19.472463768115944	5.077250034113222
609788.0	16.42575569358178	8.35914842067304
621863.0	19.613416149068325	5.352215539393404
633938.0	18.235859213250517	5.9524130847994
646013.0	19.539544513457557	5.207456033773622
658088.0	15.182028985507246	8.291191164825293
670163.0	19.613416149068325	5.346456422088553
682238.0	19.57896480331263	5.281531555274299
694313.0	15.558343685300207	8.984136007038222
706388.0	19.347412008281573	4.8197746568974775
718463.0	19.999337474120082	6.2429289192400095
730538.0	20.0	0.0
742613.0	19.573498964803314	5.268249362526007
754688.0	17.480745341614906	7.609000881189191
766763.0	19.55031055900621	5.227218143889686
778838.0	19.520662525879917	5.048969310394796
790913.0	18.66583850931677	6.804029983514414
802988.0	19.390973084886127	4.425289640893249
815063.0	16.92968944099379	8.692768465942507
827138.0	17.59751552795031	7.603763914856763
839213.0	19.27734989648033	4.386153632204441
851288.0	18.71768115942029	6.780327163118563
863363.0	16.650600414078674	8.406711308892193
875438.0	20.0	0.0
887513.0	19.999751552795033	6.241575688938278
899588.0	20.0	0.0
911663.0	15.788405797101449	9.388861732802393
923738.0	19.6	5.3209613228801
935813.0	19.568530020703935	5.259753829977871
947888.0	20.0	0.0
959963.0	19.436024844720496	4.821595656946881
972038.0	18.89888198757764	6.971542272432602
984113.0	20.0	0.0
996188.0	20.0	0.0
1008263.0	17.195942028985506	6.748544816688791
1020338.0	16.80496894409938	8.8518049767127
1032413.0	19.58592132505176	5.295765721363566
1044488.0	19.585093167701864	5.293497710627855
1056563.0	20.0	0.0
1068638.0	12.932505175983437	9.904981284399604
1080713.0	7.594202898550725	8.919195574122197
1092788.0	19.95792960662526	6.131012703476181
1104863.0	17.466501035196686	7.562274242476695
1116938.0	19.605797101449276	5.328970783052321
1129013.0	17.01896480331263	5.858178972135046
1141088.0	17.560745341614908	7.712585503920167
1153163.0	18.671635610766046	6.934953624973878
1165238.0	20.0	0.0
1177313.0	18.29813664596273	6.051333203548841
1189388.0	20.0	0.0
1201463.0	19.584265010351967	5.293106576073531
1213538.0	15.992546583850931	9.668993794278123
1225613.0	14.556521739130435	9.684206262346802
1237688.0	16.615155279503107	8.580163940771621
1249763.0	18.116770186335405	5.741858941090321
1261838.0	19.448447204968943	5.033428625371386
1273913.0	16.395859213250517	8.238022235462033
1285988.0	19.806790890269152	5.7584792103241105
1298063.0	18.996273291925466	7.110485652272996
1310138.0	18.52033126293996	6.433176174610933
1322213.0	18.67080745341615	6.837056502246183
1334288.0	20.0	0.0
1346363.0	19.960828157349898	6.055806720087415
1358438.0	20.0	0.0
1370513.0	19.554451345755695	5.234105388053483
1382588.0	18.66335403726708	6.823416022138774
1394663.0	19.151221532091096	3.8661454635517303
1406738.0	19.585258799171843	5.237221459212549
1418813.0	17.535900621118014	7.22418872203041
1430888.0	20.0	0.0
1442963.0	18.66583850931677	6.423752507163702
1455038.0	19.92753623188406	6.021644878215379
1467113.0	19.552463768115942	5.1988930180218595
1479188.0	19.097308488612835	3.951517778477431
1491263.0	19.671221532091096	5.458846600810481
1503338.0	16.0703933747412	7.74719611337209
1515413.0	19.186583850931676	4.170794642548415
1527488.0	19.481573498964803	5.095404497969674
1539563.0	18.669151138716355	6.833906454782082
1551638.0	19.511221532091096	5.156635557139087
1563713.0	20.0	0.0
1575788.0	20.0	0.0
1587863.0	18.259710144927535	5.990510093483212
1599938.0	19.995776397515527	6.23212807071991
1612013.0	19.612670807453416	5.341877214417516
1624088.0	13.951138716356107	10.09915643321391
1636163.0	19.631469979296067	5.383626737897237
1648238.0	20.0	0.0
1660313.0	8.033457556935819	8.6076570467444
1672388.0	15.434037267080745	8.556740347996005
1684463.0	18.632049689440993	6.390313580760765
1696538.0	17.660455486542443	7.841467518037609
1708613.0	19.50807453416149	5.148599278848714
1720688.0	18.57391304347826	6.384180759906104
1732763.0	15.963561076604554	9.641675412598412
1744838.0	20.0	0.0
1756913.0	20.0	0.0
1768988.0	18.542608695652174	6.230320570399079
1781063.0	17.16935817805383	7.000414066428448
1793138.0	19.581780538302276	5.286766164710833
1805213.0	17.669896480331264	7.85356138965216
1817288.0	16.368198757763974	8.128104757969213
1829363.0	17.215569358178055	6.94463762326203
1841438.0	14.153623188405797	8.969019602464899
1853513.0	20.0	0.0
1865588.0	20.0	0.0
1877663.0	19.59453416149068	5.309103865148213
1889738.0	19.35345755693582	4.477854410789123
1901813.0	17.972836438923395	8.042305325479763
1913888.0	20.0	0.0
1925963.0	16.731262939958594	8.71604028088752
1938038.0	20.0	0.0
1950113.0	19.476604554865425	5.089061870781066
1962188.0	19.944761904761904	6.016051682523257
1974263.0	14.323809523809524	9.23114720253925
1986338.0	19.987329192546582	6.207722433017043
1998413.0	15.629979296066253	8.93377057735302
2010488.0	20.0	0.0
2022563.0	19.56687370600414	5.258336573448749
2034638.0	18.688198757763974	6.866246544867643
2046713.0	18.545755693581782	6.447815686118299
2058788.0	20.0	0.0
2070863.0	19.595859213250517	5.314030804901785
2082938.0	19.465258799171842	4.823579077186526
2095013.0	18.742028985507247	6.550520343467861
2107088.0	19.074451345755694	3.891839952960769
2119163.0	19.62542443064182	5.352780280263563
2131238.0	16.384016563146997	8.158415995326239
2143313.0	19.208281573498965	4.3849450704907955
2155388.0	18.793457556935817	6.6449563681468655
2167463.0	19.606542443064182	5.3156123814333975
2179538.0	20.001325051759835	0.2330817928393612
2191613.0	19.71014492753623	5.528551901571006
2203688.0	19.46766045548654	5.065672235418252
2215763.0	20.0	0.0
2227838.0	19.02633540372671	3.712571670122624
2239913.0	16.163809523809523	7.862461591475836
2251988.0	18.612836438923395	6.847646979155594
2264063.0	19.05424430641822	4.329063033669344
2276138.0	19.480745341614906	5.092559424364453
2288213.0	19.019544513457557	4.2478297954384265
2300288.0	14.048861283643893	8.69558799148156
2312363.0	19.36728778467909	4.864924955640792
2324438.0	19.992629399585923	6.223271625989729
2336513.0	18.27097308488613	5.785224271865039
2348588.0	19.466997929606624	5.065541446373482
2360663.0	16.616977225672876	8.582759935821464
2372738.0	17.68447204968944	7.875979678784167
2384813.0	18.980538302277434	7.368783129073119
2396888.0	19.696066252587993	5.621350898256135
2408963.0	17.677018633540374	7.86572089623013
2421038.0	19.331677018633542	4.7909075373102255
2433113.0	19.575155279503104	5.277045098248079
2445188.0	15.521325051759835	8.86766289021947
2457263.0	18.033209109730848	5.710090592588647
2469338.0	17.683643892339546	7.87371863445574
2481413.0	19.56438923395445	5.25447654952649
2493488.0	20.0	0.0
2505563.0	20.0	0.0
2517638.0	19.494989648033126	5.114563301394864
2529713.0	18.95072463768116	7.052127705592364
2541788.0	20.0	0.0
2553863.0	19.968115942028984	6.1103516687280734
2565938.0	20.0	0.0
2578013.0	19.982194616977225	6.189150996874432
2590088.0	19.185093167701865	4.174029932800818
2602163.0	17.541863354037268	7.340220744617299
2614238.0	19.554616977225674	5.236747050291533
2626313.0	20.0	0.0
2638388.0	18.257556935817806	5.984936231717306
2650463.0	18.705590062111803	6.889184971041013
2662538.0	16.6111801242236	8.575858068724482
2674613.0	19.57929606625259	5.201265971075056
2686688.0	18.514534161490683	6.505439673197722
2698763.0	16.761656314699792	8.822223960587605
2710838.0	19.494824016563147	5.120372980721008
2722913.0	20.0	0.0
2734988.0	20.0	0.0
2747063.0	17.696894409937887	7.893782442038545
2759138.0	20.0	0.0
2771213.0	19.575983436853	5.241963186996855
2783288.0	18.528364389233953	6.108352222466056
2795363.0	18.23768115942029	5.724727519802443
2807438.0	20.0	0.0
2819513.0	20.0	0.0
2831588.0	15.746583850931676	9.048042923491336
2843663.0	18.780124223602485	6.800255749666299
2855738.0	19.09134575569358	3.894711602661859
2867813.0	20.0	0.0
2879888.0	19.69184265010352	5.613692222830784
2891963.0	17.713209109730848	7.807221798778417
2904038.0	20.0	0.0
2916113.0	18.803643892339544	6.838316114935364
2928188.0	19.61159420289855	5.341466366079505
2940263.0	20.0	0.0
2952338.0	18.67494824016563	6.84474379347713
2964413.0	17.312629399585923	7.479689545267354
2976488.0	18.839337474120082	7.078530219057611
2988563.0	18.17217391304348	6.174622476955111
3000638.0	19.56496894409938	5.260895231188357
3012713.0	20.0	0.0
3024788.0	20.0	0.0
3036863.0	18.973084886128365	7.084815945190509
3048938.0	16.6111801242236	8.574409419569951
3061013.0	18.690683229813665	6.666687370568267
3073088.0	20.0	0.0
3085163.0	18.9584265010352	6.874425253596679
3097238.0	17.481573498964803	7.1583971741947705
3109313.0	20.0	0.0
3121388.0	16.723809523809525	8.397377092222639
3133463.0	16.73855072463768	8.416714121588951
3145538.0	16.626915113871636	8.59577632331217
3157613.0	18.203726708074534	5.887348262606639
3169688.0	20.0	0.0
3181763.0	19.134409937888197	4.0453024670214
3193838.0	17.690269151138715	7.88412457346122
3205913.0	18.59561076604555	6.593603776846587
3217988.0	20.0	0.0
3230063.0	19.979296066252587	6.180011859523484
3242138.0	18.655072463768114	6.811632967600371
3254213.0	18.45465838509317	6.410976611875326
3266288.0	19.279337474120084	4.530467368337331
3278363.0	14.690517598343686	9.45561714813866
3290438.0	17.680496894409938	7.882653860474781
3302513.0	20.0	0.0
3314588.0	19.75320910973085	5.612799628415133
3326663.0	19.756521739130434	5.677174522507321
3338738.0	18.013084886128365	5.553474282334877
3350813.0	18.650931677018633	6.803543103248773
3362888.0	20.0	0.0
3374963.0	20.0	0.0
3387038.0	19.64919254658385	5.410954305945967
3399113.0	19.582608695652173	5.29326303336351
3411188.0	19.629813664596274	5.378240031693388
3423263.0	17.331677018633542	7.226847804717252
3435338.0	19.149648033126294	4.083588321780311
3447413.0	19.192298136645963	4.445799655356653
3459488.0	19.891180124223602	5.916331749188817
3471563.0	19.99983436853002	6.2418543191598825
3483638.0	16.589399585921324	8.514291967149314
3495713.0	20.0	0.0
3507788.0	19.592546583850933	5.311536723044327
3519863.0	19.68281573498965	5.47886585111305
3531938.0	19.570186335403726	5.265261756689751
3544013.0	17.34575569358178	7.251272466329782
3556088.0	18.306418219461698	6.065208115341275
3568163.0	19.542857142857144	5.212383725262263
3580238.0	16.110144927536233	7.796426425635786
3592313.0	20.0	0.0
3604388.0	20.0	0.0
3616463.0	19.198343685300205	4.19646898795567
3628538.0	16.587163561076604	8.523017185608028
3640613.0	19.66873706004141	5.451240670225494
3652688.0	10.407453416149067	10.27171234673954
3664763.0	15.283643892339544	8.677783919147332
3676838.0	17.079337474120084	6.683201028207727
3688913.0	20.0	0.0
3700988.0	20.0	0.0
3713063.0	18.804140786749482	7.024594474859874
3725138.0	20.0	0.0
3737213.0	19.54616977225673	5.220639085760296
3749288.0	19.112132505175982	3.9878905729134626
3761363.0	19.580124223602486	5.282221441215551
3773438.0	19.9951966873706	6.209443152570956
3785513.0	18.735900621118013	6.540005888272087
3797588.0	19.477101449275363	5.082760209350394
3809663.0	19.08455486542443	3.9224047214906093
3821738.0	18.6592132505176	6.8178914550130205
3833813.0	15.404306418219461	8.778262253929178
3845888.0	19.572670807453417	5.271628032382526
3857963.0	19.999171842650103	6.242411542293092
3870038.0	19.41863354037267	4.973345100702667
3882113.0	19.61407867494824	5.350993019430681
3894188.0	19.597101449275364	5.315394260924424
3906263.0	17.47743271221532	7.607585840385936
3918338.0	20.0	0.0
3930413.0	19.97879917184265	6.178524216241547
3942488.0	18.67743271221532	6.84673986586976
3954563.0	15.44679089026915	8.715541436186275
3966638.0	20.0	0.0
3978713.0	18.303271221532093	6.0565451480555135
3990788.0	20.0	0.0
4002863.0	16.283975155279503	8.10780877592694
4014938.0	17.015652173913043	6.2745534266538625
4027013.0	16.704430641821947	8.036572716973119
4039088.0	20.0	0.0
4051163.0	19.551138716356107	5.231810647386193
4063238.0	18.684057971014493	6.857858830806538
4075313.0	19.18600414078675	4.033832079082625
4087388.0	20.000496894409938	0.14786261879627807
4099463.0	16.372670807453417	7.613347764432846
4111538.0	20.0	0.0
4123613.0	19.98111801242236	6.185758036366447
4135688.0	13.855900621118012	10.004781465575
4147763.0	20.0	0.0
4159838.0	19.13904761904762	4.0492107453743955
4171913.0	15.457639751552795	9.098358325742202
4183988.0	15.440165631469979	9.082073440080435
4196063.0	18.19710144927536	5.8835771713527265
4208138.0	16.602070393374742	8.563633446463191
4220213.0	10.379378881987577	10.204034439405804
4232288.0	16.10840579710145	7.930197546486088
4244363.0	18.854658385093167	7.009133349463328
4256438.0	19.587577639751554	5.304047440837833
4268513.0	19.99296066252588	6.210163312215647
4280588.0	18.674120082815737	6.820696794456175
4292663.0	19.07693581780538	3.7137425944686857
4304738.0	19.257142857142856	4.323358482872842
4316813.0	19.472463768115944	5.077250034113222
4328888.0	18.667494824016565	6.831482352953593
4340963.0	19.55064182194617	5.229103141910388
4353038.0	17.677846790890268	7.865668252605203
4365113.0	17.741614906832297	7.778054811195583
4377188.0	19.402898550724636	4.936826584839546
4389263.0	10.288198757763976	10.15176758467055
4401338.0	20.0	0.0
4413413.0	16.96894409937888	8.830494875801286
4425488.0	19.182608695652174	4.15671274802159
4437563.0	19.063354037267082	3.8604540652703183
4449638.0	20.0	0.0
4461713.0	20.0	0.0
4473788.0	18.66583850931677	6.829784969742405
4485863.0	19.4679917184265	5.068679452003607
4497938.0	20.0	0.0
4510013.0	19.47743271221532	5.092640734239275
4522088.0	16.170186335403727	7.8293866979638045
4534163.0	19.588737060041407	5.298876790235381
4546238.0	19.839585921325053	5.775481839309208
4558313.0	19.045134575569357	3.985948403967243
4570388.0	16.482484472049688	8.13942683185608
4582463.0	19.249689440993787	4.307872325772353
4594538.0	19.695072463768117	5.498435689453492
4606613.0	17.361490683229814	7.450846520472395
4618688.0	20.0	0.0
4630763.0	19.998674948240165	6.240925503378191
4642838.0	20.0	0.0
4651302.0	19.891819493097053	5.944519923713673
4657339.5	13.431597895319856	9.412579302596363
4666988.0	15.986004140786749	9.001835561609692
4679063.0	20.0	0.0
4691138.0	20.0	0.0
4703213.0	18.568944099378882	6.485530957542506
4715288.0	17.168530020703933	6.80908539323304
4722679.5	16.01255539143279	7.108101770716678
4728717.0	14.891640866873065	9.831330818156129
4739438.0	19.523312629399587	5.170941262514272
4751513.0	19.257971014492753	4.335084850672002
4763588.0	18.660041407867496	6.81928819682723
4775663.0	18.249026915113873	5.857005502605998
4787738.0	15.734989648033126	8.961361734735783
4799813.0	17.67536231884058	7.862666983352233
4811888.0	20.0	0.0
4819084.5	19.539689387402934	4.97166258086231
4825049.5	15.316791510611734	8.669457199838131
