#Read position (bp)	Clipping profile
0.0	3.9019792648444867
1.0	3.9019792648444867
2.0	3.4872761545711595
3.0	3.0348727615457114
4.0	2.582469368520264
5.0	2.1866163996229973
6.0	1.7719132893496703
7.0	1.2818096135721018
8.0	0.9236569274269557
9.0	0.5843543826578699
10.0	0.15080113100848258
11.0	0.15080113100848258
12.0	0.15080113100848258
13.0	0.15080113100848258
14.0	0.15080113100848258
15.0	0.15080113100848258
16.0	0.15080113100848258
17.0	0.15080113100848258
18.0	0.13195098963242224
19.0	0.13195098963242224
20.0	0.13195098963242224
21.0	0.13195098963242224
22.0	0.11310084825636192
23.0	0.11310084825636192
24.0	0.11310084825636192
25.0	0.11310084825636192
26.0	0.11310084825636192
27.0	0.11310084825636192
28.0	0.11310084825636192
29.0	0.11310084825636192
30.0	0.11310084825636192
31.0	0.11310084825636192
32.0	0.11310084825636192
33.0	0.11310084825636192
34.0	0.11310084825636192
35.0	0.11310084825636192
36.0	0.11310084825636192
37.0	0.11310084825636192
38.0	0.11310084825636192
39.0	0.11310084825636192
40.0	0.11310084825636192
41.0	0.11310084825636192
42.0	0.11310084825636192
43.0	0.0942507068803016
44.0	0.0942507068803016
45.0	0.0942507068803016
46.0	0.0942507068803016
47.0	0.07540056550424129
48.0	0.07540056550424129
49.0	0.07540056550424129
50.0	0.07540056550424129
51.0	0.07540056550424129
52.0	0.07540056550424129
53.0	0.07540056550424129
54.0	0.07540056550424129
55.0	0.07540056550424129
56.0	0.07540056550424129
57.0	0.07540056550424129
58.0	0.07540056550424129
59.0	0.07540056550424129
60.0	0.07540056550424129
61.0	0.07540056550424129
62.0	0.07540056550424129
63.0	0.07540056550424129
64.0	0.07540056550424129
65.0	0.07540056550424129
66.0	0.07540056550424129
67.0	0.07540056550424129
68.0	0.05655042412818096
69.0	0.05655042412818096
70.0	0.05655042412818096
71.0	0.05655042412818096
72.0	0.037700282752120645
73.0	0.037700282752120645
74.0	0.037700282752120645
75.0	0.037700282752120645
76.0	0.037700282752120645
77.0	0.037700282752120645
78.0	0.037700282752120645
79.0	0.037700282752120645
80.0	0.037700282752120645
81.0	0.037700282752120645
82.0	0.037700282752120645
83.0	0.037700282752120645
84.0	0.037700282752120645
85.0	0.037700282752120645
86.0	0.037700282752120645
87.0	0.037700282752120645
88.0	0.037700282752120645
89.0	0.037700282752120645
90.0	0.037700282752120645
91.0	0.037700282752120645
92.0	0.037700282752120645
93.0	0.018850141376060323
94.0	0.018850141376060323
95.0	0.018850141376060323
96.0	0.018850141376060323
97.0	0.0
98.0	0.0
99.0	0.0
100.0	0.0
101.0	0.0
102.0	0.0
103.0	0.0
104.0	0.0
105.0	0.0
106.0	0.0
107.0	0.0
108.0	0.0
109.0	0.0
110.0	0.0
111.0	0.0
112.0	0.0
113.0	0.0
114.0	0.0
115.0	0.0
116.0	0.0
117.0	0.0
118.0	0.018850141376060323
119.0	0.018850141376060323
120.0	0.018850141376060323
121.0	0.018850141376060323
122.0	0.037700282752120645
123.0	0.037700282752120645
124.0	0.037700282752120645
125.0	0.037700282752120645
126.0	0.037700282752120645
127.0	0.037700282752120645
128.0	0.037700282752120645
129.0	0.037700282752120645
130.0	0.037700282752120645
131.0	0.037700282752120645
132.0	0.05655042412818096
133.0	0.05655042412818096
134.0	0.05655042412818096
135.0	0.05655042412818096
136.0	0.05655042412818096
137.0	0.05655042412818096
138.0	0.07540056550424129
139.0	0.07540056550424129
140.0	0.07540056550424129
141.0	0.07540056550424129
142.0	0.0942507068803016
143.0	0.13195098963242224
144.0	0.13195098963242224
145.0	0.15080113100848258
146.0	0.15080113100848258
147.0	0.16965127238454286
148.0	0.16965127238454286
149.0	0.16965127238454286
150.0	0.16965127238454286
151.0	0.1885014137606032
152.0	0.1885014137606032
153.0	0.1885014137606032
154.0	0.1885014137606032
155.0	0.1885014137606032
156.0	0.1885014137606032
157.0	0.20735155513666353
158.0	0.20735155513666353
159.0	0.20735155513666353
160.0	0.20735155513666353
161.0	0.20735155513666353
162.0	0.20735155513666353
163.0	0.22620169651272384
164.0	0.22620169651272384
165.0	0.22620169651272384
166.0	0.22620169651272384
167.0	0.24505183788878418
168.0	0.2827521206409048
169.0	0.2827521206409048
170.0	0.30160226201696516
171.0	0.30160226201696516
172.0	0.32045240339302544
173.0	0.32045240339302544
174.0	0.32045240339302544
175.0	0.32045240339302544
176.0	0.3393025447690857
177.0	0.3393025447690857
178.0	0.3393025447690857
179.0	0.3393025447690857
180.0	0.3393025447690857
181.0	0.3393025447690857
182.0	0.35815268614514606
183.0	0.35815268614514606
184.0	0.35815268614514606
185.0	0.35815268614514606
186.0	0.35815268614514606
187.0	0.35815268614514606
188.0	0.3770028275212064
189.0	0.3770028275212064
190.0	0.3770028275212064
191.0	0.3770028275212064
192.0	0.3958529688972668
193.0	0.43355325164938735
194.0	0.43355325164938735
195.0	0.4524033930254477
196.0	0.4524033930254477
197.0	0.47125353440150797
198.0	0.47125353440150797
199.0	0.47125353440150797
200.0	0.47125353440150797
201.0	0.49010367577756836
202.0	0.49010367577756836
203.0	0.49010367577756836
204.0	0.49010367577756836
205.0	0.49010367577756836
206.0	0.49010367577756836
207.0	0.5089538171536286
208.0	0.5089538171536286
209.0	0.5089538171536286
210.0	0.5089538171536286
211.0	0.5089538171536286
212.0	0.5089538171536286
213.0	0.527803958529689
214.0	0.527803958529689
215.0	0.527803958529689
216.0	0.527803958529689
217.0	0.5466540999057493
218.0	0.5843543826578699
219.0	0.5843543826578699
220.0	0.6032045240339303
221.0	0.6032045240339303
222.0	0.6220546654099905
223.0	0.6220546654099905
224.0	0.6220546654099905
225.0	0.6220546654099905
226.0	0.6409048067860509
227.0	0.6409048067860509
228.0	0.6409048067860509
229.0	0.6409048067860509
230.0	0.6409048067860509
231.0	0.6409048067860509
232.0	0.6597549481621112
233.0	0.6597549481621112
234.0	0.6597549481621112
235.0	0.6597549481621112
236.0	0.6597549481621112
237.0	0.6597549481621112
238.0	0.6786050895381714
239.0	0.6786050895381714
240.0	0.9425070688030159
241.0	1.4514608859566447
242.0	1.8661639962299716
243.0	2.1489161168708764
244.0	2.6013195098963244
245.0	3.016022620169651
246.0	3.5438265786993406
247.0	3.9962299717247878
248.0	4.392082940622054
249.0	4.392082940622054
