#Position (bp)	Coverage	Std
6038.0	19.33879917184265	4.802113061462889
18113.0	8.388571428571428	9.987486995252173
30188.0	18.44935817805383	6.500644975167288
42263.0	16.424016563147	8.354465958352776
54338.0	20.0	0.0
66413.0	19.999917184265012	6.242093135165042
78488.0	19.998592132505177	6.221408307212423
90563.0	19.999751552795033	6.241827783484173
102638.0	14.452836438923395	9.187244735964603
114713.0	19.911552795031056	5.929363363505424
126788.0	17.184016563146997	7.207966607074124
138863.0	20.0	0.0
150938.0	20.0	0.0
163013.0	20.0	0.0
175088.0	19.99031055900621	6.173810980989416
187163.0	16.382360248447206	8.301048849891295
199238.0	19.999917184265012	6.242093135165042
211313.0	20.00033126293996	6.243452885523155
223388.0	18.48447204968944	6.558796031515448
235463.0	20.0	0.0
247538.0	16.4024016563147	8.327862386318943
259613.0	19.923809523809524	6.008820293955527
271688.0	19.999917184265012	6.242099768812536
283763.0	19.923975155279503	5.9788585434346615
295838.0	18.448861283643893	6.498606316585965
307913.0	17.96687370600414	7.995790818140092
319988.0	19.971097308488613	6.756908894263932
332063.0	20.0	0.0
344138.0	19.949482401656315	6.088042789793117
356213.0	20.0	6.2423452088140845
368288.0	18.44968944099379	6.475844589472319
380363.0	19.260786749482403	4.244738552964456
392438.0	19.946997929606624	6.103218442946216
404513.0	16.116604554865425	7.851837094317073
416588.0	19.30351966873706	4.675038335335126
428663.0	19.798592132505178	5.6139061293350405
440738.0	20.0	0.0
452813.0	19.997101449275362	6.215615145390742
464888.0	20.00016563146998	6.2429156537000585
476963.0	20.0	0.0
489038.0	20.0	0.0
501113.0	19.999917184265012	6.244752662660497
513188.0	18.511801242236025	6.600771646967021
525263.0	18.223022774327124	5.854282996199101
537338.0	20.0	0.0
549413.0	20.000082815734988	0.05827044820980982
561488.0	20.0	0.0
573563.0	14.844057971014493	9.768729422712122
585638.0	18.43503105590062	6.334754117631471
597713.0	20.0	0.0
609788.0	16.437267080745343	8.372685552081679
621863.0	19.95942028985507	6.0877843270291985
633938.0	18.22153209109731	5.946239481820028
646013.0	19.999751552795033	6.241827783484173
658088.0	18.854658385093167	6.899035249264959
670163.0	20.0	0.0
682238.0	20.0	0.0
694313.0	16.215817805383022	8.084501953902299
706388.0	20.0	0.0
718463.0	19.703105590062112	5.399325162955171
730538.0	20.0	6.2423452088140845
742613.0	20.0	0.0
754688.0	17.30666666666667	7.379962800155366
766763.0	19.996273291925466	6.2046132573173205
778838.0	19.65416149068323	5.2053245553671355
790913.0	18.59262939958592	6.961092701164302
802988.0	19.65383022774327	5.049256346040785
815063.0	16.662111801242236	8.503147633008442
827138.0	18.26782608695652	6.021362934934488
839213.0	19.99527950310559	6.213589594765166
851288.0	18.74658385093168	6.733753548579132
863363.0	17.03055900621118	6.888686076401889
875438.0	20.0	0.0
887513.0	19.995776397515527	6.210016619802195
899588.0	20.0	0.0
911663.0	15.2472049689441	8.790240211812556
923738.0	19.648033126293996	5.404782791068811
935813.0	19.941697722567287	6.018859249614223
947888.0	19.91594202898551	5.940324352773091
959963.0	19.854824016563146	5.838829117711747
972038.0	19.999917184265012	6.242093135165042
984113.0	19.993706004140787	6.190569198218335
996188.0	19.98790890269151	6.204760077476617
1008263.0	18.507577639751553	6.631345353759532
1020338.0	16.71966873706004	8.779045256220408
1032413.0	20.0	0.0
1044488.0	19.99983436853002	6.239186919475093
1056563.0	19.927619047619046	5.982438066323072
1068638.0	13.880828157349896	9.53048503107456
1080713.0	8.833623188405797	9.598628266386468
1092788.0	19.890103519668738	5.9573153874256795
1104863.0	17.22128364389234	7.24257026314299
1116938.0	19.991635610766046	6.183649046311598
1129013.0	19.19064182194617	3.888305980172485
1141088.0	17.526128364389233	7.5791257410026915
1153163.0	18.557349896480332	6.76594811022282
1165238.0	19.99983436853002	6.2418543191598825
1177313.0	18.4944099378882	6.570402296313654
1189388.0	19.641987577639753	5.3965712602039835
1201463.0	19.973084886128365	6.130729035711558
1213538.0	15.872795031055901	9.504332672234987
1225613.0	14.591801242236025	9.69114769701196
1237688.0	16.415900621118013	8.343465475991874
1249763.0	18.49846790890269	6.572368282797345
1261838.0	19.636687370600413	5.386202755580557
1273913.0	16.37929606625259	8.217267079806374
1285988.0	19.373498964803314	4.639384909612964
1298063.0	19.961076604554865	6.117036590209573
1310138.0	18.021780538302277	5.294835172420911
1322213.0	18.464596273291924	6.52715303237748
1334288.0	20.001656314699794	0.26280852912598895
1346363.0	19.84	5.740077404777435
1358438.0	19.716438923395444	5.429213212580667
1370513.0	20.0	0.0
1382588.0	18.470144927536232	6.533335445979291
1394663.0	19.87047619047619	5.837460237893315
1406738.0	20.0	6.239691291402829
1418813.0	18.34120082815735	6.175259527156997
1430888.0	19.8920082815735	5.90318719401808
1442963.0	19.999917184265012	6.239439110535393
1455038.0	19.804223602484473	5.628005983095229
1467113.0	19.99983436853002	6.244480792881887
1479188.0	20.0	6.2423452088140845
1491263.0	19.655155279503106	5.39381595140197
1503338.0	16.382277432712215	8.299527288292373
1515413.0	19.993374741200828	6.180212864934398
1527488.0	20.00016563146998	0.08240685814387208
1539563.0	18.47958592132505	6.552865129686976
1551638.0	19.99544513457557	6.214069390109283
1563713.0	20.0	0.0
1575788.0	19.99536231884058	6.2099099322340905
1587863.0	18.426997929606625	6.3844531665621
1599938.0	19.95354037267081	6.100076366490718
1612013.0	19.94178053830228	6.064416118402731
1624088.0	13.397929606625258	9.535658260860071
1636163.0	19.68248447204969	5.43928658091452
1648238.0	19.680579710144926	5.427130679466663
1660313.0	8.085300207039337	9.21694361973865
1672388.0	16.99064182194617	9.008263976803542
1684463.0	20.0	0.0
1696538.0	17.43511387163561	7.5443972328228615
1708613.0	19.951552795031056	6.066143357858866
1720688.0	19.387991718426502	5.045096834590331
1732763.0	15.777722567287785	9.348876439617214
1744838.0	20.0	0.0
1756913.0	20.0	0.0
1768988.0	19.77383022774327	5.577245994023109
1781063.0	17.292173913043477	7.164936475628585
1793138.0	20.0	0.0
1805213.0	17.43503105590062	7.531383613283471
1817288.0	15.903768115942029	9.3734129091392
1829363.0	16.987412008281574	8.855696135102372
1841438.0	13.870062111801243	10.197953758944253
1853513.0	19.689855072463768	5.486154226665319
1865588.0	19.99734989648033	6.211010059783588
1877663.0	19.966790890269152	6.140130359215297
1889738.0	19.999917184265012	6.244752662660497
1901813.0	17.194120082815736	7.03517927362255
1913888.0	20.000910973084885	6.245356038665007
1925963.0	16.15494824016563	7.781594252447943
1938038.0	19.920496894409936	5.904989643641332
1950113.0	20.0	0.0
1962188.0	19.99776397515528	6.208796271316716
1974263.0	13.847619047619048	10.124394008397099
1986338.0	19.935320910973086	6.0369600071860985
1998413.0	16.317101449275363	8.178358555006273
2010488.0	19.705093167701865	5.590319938843709
2022563.0	20.0	0.0
2034638.0	17.946418219461698	7.951467695294798
2046713.0	18.817722567287785	6.973312035563993
2058788.0	20.0	6.239691291402829
2070863.0	20.0	0.0
2082938.0	19.855320910973084	5.8120101253974585
2095013.0	20.0	6.2423452088140845
2107088.0	19.999751552795033	6.241827783484173
2119163.0	20.0	0.0
2131238.0	16.833954451345754	8.909110883179
2143313.0	19.596521739130434	5.431881958852461
2155388.0	20.0	0.0
2167463.0	20.0	0.0
2179538.0	19.925797101449277	6.015748827407222
2191613.0	19.99966873706004	6.241575688938278
2203688.0	20.0	0.0
2215763.0	20.0	0.0
2227838.0	19.92679089026915	6.0162306351984745
2239913.0	16.230062111801242	7.949811513840442
2251988.0	18.51014492753623	6.696756113452558
2264063.0	18.954865424430643	7.332674542213707
2276138.0	19.92513457556936	6.013793668368933
2288213.0	18.90625258799172	7.245239745157046
2300288.0	14.419792960662527	9.25320827356854
2312363.0	19.37184265010352	4.798843891137886
2324438.0	19.890269151138718	5.913804603309818
2336513.0	19.547494824016564	5.215941482479863
2348588.0	19.998343685300206	6.223058703509809
2360663.0	16.424761904761905	8.353434968705837
2372738.0	17.460041407867497	7.582561446848822
2384813.0	18.868737060041408	7.211619333835437
2396888.0	19.581118012422362	5.408504919646325
2408963.0	17.46857142857143	7.591937534513197
2421038.0	19.99983436853002	6.244480792881887
2433113.0	19.991966873706005	6.188756250956035
2445188.0	14.84703933747412	9.567664659640695
2457263.0	18.46120082815735	6.624204315669541
2469338.0	17.47826086956522	7.610154488954591
2481413.0	19.99983436853002	6.239186919475093
2493488.0	19.999337474120082	6.235482518299993
2505563.0	20.0	6.239691291402829
2517638.0	19.39743271221532	4.802216534465345
2529713.0	19.99983436853002	6.241867586955436
2541788.0	20.0	0.0
2553863.0	10.324140786749483	10.2360787652603
2565938.0	14.424347826086956	9.401114422288051
2578013.0	19.686293995859213	5.289068377929917
2590088.0	20.0	6.239691291402829
2602163.0	18.452339544513457	6.45141100331915
2614238.0	19.92753623188406	6.014275632789334
2626313.0	20.0	0.0
2638388.0	18.400745341614908	6.3226498100968715
2650463.0	18.497391304347826	6.556762822945183
2662538.0	16.040496894409937	7.706301366112126
2674613.0	20.0	0.0
2686688.0	17.883229813664595	7.872771957974993
2698763.0	16.535734989648034	8.439731531451779
2710838.0	19.99983436853002	6.244494055096921
2722913.0	20.0	6.2423452088140845
2734988.0	20.0	0.0
2747063.0	17.4592132505176	7.581633031233431
2759138.0	20.000082815734988	0.05827044820980982
2771213.0	19.34409937888199	4.740111205900811
2783288.0	18.819875776397517	6.4523095195942
2795363.0	19.5031884057971	4.897271814136122
2807438.0	19.999751552795033	6.241575688938278
2819513.0	20.000082815734988	0.05827044820980982
2831588.0	16.014824016563146	7.669438692308093
2843663.0	20.0	6.2370362447249255
2855738.0	19.982028985507245	6.186762064660358
2867813.0	19.961407867494824	6.121049450609887
2879888.0	19.568530020703935	5.385549255809427
2891963.0	17.204968944099377	6.93028281354927
2904038.0	19.97184265010352	6.1158112297494585
2916113.0	20.0	6.231736047161392
2928188.0	19.99966873706004	6.238695781311974
2940263.0	19.46616977225673	4.893693918261694
2952338.0	18.37142857142857	6.302695864094943
2964413.0	17.210766045548656	7.341732438374975
2976488.0	18.554368530020703	6.563560867619038
2988563.0	17.94136645962733	8.142234548135605
3000638.0	20.0	0.0
3012713.0	20.0	0.0
3024788.0	19.94625258799172	6.078097664691814
3036863.0	20.0	0.0
3048938.0	16.404140786749483	8.329547794426016
3061013.0	18.92737060041408	7.0698145260475
3073088.0	19.999917184265012	6.242093135165042
3085163.0	19.73805383022774	5.538040852172477
3097238.0	18.428819875776398	6.467296291732098
3109313.0	20.0	6.239691291402829
3121388.0	17.452919254658386	7.572583215993538
3133463.0	17.4824016563147	7.616398348926071
3145538.0	16.43055900621118	8.359430771035488
3157613.0	18.144099378881986	5.784408256856319
3169688.0	20.0	6.2423452088140845
3181763.0	20.0	6.2423452088140845
3193838.0	17.380289855072462	7.385055695053871
3205913.0	18.248447204968944	5.911843746271656
3217988.0	19.94277432712215	6.0639176535049195
3230063.0	19.714782608695653	5.492015661380139
3242138.0	18.35792960662526	6.253300577770275
3254213.0	18.85217391304348	7.187924080566775
3266288.0	19.661946169772257	5.555047319747841
3278363.0	14.832546583850931	9.721189849555316
3290438.0	17.518840579710144	7.707623071748452
3302513.0	19.926128364389236	6.013821210233496
3314588.0	19.52712215320911	5.182347805625161
3326663.0	19.877184265010353	5.860843147675623
3338738.0	17.59354037267081	7.32791254570036
3350813.0	18.50128364389234	6.58277443443556
3362888.0	19.99792960662526	6.2125765717981665
3374963.0	19.998260869565218	6.224123243070267
3387038.0	19.998674948240165	6.219857334280197
3399113.0	20.0	0.0
3411188.0	20.000828157349897	6.245117347434698
3423263.0	16.997101449275362	8.867368704597279
3435338.0	19.999917184265012	6.242093135165042
3447413.0	19.484223602484473	5.090843483215764
3459488.0	19.99461697722567	6.198917958073945
3471563.0	19.999254658385095	6.235276653705125
3483638.0	16.385258799171844	8.300056124931844
3495713.0	19.999917184265012	6.239439110535393
3507788.0	20.0	6.2423452088140845
3519863.0	20.0	0.0
3531938.0	19.740786749482403	5.586222329730915
3544013.0	16.944679089026916	8.804633637975224
3556088.0	18.446790890269153	6.493015836911617
3568163.0	19.998840579710144	6.241376659735868
3580238.0	15.625341614906832	9.208390268975121
3592313.0	20.0	6.239691291402829
3604388.0	20.000993788819876	0.20430156738212168
3616463.0	20.0	0.0
3628538.0	16.213002070393376	7.941024856805167
3640613.0	19.999917184265012	6.239439110535393
3652688.0	10.417391304347825	10.27944943785131
3664763.0	14.906749482401656	9.834973720073386
3676838.0	16.35312629399586	7.85339794058919
3688913.0	20.0	0.0
3700988.0	20.0	6.2423452088140845
3713063.0	18.448530020703934	6.4987082647039065
3725138.0	19.926542443064182	6.009454249153645
3737213.0	19.999917184265012	6.244739400994683
3749288.0	19.925051759834368	6.010777070711309
3761363.0	19.91536231884058	5.942031914355687
3773438.0	19.84687370600414	5.716381603211983
3785513.0	19.999917184265012	6.242093135165042
3797588.0	20.000082815734988	6.242617171598681
3809663.0	19.960248447204968	6.119791062618357
3821738.0	18.476687370600413	6.494845862245472
3833813.0	15.32944099378882	8.73371421419062
3845888.0	19.966045548654243	6.145987935382185
3857963.0	19.74567287784679	5.632698091028766
3870038.0	20.0	0.0
3882113.0	19.99983436853002	6.2367839565021645
3894188.0	20.0	0.0
3906263.0	17.145672877846792	7.046106658830752
3918338.0	19.99966873706004	6.241350122029341
3930413.0	19.84298136645963	5.729246460953827
3942488.0	18.4944099378882	6.567880939953761
3954563.0	15.74111801242236	9.182127747929457
3966638.0	19.997101449275362	6.214595789603482
3978713.0	18.51072463768116	6.596328736125197
3990788.0	20.0	0.0
4002863.0	15.95776397515528	9.561633998459515
4014938.0	17.349068322981367	7.213760717219571
4027013.0	17.600828157349895	7.549351774511566
4039088.0	19.8592132505176	5.828572443470053
4051163.0	19.999917184265012	6.242093135165042
4063238.0	18.483643892339543	6.559111690600509
4075313.0	19.53871635610766	4.916469975361748
4087388.0	19.970683229813666	6.111313880819451
4099463.0	17.09896480331263	6.693125548398539
4111538.0	20.0	6.239691291402829
4123613.0	19.89805383022774	5.886757430324293
4135688.0	8.268819875776398	9.979739309589734
4147763.0	11.460538302277433	10.135075310662227
4159838.0	20.000248447204967	0.10092737687920153
4171913.0	15.35966873706004	8.986619913745104
4183988.0	14.997515527950311	10.082151172082712
4196063.0	18.450434782608696	6.499479195571333
4208138.0	16.431387163561077	8.362550850594479
4220213.0	10.11511387163561	9.921013105282983
4232288.0	15.846211180124223	9.435749824004493
4244363.0	19.121904761904762	4.476504107773735
4256438.0	20.0	0.0
4268513.0	19.708571428571428	5.338667105151559
4280588.0	18.2024016563147	5.890877953597596
4292663.0	19.57888198757764	5.14148474902247
4304738.0	20.0	0.0
4316813.0	20.0	0.0
4328888.0	18.501863354037265	6.5834348866554695
4340963.0	19.81457556935818	5.710967980955863
4353038.0	17.455320910973086	7.574928680420534
4365113.0	18.22583850931677	6.093189355480359
4377188.0	19.95130434782609	6.093753377660049
4389263.0	10.276935817805382	10.120491481449255
4401338.0	20.0	6.2423452088140845
4413413.0	16.674037267080745	8.64799070716554
4425488.0	19.644554865424432	5.348485205725003
4437563.0	18.145010351966874	5.614776423484224
4449638.0	20.000082815734988	0.05827044820980982
4461713.0	20.0	0.0
4473788.0	18.515942028985506	6.607981872753727
4485863.0	19.99718426501035	6.222080497252163
4497938.0	19.999751552795033	6.238947992225086
4510013.0	20.0	0.0
4522088.0	16.38153209109731	8.301348140656488
4534163.0	19.998260869565218	6.2203033618179315
4546238.0	20.0	0.0
4558313.0	19.174658385093167	4.48391650751626
4570388.0	17.32248447204969	7.312820926050381
4582463.0	20.0	0.0
4594538.0	19.970683229813666	6.114937756683704
4606613.0	16.832298136645964	8.828947307522352
4618688.0	20.0	6.239691291402829
4630763.0	19.671221532091096	5.454885553108841
4642838.0	20.0	0.0
4651302.0	19.88975891201319	5.939665045529132
4657339.5	13.727499307671005	10.166244829046796
4666988.0	17.62848861283644	7.445420452485252
4679063.0	19.999917184265012	6.242093135165042
4691138.0	20.0	0.0
4703213.0	18.52	6.483436453005894
4715288.0	16.25151138716356	7.489868933830732
4722679.5	15.843796159527326	8.874951889939712
4728717.0	15.61652610227394	9.25364094954534
4739438.0	20.0	6.2423452088140845
4751513.0	19.71031055900621	5.474934413515666
4763588.0	18.44968944099379	6.439654582251782
4775663.0	19.107494824016563	4.360181203140941
4787738.0	16.478343685300207	8.332872865124934
4799813.0	17.46095238095238	7.576737854891056
4811888.0	20.000082815734988	0.05827044820980982
4819084.5	19.69758412424504	5.389208851479618
4825049.5	15.377340823970037	8.797905540863173
