#Position (bp)	Coverage	Std
6038.0	19.33623188405797	4.858068356595026
18113.0	8.307246376811595	9.874944767515952
30188.0	18.474120082815734	6.5392587318368705
42263.0	16.071304347826086	7.742790676068683
54338.0	19.999751552795033	6.239173645979016
66413.0	19.999917184265012	6.2367839565021645
78488.0	20.0	6.239691291402829
90563.0	20.0	0.0
102638.0	14.499296066252588	9.266717309243926
114713.0	19.98616977225673	6.161914681865031
126788.0	17.193706004140786	7.215700617661928
138863.0	19.999751552795033	6.239173645979016
150938.0	19.999917184265012	6.239691291402829
163013.0	19.999917184265012	6.2367839565021645
175088.0	19.85623188405797	5.7895529529874015
187163.0	15.75287784679089	9.177107173083062
199238.0	19.999751552795033	6.236518378926117
211313.0	20.0	0.0
223388.0	18.14616977225673	5.938351333758131
235463.0	19.999751552795033	6.236279349437738
247538.0	16.43801242236025	8.368787519997472
259613.0	20.0	6.2423452088140845
271688.0	19.393706004140785	4.912037860402647
283763.0	19.999917184265012	6.242093135165042
295838.0	18.44952380952381	6.500186332732965
307913.0	16.76033126293996	8.56729783143467
319988.0	19.871304347826086	6.845741902424967
332063.0	20.0	0.0
344138.0	19.999917184265012	6.242093135165042
356213.0	19.999751552795033	6.2312177408722835
368288.0	18.44985507246377	6.500594016494783
380363.0	19.04190476190476	3.442181406672071
392438.0	19.74434782608696	5.694681693116949
404513.0	15.338302277432712	8.659297711304424
416588.0	19.307577639751553	4.727655300218189
428663.0	19.997101449275362	6.216900761027456
440738.0	19.998923395445136	6.234459769124861
452813.0	19.267080745341616	4.396676704688289
464888.0	19.76405797101449	5.630955554387419
476963.0	19.855569358178055	5.749260461938846
489038.0	19.999171842650103	6.226750545850417
501113.0	19.999917184265012	6.234127671622305
513188.0	18.408944099378882	6.434714341308733
525263.0	18.645879917184264	6.795516729362646
537338.0	19.999503105590062	6.230712683016469
549413.0	20.0	0.0
561488.0	20.0	0.0
573563.0	14.814906832298137	9.737439220210197
585638.0	17.9792132505176	8.065277159042578
597713.0	19.99983436853002	6.236558216283496
609788.0	15.584099378881987	9.016134605794974
621863.0	19.98128364389234	6.181170900889585
633938.0	18.253084886128363	5.997169794882768
646013.0	19.999585921325053	6.238430285124634
658088.0	17.983436853002072	8.077446042875765
670163.0	20.0	6.2423452088140845
682238.0	19.999751552795033	6.236518378926117
694313.0	16.175072463768117	8.037139464140555
706388.0	20.0	6.239691291402829
718463.0	18.480910973084885	6.158829444320049
730538.0	19.999917184265012	6.2423452088140845
742613.0	19.999917184265012	6.234127671622305
754688.0	17.327950310559007	7.405056746874438
766763.0	19.99966873706004	6.238669232201679
778838.0	19.730848861283643	5.5137922305709655
790913.0	17.7320082815735	7.82273588250112
802988.0	0.0	0.0
815063.0	14.926045548654244	9.693027525427526
827138.0	17.661946169772257	7.790077034730745
839213.0	19.945010351966875	5.995988997485822
851288.0	19.13846790890269	4.2636894374529195
863363.0	16.890186335403726	8.795203850170022
875438.0	19.999585921325053	6.236266069753089
887513.0	20.0	6.2423452088140845
899588.0	19.999917184265012	6.242093135165042
911663.0	14.984016563146998	10.049253446103176
923738.0	19.99966873706004	6.238669232201679
935813.0	19.36919254658385	4.852115288647534
947888.0	20.00033126293996	6.241409831710346
959963.0	19.855320910973084	5.837680131419516
972038.0	19.99983436853002	6.239439110535393
984113.0	20.0	6.2423452088140845
996188.0	19.99966873706004	6.236266069753089
1008263.0	17.49879917184265	7.3661471763468365
1020338.0	16.104844720496896	7.830291026324361
1032413.0	20.0	6.2423452088140845
1044488.0	19.622194616977225	5.3556340180215525
1056563.0	19.999917184265012	6.242093135165042
1068638.0	12.52703933747412	9.597126899259845
1080713.0	10.352380952380953	8.985449475537255
1092788.0	19.713209109730848	5.554450959891402
1104863.0	17.257142857142856	7.308663567780222
1116938.0	19.99983436853002	6.239213466382524
1129013.0	19.25449275362319	4.1389229552884474
1141088.0	17.838840579710144	8.145026045100305
1153163.0	18.551469979296066	6.754260981622454
1165238.0	19.99966873706004	6.233622849533627
1177313.0	17.469730848861282	7.234029314581437
1189388.0	19.999917184265012	6.242093135165042
1201463.0	19.990393374741203	6.179609829087235
1213538.0	15.8848033126294	9.555525863821494
1225613.0	14.679089026915113	9.811473403723156
1237688.0	16.443064182194618	8.379754761034027
1249763.0	18.554699792960662	6.659627754007439
1261838.0	19.999751552795033	6.2367839565021645
1273913.0	16.41639751552795	8.26611231695039
1285988.0	19.65192546583851	5.432552751661592
1298063.0	19.94070393374741	6.050121912431146
1310138.0	18.39983436853002	6.280028484328328
1322213.0	18.56215320910973	6.672064067692656
1334288.0	19.943768115942028	6.057126254909079
1346363.0	19.764306418219462	5.5970933006471375
1358438.0	20.0	6.2423452088140845
1370513.0	19.999751552795033	6.241575688938278
1382588.0	18.455486542443065	6.5115918297563695
1394663.0	19.890351966873705	5.890730339588414
1406738.0	19.37871635610766	4.881595978372878
1418813.0	18.454575569358177	6.315225284451439
1430888.0	19.99983436853002	6.239186919475093
1442963.0	19.99966873706004	6.2360137503716295
1455038.0	19.997101449275362	6.203511995362347
1467113.0	19.999751552795033	6.236279349437738
1479188.0	19.961656314699795	6.124410648960554
1491263.0	19.999917184265012	6.242093135165042
1503338.0	16.381946169772256	8.292374705768523
1515413.0	19.99983436853002	6.242086501510494
1527488.0	20.0	6.239691291402829
1539563.0	18.56977225672878	6.6876481427449095
1551638.0	19.645797101449276	5.365621723559281
1563713.0	20.000082815734988	6.242617171598681
1575788.0	19.955527950310557	6.072413268096196
1587863.0	18.497556935817805	6.608896695209446
1599938.0	19.365797101449274	4.805000845608045
1612013.0	20.0	0.0
1624088.0	13.557763975155279	9.699394871308478
1636163.0	19.677101449275362	5.412117376106473
1648238.0	20.0	6.231722757795047
1660313.0	7.420289855072464	9.623018469900684
1672388.0	16.740372670807453	8.705468165666728
1684463.0	19.999503105590062	6.232865539736832
1696538.0	17.600745341614907	7.766024640467997
1708613.0	19.973002070393374	6.12194234322982
1720688.0	19.366211180124225	4.9931547345239125
1732763.0	15.906583850931677	9.48433163611706
1744838.0	19.999917184265012	6.239439110535393
1756913.0	19.999917184265012	6.239439110535393
1768988.0	19.62310559006211	5.347834839831919
1781063.0	17.454741200828156	7.5703190718001645
1793138.0	20.0	6.2370362447249255
1805213.0	17.4351966873706	7.526576790151937
1817288.0	15.959089026915114	9.411965425335023
1829363.0	16.386915113871634	7.978397333836111
1841438.0	13.853747412008282	10.184069888954298
1853513.0	19.999420289855074	6.23549579965337
1865588.0	19.999917184265012	6.242093135165042
1877663.0	19.7855900621118	5.572470041215873
1889738.0	19.999751552795033	6.2389214441880485
1901813.0	17.01407867494824	6.772218245050296
1913888.0	19.979958592132505	6.177036214683829
1925963.0	16.31743271221532	8.095209840408614
1938038.0	19.98592132505176	6.154175138522691
1950113.0	19.99983436853002	6.233875265688057
1962188.0	19.99983436853002	6.2367839565021645
1974263.0	13.905175983436854	10.18589126941678
1986338.0	19.989979296066252	6.212503254515897
1998413.0	16.41134575569358	8.341231867555475
2010488.0	19.634037267080746	5.3638464613823205
2022563.0	19.999917184265012	6.242093135165042
2034638.0	18.462774327122155	6.520209068273491
2046713.0	19.443229813664598	5.005727568357353
2058788.0	20.0	0.0
2070863.0	20.0	6.2423452088140845
2082938.0	19.837101449275362	5.761225427502472
2095013.0	19.41167701863354	4.9491576546603575
2107088.0	20.0	0.0
2119163.0	19.16033126293996	4.162466620213213
2131238.0	16.814741200828156	8.87394119307406
2143313.0	19.61656314699793	5.4595140805624105
2155388.0	19.99983436853002	6.239186919475093
2167463.0	20.0	6.239691291402829
2179538.0	19.99966873706004	6.236266069753089
2191613.0	19.999917184265012	6.239691291402829
2203688.0	19.38625258799172	4.891341062664137
2215763.0	19.929358178053832	6.021541729765942
2227838.0	20.001407867494823	6.236372306438532
2239913.0	16.36745341614907	8.141598827624664
2251988.0	18.523146997929608	6.710604691151979
2264063.0	18.953871635610767	7.324396964274201
2276138.0	20.0	0.0
2288213.0	18.607867494824017	6.840507772369748
2300288.0	14.41383022774327	9.240051445995185
2312363.0	19.92910973084886	6.00857909778403
2324438.0	19.994451345755692	6.203371820725383
2336513.0	19.547826086956523	5.216989287479217
2348588.0	19.999751552795033	6.225659850948341
2360663.0	16.40679089026915	8.317578481820428
2372738.0	17.460786749482402	7.579240471733588
2384813.0	18.870973084886128	7.212492038669263
2396888.0	19.57879917184265	5.400805092962894
2408963.0	17.482815734989646	7.60668225357365
2421038.0	19.99966873706004	6.241588957326118
2433113.0	19.317101449275363	4.468217647351054
2445188.0	15.218633540372672	8.474382294863924
2457263.0	18.295983436853003	6.35944708978577
2469338.0	16.877349896480332	8.730888030269398
2481413.0	19.99983436853002	6.2418543191598825
2493488.0	20.0	6.2423452088140845
2505563.0	19.999503105590062	6.235774701539848
2517638.0	19.85424430641822	5.8086891434485795
2529713.0	19.999751552795033	6.236292629094114
2541788.0	19.999503105590062	6.227561792541055
2553863.0	10.318095238095237	10.200901190246267
2565938.0	14.443064182194616	9.420958090648513
2578013.0	19.676107660455486	5.209038171769163
2590088.0	19.372091097308488	4.864601507429663
2602163.0	16.32248447204969	7.915464330622569
2614238.0	19.92687370600414	6.008599772120965
2626313.0	19.99983436853002	6.2367839565021645
2638388.0	18.439006211180125	6.479347665449991
2650463.0	18.629730848861282	6.751268571845778
2662538.0	14.644223602484471	9.626696833569957
2674613.0	17.930103519668737	8.092242534301258
2686688.0	18.18343685300207	5.971630654252444
2698763.0	16.651345755693583	8.696007032096826
2710838.0	20.0	6.2423651089318
2722913.0	19.999503105590062	6.23047343079502
2734988.0	19.999917184265012	6.239439110535393
2747063.0	17.481407867494823	7.605713227962526
2759138.0	20.000082815734988	6.239983277569568
2771213.0	19.166211180124222	4.381147263646325
2783288.0	18.63768115942029	6.686261059555014
2795363.0	18.67768115942029	6.657923873893348
2807438.0	19.084306418219462	3.781473854657405
2819513.0	19.999420289855074	6.230194291590999
2831588.0	15.860786749482402	9.318327185288735
2843663.0	19.377225672877845	4.881239702698149
2855738.0	19.236521739130435	4.271044596602774
2867813.0	19.999917184265012	6.242093135165042
2879888.0	18.95072463768116	7.136643259868993
2891963.0	17.048530020703932	6.450107932394971
2904038.0	19.999420289855074	6.235509080978459
2916113.0	19.996770186335404	6.2065950364245435
2928188.0	19.999917184265012	6.239691291402829
2940263.0	19.840414078674947	5.83696367365227
2952338.0	18.396853002070394	6.345197561234584
2964413.0	17.217888198757763	7.34046895450486
2976488.0	17.954782608695652	7.980239570494388
2988563.0	17.848778467908904	7.956860914378611
3000638.0	20.0	6.239691291402829
3012713.0	19.999917184265012	6.239439110535393
3024788.0	19.96703933747412	6.143696798505511
3036863.0	19.361242236024843	4.83892943689388
3048938.0	16.413167701863355	8.335103745685819
3061013.0	18.77623188405797	6.532093092235556
3073088.0	20.0	6.239691291402829
3085163.0	19.73896480331263	5.6628387996853276
3097238.0	18.086128364389236	5.797122153172138
3109313.0	20.0	6.2423452088140845
3121388.0	16.94327122153209	8.79972708027758
3133463.0	17.47585921325052	7.6051361091104255
3145538.0	16.41407867494824	8.344944292090585
3157613.0	18.500621118012422	6.570087179684473
3169688.0	19.99983436853002	6.2370362447249255
3181763.0	20.0	6.2423452088140845
3193838.0	17.39710144927536	7.410869975166201
3205913.0	18.38625258799172	6.285913793182412
3217988.0	19.942194616977226	6.059573128615183
3230063.0	18.965631469979296	7.065268036129996
3242138.0	18.19991718426501	5.897692288270228
3254213.0	18.81656314699793	7.140123700583018
3266288.0	19.106501035196686	4.108084238140749
3278363.0	14.797018633540374	9.683342509340932
3290438.0	17.524968944099378	7.715108460075245
3302513.0	19.947080745341616	6.072836032210986
3314588.0	19.75320910973085	5.608548636267947
3326663.0	19.857391304347825	5.787056307306309
3338738.0	18.59296066252588	6.717179236436224
3350813.0	18.424761904761905	6.460980189596
3362888.0	19.375403726708075	4.869910147499694
3374963.0	19.99983436853002	6.239200192942925
3387038.0	19.996687370600416	6.216860797706012
3399113.0	19.999917184265012	6.2367839565021645
3411188.0	20.0	6.239691291402829
3423263.0	17.053416149068322	6.83654168987747
3435338.0	19.999751552795033	6.241575688938278
3447413.0	18.509979296066252	6.380703310858515
3459488.0	19.99983436853002	6.239186919475093
3471563.0	19.999503105590062	6.225899288148644
3483638.0	16.385424430641823	8.302230985552868
3495713.0	19.999420289855074	6.225380495908711
3507788.0	19.99983436853002	6.234127671622305
3519863.0	19.999917184265012	6.239439110535393
3531938.0	19.99983436853002	6.239439110535393
3544013.0	17.048447204968944	6.829512136664279
3556088.0	18.44670807453416	6.485115941790703
3568163.0	19.634120082815734	5.371506761247573
3580238.0	15.043064182194618	8.133024465506159
3592313.0	19.635196687370602	5.3797334591127575
3604388.0	19.923561076604553	6.00562882966901
3616463.0	19.999420289855074	6.23549579965337
3628538.0	15.789648033126294	9.233147594008969
3640613.0	19.973747412008283	6.126898235451415
3652688.0	10.343685300207039	10.207130215999833
3664763.0	14.554037267080746	9.466016365848377
3676838.0	16.436356107660455	8.03134129919668
3688913.0	20.0	6.2423452088140845
3700988.0	20.0	6.239691291402829
3713063.0	18.45209109730849	6.494042499993239
3725138.0	20.0	6.239691291402829
3737213.0	19.999751552795033	6.238947992225086
3749288.0	19.742360248447206	5.548573390220831
3761363.0	19.758095238095237	5.528139946034284
3773438.0	19.962981366459626	6.123322012091811
3785513.0	19.97225672877847	6.122388740707303
3797588.0	20.0	6.2423651089318
3809663.0	19.999585921325053	6.227787858855408
3821738.0	18.436935817805384	6.45953802295329
3833813.0	15.441490683229814	9.002456531552067
3845888.0	19.145175983436854	4.238744687019864
3857963.0	18.862939958592133	7.0043819470119795
3870038.0	19.99966873706004	6.2360137503716295
3882113.0	19.999751552795033	6.238947992225086
3894188.0	19.471469979296067	5.070329394194373
3906263.0	17.168281573498966	7.059076356451399
3918338.0	19.999751552795033	6.238947992225086
3930413.0	19.38790890269151	4.906892941942516
3942488.0	18.509068322981367	6.583774521998891
3954563.0	15.428737060041408	8.842537881766535
3966638.0	19.99461697722567	6.180969926634042
3978713.0	18.448033126293996	6.4991797539474225
3990788.0	20.0	6.2370362447249255
4002863.0	15.960331262939958	9.560655226729455
4014938.0	17.525631469979295	7.486683830816466
4027013.0	18.152298136645964	5.551430905016085
4039088.0	19.999917184265012	6.239439110535393
4051163.0	19.999917184265012	6.242093135165042
4063238.0	18.601242236024845	6.718387364425179
4075313.0	19.063188405797103	3.901085478287128
4087388.0	19.999917184265012	6.239439110535393
4099463.0	16.747329192546584	8.524610578040875
4111538.0	20.0	6.239711199984601
4123613.0	19.98120082815735	6.186032486950472
4135688.0	14.43536231884058	9.483235725972888
4147763.0	19.890020703933747	5.905627733221544
4159838.0	19.999585921325053	6.241323584209982
4171913.0	14.827246376811594	9.82045863834754
4183988.0	15.316770186335404	8.942813485893478
4196063.0	18.571097308488614	6.687103251519327
4208138.0	16.447950310559005	8.380752867943329
4220213.0	10.119420289855073	9.925085853157473
4232288.0	15.868902691511387	9.460875083727533
4244363.0	19.140124223602484	4.51304986097196
4256438.0	19.999917184265012	6.239432474059133
4268513.0	19.824016563146998	5.696942625610961
4280588.0	18.243064182194615	5.951981767152997
4292663.0	19.987412008281574	6.193892670866964
4304738.0	19.999751552795033	6.230965217061629
4316813.0	19.35478260869565	4.82071960127532
4328888.0	18.59975155279503	6.7174997813643
4340963.0	19.999917184265012	6.236803874364478
4353038.0	17.472215320910973	7.5998746856836545
4365113.0	18.09374741200828	5.652900096685382
4377188.0	20.0	6.2423452088140845
4389263.0	10.309316770186335	10.169792480135811
4401338.0	19.999503105590062	6.227561792541055
4413413.0	16.598757763975154	8.558506477551676
4425488.0	19.615569358178053	5.338178441034264
4437563.0	19.528198757763974	5.628822602670966
4449638.0	20.0	0.0
4461713.0	20.0	6.2423452088140845
4473788.0	18.470890269151138	6.534152988682093
4485863.0	19.999006211180124	6.224888268431118
4497938.0	19.99983436853002	6.236531658073515
4510013.0	19.999585921325053	6.2333571372758785
4522088.0	16.07751552795031	7.75500639739275
4534163.0	20.0	6.2343800673376135
4546238.0	19.923975155279503	5.993364170370004
4558313.0	19.201407867494822	4.6475889249948725
4570388.0	17.623768115942028	7.877052133289396
4582463.0	19.999917184265012	6.2370362447249255
4594538.0	18.814906832298135	6.849037652852137
4606613.0	16.777556935817806	8.762861591467797
4618688.0	19.99966873706004	6.228293153887832
4630763.0	19.37871635610766	4.877879252722519
4642838.0	19.999917184265012	6.242093135165042
4651302.0	19.891819493097053	5.944519923713673
4657339.5	13.702575463860427	10.124344616743452
4666988.0	15.864099378881988	8.9357077898734
4679063.0	20.0	0.0
4691138.0	19.99966873706004	6.233609564189739
4703213.0	17.87486542443064	7.832400719779134
4715288.0	16.245879917184265	7.8806049099933935
4722679.5	15.474519940915805	8.674633216889507
4728717.0	15.608412512010249	9.240364059919884
4739438.0	20.0	0.0
4751513.0	19.678840579710144	5.429411507407614
4763588.0	15.692091097308488	9.279497202056875
4775663.0	19.13209109730849	4.498861139532431
4787738.0	17.252173913043478	7.3948949992335535
4799813.0	17.521242236024843	7.65134124022234
4811888.0	19.999917184265012	6.242093135165042
4819084.5	19.700172562553927	5.397767409884996
4825049.5	10.97378277153558	9.752796583467836
