#Position (bp)	mapping quality
6038.0	59.99743024177142
18113.0	59.989233376532745
30188.0	59.987896447383164
42263.0	59.980521588572664
54338.0	59.99031043863899
66413.0	59.985341554209334
78488.0	59.990062111801244
90563.0	60.0
102638.0	59.99383135613066
114713.0	59.93635350325069
126788.0	60.0
138863.0	59.99031043863899
150938.0	59.99031051888414
163013.0	59.985341554209334
175088.0	59.99099114128894
187163.0	59.994006813306974
199238.0	59.98534143281283
211313.0	60.0
223388.0	59.98959450516852
235463.0	59.98583833339545
247538.0	59.988210933603376
259613.0	59.99503105590062
271688.0	59.99000764372553
283763.0	59.99527948355894
295838.0	60.0
307913.0	59.60614879855322
319988.0	59.950355496653415
332063.0	60.0
344138.0	59.99527948355894
356213.0	59.975900321743126
368288.0	60.0
380363.0	59.943061179223335
392438.0	59.98062186206289
404513.0	60.0
416588.0	59.98481592526347
428663.0	59.96744869856915
440738.0	59.98633466811878
452813.0	59.98297872340426
464888.0	59.98843499503459
476963.0	59.90490331837368
489038.0	59.97117893080459
501113.0	59.98037258953453
513188.0	59.97894623191535
525263.0	59.98960688255333
537338.0	59.976148475738526
549413.0	60.0
561488.0	60.0
573563.0	59.99329196713064
585638.0	59.97871938608653
597713.0	59.985589942773856
609788.0	59.99426075311673
621863.0	59.980851645846634
633938.0	59.9467709590483
646013.0	59.99080726309033
658088.0	60.0
670163.0	59.99503105590062
682238.0	59.98534143281283
694313.0	59.795150373245136
706388.0	59.990062111801244
718463.0	59.86932966476517
730538.0	59.99527948355894
742613.0	59.98037258953453
754688.0	59.9893899204244
766763.0	59.99055884983602
778838.0	59.98992654774397
790913.0	59.53529428248503
802988.0	0.0
815063.0	59.99334191486528
827138.0	59.679745672112084
839213.0	59.855005065687855
851288.0	59.81254624681411
863363.0	59.946457202535925
875438.0	59.985838216112136
887513.0	59.99503105590062
899588.0	59.99527948355894
911663.0	59.992704441447614
923738.0	59.99055884983602
935813.0	59.98512076551096
947888.0	59.99080760567113
959963.0	59.96684087373255
972038.0	59.99055892802425
984113.0	59.99503105590062
996188.0	59.985589823433926
1008263.0	59.99432081704512
1020338.0	59.98765851099935
1032413.0	59.99503105590062
1044488.0	59.99037722948619
1056563.0	59.99527948355894
1068638.0	59.37804104082928
1080713.0	55.80484780608776
1092788.0	59.8841986749959
1104863.0	59.99424128995105
1116938.0	59.99055892802425
1129013.0	58.511471066417776
1141088.0	59.989415238342836
1153163.0	59.994910918757725
1165238.0	59.98111769967205
1177313.0	59.98890716625503
1189388.0	59.99527948355894
1201463.0	59.93835548337918
1213538.0	59.994056587542815
1225613.0	60.0
1237688.0	60.0
1249763.0	59.984467614082696
1261838.0	59.98583833339545
1273913.0	60.0
1285988.0	59.94108648655482
1298063.0	59.98106186457572
1310138.0	59.98946790411292
1322213.0	59.98929231098698
1334288.0	59.97583267239983
1346363.0	59.946701081901
1358438.0	59.99503105590062
1370513.0	59.99527944446515
1382588.0	59.99461521202603
1394663.0	59.98051428952102
1406738.0	59.99025632697715
1418813.0	59.695968838488774
1430888.0	59.99055892802425
1442963.0	59.985589823433926
1455038.0	59.944091276168386
1467113.0	59.98583833339545
1479188.0	60.0
1491263.0	59.99527948355894
1503338.0	59.976037854124115
1515413.0	59.99527946401212
1527488.0	59.990062111801244
1539563.0	60.0
1551638.0	59.95548492346863
1563713.0	59.995031076475875
1575788.0	59.93824778077962
1587863.0	59.99462745905676
1599938.0	59.98999324330103
1612013.0	60.0
1624088.0	60.0
1636163.0	59.99015155660119
1648238.0	59.975155279503106
1660313.0	59.453683035714285
1672388.0	59.72296428218067
1684463.0	59.981117543293
1696538.0	59.988989737871066
1708613.0	59.926360221251045
1720688.0	59.98999345726052
1732763.0	59.988129451455706
1744838.0	59.99031051888414
1756913.0	59.99031051888414
1768988.0	59.97493131433347
1781063.0	59.989751667726296
1793138.0	59.98509316770186
1805213.0	59.99430009974825
1817288.0	59.925274770894525
1829363.0	59.98665804156222
1841438.0	59.98601181224743
1853513.0	59.98583809882688
1865588.0	59.99527948355894
1877663.0	59.98091339452767
1889738.0	59.99031043863899
1901813.0	59.94928082941907
1913888.0	59.990549536181184
1925963.0	59.924175138174824
1938038.0	59.92541333443832
1950113.0	59.980620957523456
1962188.0	59.985589942773856
1974263.0	60.0
1986338.0	59.99527713678489
1998413.0	59.98213627899701
2010488.0	59.96963063256862
2022563.0	59.99527948355894
2034638.0	59.989772941355895
2046713.0	59.84308514036724
2058788.0	60.0
2070863.0	59.99503105590062
2082938.0	59.98998050373017
2095013.0	59.98566528439052
2107088.0	60.0
2119163.0	59.98418056630115
2131238.0	59.96808479200938
2143313.0	59.97112340102166
2155388.0	59.99055892802425
2167463.0	59.990062111801244
2179538.0	59.985589823433926
2191613.0	59.99031051888414
2203688.0	59.97975129117558
2215763.0	59.99027621370721
2227838.0	59.975405458000886
2239913.0	59.76927397197893
2251988.0	59.984172899891355
2264063.0	59.98505688868693
2276138.0	60.0
2288213.0	59.994659308380434
2300288.0	59.98035013530828
2312363.0	59.96683898206479
2324438.0	59.95626115733972
2336513.0	59.95339772919844
2348588.0	59.96596231009081
2360663.0	59.95941689549346
2372738.0	59.98890148407079
2384813.0	59.99499708163095
2396888.0	59.99517795054438
2408963.0	59.975841405935434
2421038.0	59.995527876238114
2433113.0	59.98559510233479
2445188.0	59.881479062933636
2457263.0	59.97881624450037
2469338.0	59.988223402062864
2481413.0	59.99552791327464
2493488.0	59.99503105590062
2505563.0	59.98608661084747
2517638.0	59.99499457745891
2529713.0	59.98583833339545
2541788.0	59.97117940818406
2553863.0	59.80833286513472
2565938.0	60.0
2578013.0	59.78584867144523
2590088.0	59.98512299181765
2602163.0	59.99452038113793
2614238.0	59.98079936164111
2626313.0	59.985589942773856
2638388.0	59.98302275758923
2650463.0	59.95785805097931
2662538.0	59.980659281000285
2674613.0	59.989191985441515
2686688.0	59.98906929610821
2698763.0	59.99433019172904
2710838.0	59.99527950310559
2722913.0	59.97664538249398
2734988.0	59.99031051888414
2747063.0	59.97782915182294
2759138.0	59.99031059912795
2771213.0	59.94970444882298
2783288.0	59.86847367251722
2795363.0	59.84627526792088
2807438.0	59.84924688534692
2819513.0	59.97639683137813
2831588.0	59.98778189109174
2843663.0	60.0
2855738.0	59.9803686052669
2867813.0	59.99527948355894
2879888.0	59.99475593235153
2891963.0	59.85631081166418
2904038.0	59.98583809882688
2916113.0	59.95055102066172
2928188.0	59.99031051888414
2940263.0	59.9817174723362
2952338.0	59.979472589604846
2964413.0	59.971717987936856
2976488.0	59.98394863563403
2988563.0	59.85161745327667
3000638.0	59.990062111801244
3012713.0	59.99031051888414
3024788.0	60.0
3036863.0	59.9802384221535
3048938.0	59.988798571060954
3061013.0	59.93622173312809
3073088.0	59.990062111801244
3085163.0	59.97608538775236
3097238.0	59.9890104858281
3109313.0	59.99503105590062
3121388.0	59.98826922136957
3133463.0	59.996872349197474
3145538.0	60.0
3157613.0	59.97394749211039
3169688.0	59.985589942773856
3181763.0	59.99503105590062
3193838.0	59.99428761841291
3205913.0	59.98432531281811
3217988.0	59.99053164010266
3230063.0	60.0
3242138.0	59.99344751642671
3254213.0	59.99471854231768
3266288.0	59.95994989402326
3278363.0	59.98052318748111
3290438.0	60.0
3302513.0	59.98555183279983
3314588.0	59.975054502767065
3326663.0	59.98023171433576
3338738.0	59.99465502650216
3350813.0	59.98948215337178
3362888.0	59.97486728387146
3374963.0	59.99055892802425
3387038.0	59.965211629255364
3399113.0	59.985341554209334
3411188.0	59.990062111801244
3423263.0	59.994172494172496
3435338.0	59.99527944446515
3447413.0	59.984430087513644
3459488.0	59.99055892802425
3471563.0	59.96670724738503
3483638.0	59.99393492170995
3495713.0	59.9664586551163
3507788.0	59.980620957523456
3519863.0	59.99031051888414
3531938.0	59.99055892802425
3544013.0	60.0
3556088.0	59.97925870057106
3568163.0	59.98532153432146
3580238.0	59.99405433675576
3592313.0	59.995191800754974
3604388.0	59.99501199200256
3616463.0	59.98583809882688
3628538.0	59.97513899087381
3640613.0	59.930343349241035
3652688.0	60.0
3664763.0	59.99248890406282
3676838.0	59.978838004927724
3688913.0	59.99503105590062
3700988.0	59.990062111801244
3713063.0	59.97495612834311
3725138.0	59.990062111801244
3737213.0	59.990807339221604
3749288.0	59.981123290084696
3761363.0	59.981389812179614
3773438.0	59.990292591255866
3785513.0	59.93158211183215
3797588.0	59.99527950310559
3809663.0	59.97093107517754
3821738.0	59.99434028370451
3833813.0	59.981336079289484
3845888.0	60.0
3857963.0	59.98524827677043
3870038.0	59.985589823433926
3882113.0	59.990807339221604
3894188.0	59.995406561811514
3906263.0	59.98263445035624
3918338.0	59.990807339221604
3930413.0	59.995130473411955
3942488.0	59.97395938200513
3954563.0	59.99259267211302
3966638.0	59.908049785656594
3978713.0	59.99461303645179
3990788.0	59.98509316770186
4002863.0	59.987858095381405
4014938.0	59.56289988753532
4027013.0	59.164465370068754
4039088.0	59.99031051888414
4051163.0	59.99527948355894
4063238.0	59.97328703085348
4075313.0	59.96924253219108
4087388.0	59.99031051888414
4099463.0	59.213842076113615
4111538.0	59.99031055900621
4123613.0	60.0
4135688.0	59.98382164801184
4147763.0	59.99000716153424
4159838.0	59.99527940537071
4171913.0	59.97352532129871
4183988.0	60.0
4196063.0	59.994648733979645
4208138.0	59.982176034318684
4220213.0	59.99017938981275
4232288.0	59.99405063225079
4244363.0	59.9852023001337
4256438.0	59.990062070650396
4268513.0	59.864146214099215
4280588.0	59.99809337903171
4292663.0	59.979614498566384
4304738.0	59.975900321743126
4316813.0	59.979718367713694
4328888.0	59.964736054712546
4340963.0	59.985590002443075
4353038.0	59.99459656739834
4365113.0	59.88301095742441
4377188.0	59.99503105590062
4389263.0	59.972044824677674
4401338.0	59.9716763149395
4413413.0	59.98802574464901
4425488.0	59.99037397934627
4437563.0	59.266955891146424
4449638.0	60.0
4461713.0	59.99503105590062
4473788.0	59.98977743503291
4485863.0	59.968197177499505
4497938.0	59.985589942773856
4510013.0	59.98086916913394
4522088.0	59.98887377920633
4534163.0	59.98012422360249
4546238.0	59.96815223084021
4558313.0	59.985249528804395
4570388.0	59.983929100076594
4582463.0	59.985341554209334
4594538.0	60.0
4606613.0	59.988449520951285
4618688.0	59.970682744227645
4630763.0	59.98512807801776
4642838.0	59.99527948355894
4651302.0	60.0
4657339.5	59.93936944219887
4666988.0	59.76430238203373
4679063.0	60.0
4691138.0	59.98062079703183
4703213.0	59.866381886498736
4715288.0	59.96696725782361
4722679.5	60.0
4728717.0	59.99015074826954
4739438.0	60.0
4751513.0	59.994949962545554
4763588.0	59.99366694461743
4775663.0	59.99480564453294
4787738.0	60.0
4799813.0	59.97419281652794
4811888.0	59.99527948355894
4819084.5	60.0
4825049.5	59.997155858930604
