#Position (bp)	Coverage	Std
6038.0	19.42310559006211	5.0267771596557225
18113.0	8.631055900621117	10.226592218613055
30188.0	18.664182194616977	6.827723294263085
42263.0	16.601242236024845	8.562811403413878
54338.0	19.56438923395445	5.25447654952649
66413.0	19.62542443064182	5.364263314843251
78488.0	19.56024844720497	5.244932484807248
90563.0	20.0	0.0
102638.0	14.45871635610766	9.064114852197662
114713.0	19.986666666666668	6.169664650915955
126788.0	16.931428571428572	8.764075930474009
138863.0	19.46086956521739	5.053871279210849
150938.0	20.0	0.0
163013.0	19.628985507246377	5.375082453987434
175088.0	20.0	0.0
187163.0	15.591055900621118	8.87127637453921
199238.0	20.0	0.0
211313.0	19.552463768115942	5.232776143670994
223388.0	18.67080745341615	6.839236454422607
235463.0	20.0	0.0
247538.0	16.62857142857143	8.598569865198986
259613.0	20.0	0.0
271688.0	19.51552795031056	5.160408284680222
283763.0	19.56024844720497	5.2430373824519725
295838.0	18.449026915113873	6.499880553130877
307913.0	17.06086956521739	6.9696116493276055
319988.0	19.006459627329193	3.7328600705649597
332063.0	19.08496894409938	3.9175138945346015
344138.0	20.0	0.0
356213.0	19.6135817805383	5.348810359017112
368288.0	18.67080745341615	6.8356028145664895
380363.0	18.905258799171843	6.983535799058297
392438.0	19.21929606625259	4.257527738378716
404513.0	16.615320910973086	8.581698471412539
416588.0	20.0	0.0
428663.0	19.620207039337473	5.359096676144684
440738.0	20.0	0.0
452813.0	20.0	0.0
464888.0	19.586915113871637	5.298532942782906
476963.0	19.634037267080746	5.380326096315305
489038.0	20.0	0.0
501113.0	20.0	0.0
513188.0	18.656728778467908	6.815157871362495
525263.0	18.65590062111801	6.8130309924693435
537338.0	19.65879917184265	5.433650233997807
549413.0	20.0	0.0
561488.0	18.26583850931677	5.523658882789209
573563.0	15.259627329192547	8.650494546592183
585638.0	18.661532091097307	6.823865076008563
597713.0	20.0	0.0
609788.0	16.41656314699793	8.348367391007544
621863.0	19.464844720496895	5.061256237318256
633938.0	18.650269151138716	6.804017811932384
646013.0	19.62070393374741	5.356407126842453
658088.0	14.367453416149068	8.874216496485818
670163.0	19.141366459627328	4.1719858387234865
682238.0	19.565879917184265	5.162863089362636
694313.0	15.673209109730848	9.114877606902896
706388.0	20.0	0.0
718463.0	19.60248447204969	5.327882825637846
730538.0	20.0	0.0
742613.0	19.61656314699793	5.353081966721885
754688.0	17.500621118012422	7.6402822620292135
766763.0	20.0	0.0
778838.0	19.137888198757764	3.926456422960513
790913.0	18.541614906832297	6.507851604421845
802988.0	18.483892339544514	5.799236045925026
815063.0	17.047784679089027	6.689858212141026
827138.0	17.79776397515528	7.793563198511484
839213.0	19.641407867494824	5.397913867419783
851288.0	18.7272049689441	6.797253129280949
863363.0	17.344927536231886	7.521260411530361
875438.0	20.0	0.0
887513.0	20.0	0.0
899588.0	20.0	0.0
911663.0	15.7648033126294	9.360703730335779
923738.0	19.6	5.319249001305371
935813.0	19.553623188405798	5.2299107902244355
947888.0	20.0	0.0
959963.0	19.875776397515526	5.891405116294961
972038.0	18.433954451345755	6.043390380224058
984113.0	20.0	0.0
996188.0	19.58343685300207	5.28942849750592
1008263.0	18.144182194616977	5.897572929572584
1020338.0	16.818219461697723	8.888217711030427
1032413.0	19.588405797101448	5.299751937630108
1044488.0	20.0	0.0
1056563.0	19.092339544513457	3.933031535602201
1068638.0	12.492422360248447	9.523835196652769
1080713.0	7.391304347826087	8.378039913669012
1092788.0	19.92248447204969	6.021706766436938
1104863.0	17.062608695652173	6.826789271673354
1116938.0	19.175155279503105	4.297767729114287
1129013.0	15.801242236024844	8.36915860376595
1141088.0	17.511387163561075	7.561945700302742
1153163.0	18.08944099378882	5.81196025344097
1165238.0	20.0	0.0
1177313.0	18.650931677018633	6.805003639540651
1189388.0	20.0	0.0
1201463.0	19.59337474120083	5.30958740642821
1213538.0	16.005797101449275	7.924906358232221
1225613.0	14.556521739130435	9.68471934646925
1237688.0	16.005797101449275	7.6649831619975535
1249763.0	18.139130434782608	5.776155741951518
1261838.0	19.59089026915114	5.300455076364969
1273913.0	16.21946169772257	8.020264190234595
1285988.0	19.753954451345756	5.608275458925712
1298063.0	19.40703933747412	4.943950859739574
1310138.0	18.52057971014493	6.4354221605962385
1322213.0	18.194782608695654	5.884506097225286
1334288.0	20.0	0.0
1346363.0	19.96066252587992	6.05767996368602
1358438.0	20.0	0.0
1370513.0	19.651345755693583	5.421336575896313
1382588.0	18.675776397515527	6.845772145878938
1394663.0	19.060455486542445	3.536031627225223
1406738.0	19.52008281573499	5.114037029705673
1418813.0	18.020538302277433	5.378478699994451
1430888.0	20.0	0.0
1442963.0	18.137474120082814	5.289702485107492
1455038.0	19.52231884057971	5.043175902980761
1467113.0	19.44198757763975	4.83440910424051
1479188.0	19.133747412008283	4.044524453360396
1491263.0	20.0	0.0
1503338.0	15.874948240165631	9.193007514603755
1515413.0	19.27337474120083	4.372860020845027
1527488.0	18.91354037267081	6.993288708220313
1539563.0	18.660869565217393	6.8214131247589425
1551638.0	19.3320082815735	4.757097780797265
1563713.0	20.0	0.0
1575788.0	20.0	0.0
1587863.0	18.24231884057971	5.959740708853882
1599938.0	19.9960248447205	6.232985121085139
1612013.0	19.624182194616978	5.365397918516068
1624088.0	13.94120082815735	10.090788698766167
1636163.0	19.570186335403726	5.264317949959034
1648238.0	20.0	0.0
1660313.0	7.563229813664596	9.245960451953547
1672388.0	15.26807453416149	8.430974146073504
1684463.0	18.006459627329193	5.043758827064401
1696538.0	17.669565217391305	7.856081238273967
1708613.0	19.52463768115942	5.181149140704159
1720688.0	19.054824016563146	4.016281563628683
1732763.0	15.959420289855073	9.637250881598208
1744838.0	19.49648033126294	5.126030674526879
1756913.0	20.0	0.0
1768988.0	19.39710144927536	4.924817786247859
1781063.0	16.597929606625257	8.23887668477415
1793138.0	19.361490683229814	4.852738229389813
1805213.0	17.660289855072463	7.841108427158728
1817288.0	16.326459627329193	8.070948335811442
1829363.0	17.387991718426502	7.310816173745171
1841438.0	14.297308488612837	9.198487588350787
1853513.0	19.666252587991718	5.447973391883901
1865588.0	19.671221532091096	5.4588162588825195
1877663.0	19.617888198757765	5.359591158969529
1889738.0	18.904016563147	6.747636653975869
1901813.0	17.354037267080745	7.075733470163128
1913888.0	20.0	0.0
1925963.0	16.168115942028987	7.869168286662162
1938038.0	19.608281573498964	5.336192297899847
1950113.0	19.575155279503104	5.273748416472712
1962188.0	19.9455900621118	6.018721654302256
1974263.0	14.29399585921325	9.196092427875495
1986338.0	19.989151138716355	6.212856502553802
1998413.0	16.005631469979296	7.6716897758292575
2010488.0	20.0	0.0
2022563.0	19.23312629399586	4.283774578299043
2034638.0	18.661697722567286	6.823173278012257
2046713.0	18.705590062111803	6.696434575566668
2058788.0	19.653002070393374	5.4248488925726175
2070863.0	19.16521739130435	4.116773747360489
2082938.0	19.46583850931677	4.807266756130378
2095013.0	19.1248033126294	4.014559424220845
2107088.0	19.561904761904763	5.253530805213296
2119163.0	19.96231884057971	6.126398095389199
2131238.0	16.48033126293996	8.339037385301587
2143313.0	18.473706004140787	6.028915830143634
2155388.0	17.15511387163561	6.4262981948095765
2167463.0	18.798178053830227	6.583510362690423
2179538.0	19.981366459627328	6.186541192416475
2191613.0	19.58343685300207	5.293184805296598
2203688.0	19.999917184265012	6.244765924298153
2215763.0	20.0	0.0
2227838.0	19.078343685300208	3.8997796826870794
2239913.0	15.898219461697723	9.204886630925921
2251988.0	18.617805383022773	6.856711511622987
2264063.0	19.044306418219463	4.30373712128305
2276138.0	20.0	0.0
2288213.0	19.007867494824016	4.218219380402211
2300288.0	14.490434782608695	9.189083450398364
2312363.0	18.843064182194617	6.892189596399117
2324438.0	19.992463768115943	6.222832465392232
2336513.0	18.480248447204968	6.137938229917738
2348588.0	20.0	0.0
2360663.0	16.61863354037267	8.586136449558369
2372738.0	17.66376811594203	7.846957448643911
2384813.0	18.95983436853002	7.337077907131755
2396888.0	19.696066252587993	5.6222347700468545
2408963.0	17.68447204968944	7.8778721470469035
2421038.0	19.05424430641822	3.8399124386152215
2433113.0	19.53424430641822	5.194494617103975
2445188.0	15.790476190476191	9.235743868433806
2457263.0	18.033540372670807	5.711598747150153
2469338.0	17.67544513457557	7.8638413005349985
2481413.0	19.12463768115942	4.020393149507214
2493488.0	20.0	0.0
2505563.0	20.0	0.0
2517638.0	19.074948240165632	3.8884337700756886
2529713.0	19.60496894409938	5.333708578931637
2541788.0	19.63561076604555	5.3901605011115645
2553863.0	19.9687784679089	6.112323363043708
2565938.0	20.0	0.0
2578013.0	19.982194616977225	6.189150996874432
2590088.0	19.206128364389233	4.231274666126867
2602163.0	18.669151138716355	6.8346335176738595
2614238.0	19.132919254658386	4.029651999626672
2626313.0	19.543850931677017	5.215671559220789
2638388.0	18.26418219461698	5.996410244288278
2650463.0	18.239337474120084	5.949824709911624
2662538.0	16.60952380952381	8.574795749941169
2674613.0	18.67296066252588	6.429731664335793
2686688.0	18.50807453416149	6.4959997246274765
2698763.0	16.759006211180125	8.81955760076955
2710838.0	18.87784679089027	6.946050607907995
2722913.0	19.55776397515528	5.240904573195509
2734988.0	20.0	0.0
2747063.0	17.673706004140787	7.86119225596857
2759138.0	20.0	0.0
2771213.0	19.99527950310559	6.204252865832306
2783288.0	18.751138716356106	6.65565965047964
2795363.0	18.9792132505176	6.919758968504223
2807438.0	19.609772256728778	5.339031634966385
2819513.0	19.603312629399586	5.328737668020034
2831588.0	15.29424430641822	8.385865066840429
2843663.0	19.09399585921325	3.9387126776315893
2855738.0	18.735734989648034	6.505210525044927
2867813.0	19.633954451345755	5.383857476294462
2879888.0	19.15527950310559	4.2541904806863915
2891963.0	17.66144927536232	7.739404698887873
2904038.0	20.0	0.0
2916113.0	19.10592132505176	3.962798016041445
2928188.0	19.577639751552795	5.280104459723317
2940263.0	20.0	0.0
2952338.0	18.650931677018633	6.805733790147853
2964413.0	17.29192546583851	7.448456424360022
2976488.0	18.840579710144926	7.083296187943039
2988563.0	18.15022774327122	6.108311548971293
3000638.0	19.554451345755695	5.237427023066398
3012713.0	20.0	0.0
3024788.0	19.648033126293996	5.411214488081661
3036863.0	19.46335403726708	5.060012520545234
3048938.0	16.607867494824017	8.57112490835462
3061013.0	19.122981366459626	4.3305931772773025
3073088.0	20.0	0.0
3085163.0	19.56472049689441	5.094738080378661
3097238.0	17.506418219461697	7.102648734635486
3109313.0	20.0	0.0
3121388.0	17.681159420289855	7.872088176381714
3133463.0	16.492753623188406	7.945195300581932
3145538.0	16.612008281573498	8.578127127196934
3157613.0	17.87991718426501	7.950597982640897
3169688.0	20.0	0.0
3181763.0	19.509233954451346	5.151477707152367
3193838.0	17.681159420289855	7.872403775266366
3205913.0	18.61606625258799	6.646152703308404
3217988.0	20.0	0.0
3230063.0	20.0	0.0
3242138.0	18.650103519668736	6.804699386998079
3254213.0	18.501035196687372	6.479462697863307
3266288.0	19.05672877846791	3.6671559997215795
3278363.0	14.829316770186335	9.610975437554902
3290438.0	17.690103519668735	7.896908219062058
3302513.0	20.0	0.0
3314588.0	19.75320910973085	5.611501055811974
3326663.0	19.932505175983437	6.038770527384003
3338738.0	18.20488612836439	5.8881500115916054
3350813.0	18.650931677018633	6.805003639540651
3362888.0	20.0	0.0
3374963.0	20.0	0.0
3387038.0	19.615900621118012	5.345743842130192
3399113.0	19.178467908902693	4.171767478220654
3411188.0	20.0	0.0
3423263.0	17.32919254658385	7.2256444617901545
3435338.0	19.139544513457558	4.050969262642423
3447413.0	19.514699792960663	5.053396045651172
3459488.0	19.594368530020702	5.14317574352447
3471563.0	19.99983436853002	6.2418543191598825
3483638.0	16.198426501035197	7.873229532486749
3495713.0	19.606625258799173	5.331689705325287
3507788.0	19.605797101449276	5.330835336326078
3519863.0	19.812008281573497	5.820965889982481
3531938.0	19.29225672877847	4.57342218433751
3544013.0	16.853002070393376	8.541410514767486
3556088.0	17.836356107660457	7.7258888277048
3568163.0	20.001490683229814	0.24922239313959002
3580238.0	16.260041407867494	7.99337199554814
3592313.0	19.47552795031056	5.087995859211565
3604388.0	20.0	0.0
3616463.0	19.577639751552795	5.281986262949531
3628538.0	16.20952380952381	7.924436091647179
3640613.0	20.0	0.0
3652688.0	10.397515527950311	10.261548561595738
3664763.0	15.283643892339544	8.680074037714599
3676838.0	17.059627329192548	6.6509919246515805
3688913.0	20.0	0.0
3700988.0	20.0	0.0
3713063.0	18.815817805383023	7.04285021354528
3725138.0	19.66790890269151	5.449006975462
3737213.0	20.0	0.0
3749288.0	18.801242236024844	6.599811779736626
3761363.0	20.0	0.0
3773438.0	19.993374741200828	6.206261447878288
3785513.0	17.42600414078675	6.805478246346149
3797588.0	19.31768115942029	4.755661331486185
3809663.0	19.209109730848862	4.223516927643982
3821738.0	18.367701863354036	6.170389453198297
3833813.0	15.391635610766045	8.755122724042394
3845888.0	19.513706004140786	5.083086068045206
3857963.0	19.28712215320911	4.488577635793613
3870038.0	19.603146997929606	5.327012299723725
3882113.0	19.609937888198758	5.3430165718399705
3894188.0	19.61242236024845	5.349290311087828
3906263.0	17.469979296066253	7.59761867454596
3918338.0	20.0	0.0
3930413.0	19.469151138716356	5.068761144945919
3942488.0	18.675776397515527	6.845409215612501
3954563.0	15.117184265010351	8.169452771889468
3966638.0	20.0	0.0
3978713.0	18.306418219461698	6.060686880695827
3990788.0	19.565217391304348	5.257706559030238
4002863.0	15.924637681159421	9.31094327102648
4014938.0	16.955693581780537	8.505061213923625
4027013.0	16.25424430641822	7.473037802383931
4039088.0	20.0	0.0
4051163.0	19.575983436853	5.274140986643977
4063238.0	18.65590062111801	6.811936910457239
4075313.0	19.834368530020704	5.790811598109828
4087388.0	20.0	0.0
4099463.0	15.836853002070393	8.874001853881456
4111538.0	20.0	0.0
4123613.0	19.98111801242236	6.185758036366447
4135688.0	13.909151138716355	10.053809677277323
4147763.0	20.0	0.0
4159838.0	19.12761904761905	4.0220613155038905
4171913.0	15.464182194616978	9.107797037357937
4183988.0	15.424430641821946	9.062675714010101
4196063.0	18.214492753623187	5.90623771044982
4208138.0	16.602070393374742	8.5647938435073
4220213.0	10.379544513457557	10.205438407284918
4232288.0	16.10824016563147	7.931523707521862
4244363.0	19.23561076604555	4.730807362626114
4256438.0	19.60910973084886	5.338907542504554
4268513.0	19.96703933747412	6.118559486213681
4280588.0	18.631801242236026	6.727065939105124
4292663.0	18.982028985507245	7.096028691346011
4304738.0	20.0	0.0
4316813.0	20.0	0.0
4328888.0	18.64761904761905	6.799403213368876
4340963.0	19.604140786749483	5.328193693281647
4353038.0	17.67287784679089	7.859664568043167
4365113.0	18.178053830227743	5.644851444111434
4377188.0	19.65879917184265	5.434046492591308
4389263.0	10.291511387163562	10.156497986301956
4401338.0	20.0	0.0
4413413.0	16.888612836438924	8.739098503284165
4425488.0	19.56770186335404	5.263373973988751
4437563.0	19.49648033126294	4.876894439997855
4449638.0	20.0	0.0
4461713.0	19.648530020703934	5.418066549478289
4473788.0	18.67329192546584	6.843775791238732
4485863.0	19.597267080745343	5.321186996892766
4497938.0	20.0	0.0
4510013.0	19.42360248447205	4.977007174404983
4522088.0	16.596604554865426	8.539839652103772
4534163.0	19.589565217391304	5.3009081607959
4546238.0	19.859544513457557	5.830035743474164
4558313.0	18.90368530020704	6.988662809686471
4570388.0	16.909316770186336	8.690252982186992
4582463.0	19.627163561076603	5.3684069294961745
4594538.0	19.57846790890269	5.2795554741039314
4606613.0	17.359006211180123	7.447455691260736
4618688.0	20.0	0.0
4630763.0	19.63975155279503	5.39438401321111
4642838.0	20.0	0.0
4651302.0	19.901916340407993	5.97120295959443
4657339.5	13.432151758515646	9.414726822428687
4666988.0	15.73871635610766	8.720552340665929
4679063.0	20.0	0.0
4691138.0	20.0	0.0
4703213.0	18.568944099378882	6.488594867460695
4715288.0	17.078095238095237	6.767104698771906
4722679.5	16.015509601181684	7.118380726361562
4728717.0	14.953560371517028	9.896701444263487
4739438.0	19.58343685300207	5.290837425448441
4751513.0	19.27006211180124	4.365278017940326
4763588.0	18.664182194616977	6.827723294263085
4775663.0	18.247287784679088	5.853080447477012
4787738.0	16.887784679089027	8.817778014314651
4799813.0	17.681987577639752	7.873613453800978
4811888.0	20.0	0.0
4819084.5	19.540552200172563	4.97643281078687
4825049.5	15.689554723262589	9.25611224089592
