# Position (bp)	A	C	G	T	N
0.0	24.12897960601141	23.682616924666394	23.343693838393484	28.8385237148488	0.006185916079909013
1.0	26.100767487693282	20.911109471180144	25.492160165305037	27.495962875821533	0.0
2.0	27.196217258054713	21.947304676986658	26.760381486529894	24.09609657842873	0.0
3.0	28.449136576345058	23.530465094069335	23.34803483213377	24.672363497451837	0.0
4.0	26.937602555977115	24.866731492173187	22.91274168482649	25.282924267023205	0.0
5.0	26.157200406317017	24.453794462628384	24.82983304538075	24.541374011338675	0.017798074335176807
6.0	25.418363271720164	24.679851711653832	25.553693751573608	24.347331591147846	7.596739045502296E-4
7.0	24.36491261579601	25.777580503728913	25.595367291480365	24.261705489620685	4.3409937402870267E-4
8.0	24.21547390628663	25.95642944582874	25.52656254069682	24.30142558234431	1.0852484350717567E-4
9.0	24.06050042975838	25.970863250015192	25.068045076879	24.90037419366041	2.1704968701435133E-4
10.0	23.938084406282286	25.946987784443614	25.140431147498287	24.974496661775813	0.0
11.0	24.816484489629364	25.2843350899888	24.7882680303175	25.110803865220827	1.0852484350717567E-4
12.0	25.166911209314037	24.670627099955723	24.338866653354284	25.82348651253245	1.0852484350717567E-4
13.0	25.080199859351804	24.98350422378691	24.506754586259888	25.429541330601403	0.0
14.0	25.28368394092776	25.08486642762261	25.24016547868138	24.391175627924746	1.0852484350717567E-4
15.0	25.119702902388415	25.12567176878131	25.66286974414183	24.091755584688446	0.0
16.0	24.456833158246585	25.568561655134094	26.11075177329594	23.863853413323376	0.0
17.0	24.379671994512982	25.82381208706297	26.171742735346974	23.624664658233563	1.0852484350717567E-4
18.0	24.29285211970724	25.8530052699664	25.57670101839713	24.277441591929225	0.0
19.0	24.062670926628524	26.103046509406937	25.49802050685443	24.336262057110115	0.0
20.0	24.412337972408643	25.621955878139623	25.295513148870043	24.669975950894678	2.1704968701435133E-4
21.0	24.499049322370876	25.225406099964403	24.905149286774726	25.370286766046483	1.0852484350717567E-4
22.0	24.286774728470842	25.35639558607756	25.026697111502767	25.330132573948827	0.0
23.0	24.715881959698212	25.285745912954393	25.30126496557592	24.697107161771473	0.0
24.0	24.705572099565032	25.183406985527128	25.499973954037557	24.611046960870283	0.0
25.0	24.480274524444134	25.57529019543154	26.003312178223837	23.941123101900487	0.0
26.0	24.762005018188763	25.5610734409321	26.150363341176064	23.526558199703075	0.0
27.0	24.557544213021245	25.52949271147151	25.82153306534932	24.091430010157925	0.0
28.0	24.285146855818233	25.858648561828772	25.68164454206857	24.17434299059741	2.1704968701435133E-4
29.0	24.593574461065625	25.553693751573608	25.496284109358314	24.35644767800245	0.0
30.0	24.508816558286522	25.320256813189673	24.93727264045285	25.233002839009906	6.51149061043054E-4
31.0	24.202125350535244	25.368116269176337	25.078354937012183	25.35042671968467	9.76723591564581E-4
32.0	24.448910844670564	25.209452947968845	25.097455309469446	25.244072373047636	1.0852484350717567E-4
33.0	24.551032722410817	25.01334855575138	24.95116382042177	25.48423785172902	2.1704968701435133E-4
34.0	24.398989416657262	25.327745027391668	25.214987714987714	25.057843741589323	4.3409937402870267E-4
35.0	24.764556967552693	25.311804410074245	25.424790865891083	24.498847756481982	0.0
36.0	24.908954560848702	25.117325463254147	25.212989149318922	24.760730826578232	0.0
37.0	24.68161204149915	25.32948161559147	25.34190651153296	24.646999831376412	0.0
38.0	25.000532104973672	25.16061168547331	25.209677365150597	24.629178844402425	0.0
39.0	25.114253466660173	25.0058018233008	24.79580412138886	25.08414058865016	0.0
40.0	24.631619225684346	25.295861716582234	24.904167153563975	25.168351904169445	0.0
41.0	24.811914062273413	25.134894016401905	24.954725960093878	25.098465961230804	0.0
42.0	24.941954813602287	24.869699883144712	24.55514380967063	25.633201493582376	0.0
43.0	24.662928736236804	25.13706409076237	24.779848649682595	25.420158523318232	0.0
44.0	25.04195406212606	25.026388497047407	24.934697590255954	24.996959850570573	0.0
45.0	25.236382545391518	24.819641077386883	24.74609846538607	25.19787791183553	0.0
46.0	24.914056591982487	25.138399502077412	24.98046310335555	24.96708080258455	0.0
47.0	25.303450863199256	25.050763155553778	24.95703664358528	24.688749337661683	0.0
48.0	25.422175160217154	24.786442981658986	24.628662341527917	25.162719516595942	0.0
49.0	25.167641968740952	25.077002848465668	24.715658480414273	25.03969670237911	0.0
50.0	25.54621593945834	24.890605209879503	24.661272383724537	24.90190646693762	0.0
51.0	25.487851026816983	24.66281092560378	24.51200777172808	25.337330275851162	0.0
52.0	25.102190288159242	25.065280198243368	24.662019372731116	25.17051014086627	0.0
53.0	25.402141687488218	24.881788530258426	24.734664427886177	24.98140535436718	0.0
54.0	25.337907835561673	24.83028434228327	24.499079818157444	25.332728003997612	0.0
55.0	25.07007162877608	25.13486147648864	24.85300998921734	24.942056905517934	0.0
56.0	25.57581157187473	24.829130066997095	24.84746340569105	24.747594955437123	0.0
57.0	25.67024128686327	24.68341442425446	24.496574322311588	25.149769966570684	0.0
58.0	25.292528485840172	24.94515889857592	24.736021271699947	25.026291343883962	0.0
59.0	25.738885102136898	24.836447448861282	24.584355170790325	24.8403122782115	0.0
60.0	25.8384165679015	24.61445342089907	24.284813361023826	25.262316650175602	0.0
61.0	25.52429495239806	24.884176097239685	24.54587300161667	25.045655948745583	0.0
62.0	25.887097866707435	24.66746530472429	24.649853980836557	24.79558284773172	0.0
63.0	25.68006654840294	24.71511470579392	24.354911452539163	25.24990729326398	0.0
64.0	25.27399948907429	24.98281337296123	24.541464944473177	25.201722193491307	0.0
65.0	25.615529284174194	24.951261184105768	24.631500122653975	24.801709409066063	0.0
66.0	25.732267460648217	24.763488140420627	24.311970564441545	25.192273834489615	0.0
67.0	25.457746397521415	24.844799423326176	24.4864576378091	25.210996541343306	0.0
68.0	25.86858975127647	24.67545548949682	24.48335487770074	24.972599881525966	0.0
69.0	25.866216796270603	24.706020343991135	23.85627439432205	25.571488465416216	0.0
70.0	25.52985512361989	24.94406868521181	24.133518819395057	25.392557371773243	0.0
71.0	25.697631054107955	24.927710127068032	24.393981158691812	24.9806776601322	0.0
72.0	25.482562166899925	24.89701287869149	24.314290965124332	25.306133989284252	0.0
73.0	24.34660554161634	25.2800477112745	24.703235270198228	25.670111476910932	0.0
74.0	21.206752232142854	26.92661830357143	24.417550223214285	27.449079241071427	0.0
75.0	18.624159273998906	28.025272733123803	23.92220803878871	29.428359954088585	0.0
