#Position (bp)	Coverage	Std
6038.0	19.361656314699793	4.907922357103261
18113.0	8.109316770186336	9.841602656942763
30188.0	18.492753623188406	6.571662611729367
42263.0	16.431221532091097	8.36497182441091
54338.0	20.0	0.0
66413.0	19.999917184265012	6.242093135165042
78488.0	20.0	0.0
90563.0	19.999751552795033	6.241575688938278
102638.0	14.707494824016564	9.444903979402026
114713.0	19.949979296066253	6.0951530144165496
126788.0	17.119171842650104	7.057732936495866
138863.0	20.0	0.0
150938.0	20.0	0.0
163013.0	19.99966873706004	6.2413368531337685
175088.0	19.999917184265012	6.239439110535393
187163.0	16.08289855072464	7.767581406781207
199238.0	19.999917184265012	6.242093135165042
211313.0	20.0	0.0
223388.0	18.496894409937887	6.580037569036963
235463.0	20.0	0.0
247538.0	16.527536231884056	8.479667558622916
259613.0	20.0	0.0
271688.0	19.421863354037267	4.973861283374574
283763.0	20.0	0.0
295838.0	18.428985507246377	6.467309097029594
307913.0	17.19345755693582	7.281133622747089
319988.0	20.08289855072464	3.1012319731927205
332063.0	20.000082815734988	0.05827044820980982
344138.0	20.0	0.0
356213.0	20.0	6.2423452088140845
368288.0	18.537474120082816	6.640486898758856
380363.0	19.756356107660455	5.619096395900165
392438.0	20.0	0.0
404513.0	16.424844720496896	8.356200509592966
416588.0	19.582608695652173	5.280104459723317
428663.0	20.0	0.0
440738.0	20.0	6.2423452088140845
452813.0	19.961076604554865	6.1253638925156935
464888.0	19.999585921325053	6.236266069753089
476963.0	20.0	0.0
489038.0	20.0	0.0
501113.0	20.0	0.0
513188.0	18.482815734989646	6.55386978126136
525263.0	18.500207039337475	6.580918523491718
537338.0	19.65830227743271	5.427657109446265
549413.0	20.0	0.0
561488.0	20.0	0.0
573563.0	14.838095238095239	9.766168840964596
585638.0	18.472132505175985	6.542455709294066
597713.0	20.0	0.0
609788.0	15.681159420289855	9.129820545246536
621863.0	19.990393374741203	6.217073932451946
633938.0	18.052670807453417	5.648004832870853
646013.0	19.99983436853002	6.2418543191598825
658088.0	14.899296066252589	9.689758953215945
670163.0	20.0	0.0
682238.0	19.99983436853002	6.242086501510494
694313.0	16.216231884057972	8.09841637766835
706388.0	20.0	0.0
718463.0	18.888612836438924	6.95468919962309
730538.0	19.99966873706004	6.236518378926117
742613.0	20.0	0.0
754688.0	17.31097308488613	7.3821170523036965
766763.0	19.99701863354037	6.212929815667481
778838.0	19.99983436853002	6.244494055096921
790913.0	18.460124223602485	6.460794328411737
802988.0	19.703850931677017	5.321933987420325
815063.0	17.048447204968944	6.864394888427168
827138.0	17.76927536231884	7.497107792929164
839213.0	19.999171842650103	6.229290326434827
851288.0	19.18095238095238	4.615977293792895
863363.0	17.245548654244306	7.386266703674148
875438.0	20.0	6.2423452088140845
887513.0	20.0	0.0
899588.0	19.636438923395445	5.3873173663519305
911663.0	15.00703933747412	8.511762656446004
923738.0	20.0	6.2423452088140845
935813.0	19.99966873706004	6.238669232201679
947888.0	20.0	0.0
959963.0	19.875776397515526	5.891067737602999
972038.0	19.311635610766047	4.457083133856915
984113.0	20.0	0.0
996188.0	20.0	0.0
1008263.0	17.916356107660455	8.079291320417012
1020338.0	16.730434782608697	8.789462917897383
1032413.0	20.0	0.0
1044488.0	20.0	0.0
1056563.0	20.0	6.2423452088140845
1068638.0	11.612587991718426	10.012187190596494
1080713.0	6.796853002070393	9.171356978107209
1092788.0	19.892919254658384	5.977272344396652
1104863.0	17.260455486542444	7.3168174642656645
1116938.0	19.991387163561075	6.183441456031232
1129013.0	19.192463768115942	3.8952431573212962
1141088.0	17.852587991718426	8.16823621204327
1153163.0	18.57407867494824	6.783636382301735
1165238.0	19.999917184265012	6.239691291402829
1177313.0	17.97432712215321	8.064055152790461
1189388.0	20.0	0.0
1201463.0	20.0	0.0
1213538.0	15.886542443064183	9.558991951150142
1225613.0	14.451014492753623	9.571576278950511
1237688.0	16.428985507246377	8.36189721604851
1249763.0	18.496894409937887	6.578527086935218
1261838.0	20.0	0.0
1273913.0	16.380124223602486	8.224268486163687
1285988.0	19.70360248447205	5.593918614516886
1298063.0	20.0	6.2423452088140845
1310138.0	18.39768115942029	6.279652639046265
1322213.0	18.501863354037265	6.587207629020514
1334288.0	19.98120082815735	6.186086036864224
1346363.0	19.874948240165633	5.8824721215548115
1358438.0	20.0	0.0
1370513.0	20.0	0.0
1382588.0	18.49855072463768	6.5789047399730425
1394663.0	19.850683229813665	5.7771592810115635
1406738.0	20.0	0.0
1418813.0	18.39594202898551	6.288903764489183
1430888.0	20.0	6.2423452088140845
1442963.0	20.0	6.2423452088140845
1455038.0	19.982608695652175	6.190535753814417
1467113.0	19.975238095238094	6.1445796612339985
1479188.0	19.74103519668737	5.588415998719244
1491263.0	19.999337474120082	6.237653643908616
1503338.0	16.429813664596274	8.363036091683895
1515413.0	19.652173913043477	5.420801893419633
1527488.0	20.0	0.0
1539563.0	18.507660455486544	6.5973204925302396
1551638.0	19.96273291925466	6.130472372614297
1563713.0	20.0	0.0
1575788.0	20.0	0.0
1587863.0	18.5079917184265	6.628978355468289
1599938.0	19.39262939958592	4.875416847921188
1612013.0	19.961904761904762	6.125282771180049
1624088.0	13.558592132505176	9.703193643007749
1636163.0	20.0	0.0
1648238.0	19.999751552795033	6.241575688938278
1660313.0	8.051014492753623	8.926578825272845
1672388.0	16.5648033126294	8.440609713731853
1684463.0	19.63718426501035	5.385718404532423
1696538.0	17.47743271221532	7.607912411623831
1708613.0	20.0	0.0
1720688.0	19.40703933747412	5.0824669186622415
1732763.0	15.878260869565217	9.552665395012447
1744838.0	20.0	0.0
1756913.0	20.0	0.0
1768988.0	19.73134575569358	5.569742272808252
1781063.0	17.481573498964803	7.61416898671011
1793138.0	20.0	0.0
1805213.0	17.45391304347826	7.556062378974135
1817288.0	15.979627329192546	9.461741640175154
1829363.0	16.958178053830228	8.816744844217347
1841438.0	13.912215320910972	10.23732059277498
1853513.0	20.0	0.0
1865588.0	20.0	0.0
1877663.0	19.98095238095238	6.185235877243718
1889738.0	19.99983436853002	6.239439110535393
1901813.0	17.662691511387163	7.486114129633931
1913888.0	19.66128364389234	5.440093471368452
1925963.0	16.423188405797102	8.353920739295202
1938038.0	19.99983436853002	6.239186919475093
1950113.0	19.949068322981365	6.047205606904226
1962188.0	19.99966873706004	6.241575688938278
1974263.0	13.893167701863353	10.173342342118342
1986338.0	19.989233954451347	6.213143085261246
1998413.0	16.393374741200827	8.325032718990162
2010488.0	20.0	0.0
2022563.0	19.99966873706004	6.241575688938278
2034638.0	18.42848861283644	6.413882459069371
2046713.0	18.744844720496893	6.800943790307592
2058788.0	19.87238095238095	5.883415298052499
2070863.0	20.0	0.0
2082938.0	19.83718426501035	5.767180651826978
2095013.0	20.0	0.0
2107088.0	20.0	0.0
2119163.0	19.926128364389236	6.016657347021682
2131238.0	16.831469979296067	8.905903315870638
2143313.0	0.0	0.0
2155388.0	0.0	0.0
2167463.0	0.0	0.0
2179538.0	0.0	0.0
2191613.0	0.0	0.0
2203688.0	0.0	0.0
2215763.0	0.0	0.0
2227838.0	0.0	0.0
2239913.0	12.583850931677018	10.263557917116872
2251988.0	18.533333333333335	6.734970999828434
2264063.0	18.95718426501035	7.3361297134008385
2276138.0	20.0	0.0
2288213.0	18.929192546583852	7.298089599425469
2300288.0	14.496977225672877	9.33727807793909
2312363.0	19.64703933747412	5.351983436827374
2324438.0	19.95130434782609	6.066143357858866
2336513.0	19.547494824016564	5.210890014306656
2348588.0	19.8351966873706	5.794657352270948
2360663.0	16.419047619047618	8.348218589806356
2372738.0	17.471469979296067	7.596768409603596
2384813.0	18.88281573498965	7.233577101348917
2396888.0	19.605548654244306	5.4518179390529635
2408963.0	17.462443064182196	7.580770048890909
2421038.0	20.0	0.0
2433113.0	19.86095238095238	5.853879816215182
2445188.0	15.187577639751552	8.48093221173971
2457263.0	18.302277432712216	6.380936930236847
2469338.0	17.482815734989646	7.616534264539125
2481413.0	20.0	0.0
2493488.0	20.0	6.2423452088140845
2505563.0	19.999751552795033	6.241827783484173
2517638.0	20.0	0.0
2529713.0	19.999917184265012	6.242093135165042
2541788.0	19.680993788819876	5.478382134120747
2553863.0	19.64256728778468	5.339737355999438
2565938.0	19.636438923395445	5.3873173663519305
2578013.0	19.662608695652175	5.439651980099118
2590088.0	19.41863354037267	4.966012851764715
2602163.0	17.876604554865423	7.90399432527604
2614238.0	20.0	0.0
2626313.0	19.678260869565218	5.472914674198377
2638388.0	18.505175983436853	6.592988307589857
2650463.0	18.49407867494824	6.553225305508875
2662538.0	16.401490683229813	8.321286530567827
2674613.0	19.41192546583851	4.950830701779365
2686688.0	18.27991718426501	6.133369340068941
2698763.0	16.664182194616977	8.713759614842425
2710838.0	20.0	0.0
2722913.0	19.999917184265012	6.2423452088140845
2734988.0	20.0	0.0
2747063.0	17.28198757763975	7.1881602676294225
2759138.0	20.0	0.0
2771213.0	19.517184265010354	5.157518783291053
2783288.0	18.665010351966874	6.824629613259464
2795363.0	18.924140786749483	7.005422330522656
2807438.0	20.0	0.0
2819513.0	20.0	6.2423452088140845
2831588.0	16.436438923395446	8.372141519538976
2843663.0	19.426915113871637	4.98897334854214
2855738.0	19.926376811594203	6.015101767664642
2867813.0	19.99983436853002	6.236544937192643
2879888.0	19.31809523809524	4.624688451260425
2891963.0	17.908902691511386	8.23839920931798
2904038.0	20.0	0.0
2916113.0	19.658219461697723	5.399317493867713
2928188.0	20.0	0.0
2940263.0	20.0	0.0
2952338.0	18.49846790890269	6.578665562232979
2964413.0	17.199171842650102	7.324227359812054
2976488.0	18.634865424430643	6.77975307513735
2988563.0	18.04977225672878	5.946887071275971
3000638.0	20.0	0.0
3012713.0	20.0	0.0
3024788.0	20.0	0.0
3036863.0	20.0	0.0
3048938.0	16.42070393374741	8.350797435298201
3061013.0	18.951966873706006	7.128138043477674
3073088.0	20.0	0.0
3085163.0	19.75817805383023	5.678312232843892
3097238.0	18.137308488612838	5.892803626082356
3109313.0	20.0	0.0
3121388.0	16.928364389233955	8.785693245106014
3133463.0	17.476604554865425	7.606660479073084
3145538.0	16.432215320910974	8.364580753398476
3157613.0	18.49855072463768	6.581421873093657
3169688.0	19.999917184265012	6.242093135165042
3181763.0	20.0	6.2423452088140845
3193838.0	17.47991718426501	7.611666973802967
3205913.0	18.46120082815735	6.52272345918879
3217988.0	20.0	6.2423452088140845
3230063.0	19.606128364389235	5.328069348400644
3242138.0	18.488612836438925	6.564034006848544
3254213.0	18.42086956521739	6.276269018695027
3266288.0	19.28256728778468	4.537901120986546
3278363.0	14.877846790890269	9.76701679005548
3290438.0	17.53366459627329	7.725985300353843
3302513.0	20.0	0.0
3314588.0	19.544513457556935	5.214289968516941
3326663.0	19.951635610766047	6.098494536421761
3338738.0	18.182111801242236	5.850221634066684
3350813.0	18.49383022774327	6.573489639875358
3362888.0	20.0	0.0
3374963.0	20.0	0.0
3387038.0	20.0	0.0
3399113.0	20.0	0.0
3411188.0	19.99983436853002	6.242093135165042
3423263.0	17.00944099378882	6.773453235762395
3435338.0	20.0	0.0
3447413.0	19.055983436853	3.844363462887268
3459488.0	19.773664596273292	5.633352322116304
3471563.0	19.999420289855074	6.237892620735476
3483638.0	16.430310559006212	8.361025623833578
3495713.0	20.0	0.0
3507788.0	20.0	6.239691291402829
3519863.0	19.652008281573497	5.414779253905924
3531938.0	20.0	0.0
3544013.0	16.96066252587992	8.823927567844564
3556088.0	18.48008281573499	6.55217631728219
3568163.0	20.001656314699794	0.2615450192632886
3580238.0	15.806045548654245	9.306134578155932
3592313.0	19.99983436853002	6.239186919475093
3604388.0	20.0	0.0
3616463.0	20.0	0.0
3628538.0	16.333084886128365	8.12615846176751
3640613.0	20.0	0.0
3652688.0	10.450517598343685	10.311142940385418
3664763.0	14.93416149068323	9.869584370791603
3676838.0	16.304927536231883	7.810361011530438
3688913.0	19.966211180124223	6.150850401572604
3700988.0	19.669151138716355	5.454726140429116
3713063.0	18.445548654244305	6.500390177809952
3725138.0	20.0	0.0
3737213.0	20.0	0.0
3749288.0	19.618053830227744	5.279916242512785
3761363.0	19.99983436853002	6.239186919475093
3773438.0	19.970848861283645	6.1209141524866855
3785513.0	20.0	0.0
3797588.0	20.0	0.0
3809663.0	19.999917184265012	6.242093135165042
3821738.0	18.45242236024845	6.4634984021196225
3833813.0	15.438674948240166	8.97129076393216
3845888.0	19.952380952380953	6.115723210984514
3857963.0	19.71834368530021	5.592926618269714
3870038.0	19.876604554865423	5.895887607750829
3882113.0	20.0	6.2423452088140845
3894188.0	19.412753623188404	4.9527540072901655
3906263.0	17.26128364389234	7.316534495144102
3918338.0	20.0	0.0
3930413.0	19.055072463768116	3.8369997768809774
3942488.0	18.457971014492752	6.515469726404504
3954563.0	15.770848861283644	9.219872317372635
3966638.0	20.000082815734988	6.24264370391893
3978713.0	18.478592132505177	6.544449072656633
3990788.0	19.722567287784678	5.553437001162425
4002863.0	15.997515527950311	9.607773767641822
4014938.0	16.36438923395445	8.28408636824374
4027013.0	17.56886128364389	7.426788287342676
4039088.0	20.0	0.0
4051163.0	20.0	0.0
4063238.0	18.500207039337475	6.584692707623509
4075313.0	19.566128364389233	5.061853440040238
4087388.0	20.0	6.2423452088140845
4099463.0	16.205383022774328	7.601460031926579
4111538.0	20.0	6.2423452088140845
4123613.0	19.999917184265012	6.242093135165042
4135688.0	14.126211180124223	9.012188663885015
4147763.0	19.999917184265012	6.239439110535393
4159838.0	20.0	0.0
4171913.0	14.790062111801243	9.788318554492575
4183988.0	15.325879917184265	8.954520470298903
4196063.0	18.54393374741201	6.643541673138879
4208138.0	16.417391304347827	8.343951826988055
4220213.0	10.201242236024845	10.010677529332034
4232288.0	15.871635610766045	9.460761287591328
4244363.0	19.148654244306417	4.545195174229886
4256438.0	20.0	6.2423452088140845
4268513.0	19.5296066252588	5.191209323876894
4280588.0	18.338136645962734	6.160221017249825
4292663.0	19.980207039337476	6.182899009819865
4304738.0	20.0	0.0
4316813.0	19.99983436853002	6.242093135165042
4328888.0	18.76215320910973	6.971375962873828
4340963.0	20.0	0.0
4353038.0	17.473291925465837	7.599471486472333
4365113.0	18.902691511387165	6.968904610480709
4377188.0	20.0	0.0
4389263.0	10.084472049689442	9.950561019172401
4401338.0	20.0	6.2423452088140845
4413413.0	17.309151138716356	7.374057823103092
4425488.0	20.0	6.2423452088140845
4437563.0	17.840993788819876	7.958406365853528
4449638.0	20.0	0.0
4461713.0	20.0	0.0
4473788.0	18.130848861283646	5.7656798542925225
4485863.0	20.0	0.0
4497938.0	20.0	0.0
4510013.0	20.0	0.0
4522088.0	16.423188405797102	8.351937824506996
4534163.0	20.0	0.0
4546238.0	19.478923395445136	5.086196966882163
4558313.0	19.330848861283645	4.92641504721144
4570388.0	17.63552795031056	7.893740476881418
4582463.0	19.67527950310559	5.464252357846198
4594538.0	19.429399585921324	4.994696980759358
4606613.0	16.900207039337474	8.909157361172175
4618688.0	20.0	6.2423452088140845
4630763.0	19.43768115942029	5.013728564659519
4642838.0	20.0	0.0
4651302.0	19.90356480527509	5.975480499135542
4657339.5	0.0	0.0
4666988.0	0.0	0.0
4679063.0	0.0	0.0
4691138.0	0.0	0.0
4703213.0	0.0	0.0
4715288.0	0.0	0.0
4722679.5	0.0	0.0
4728717.0	15.609053058610014	9.245042009143463
4739438.0	20.0	0.0
4751513.0	19.999751552795033	6.241575688938278
4763588.0	18.500207039337475	6.584315386563046
4775663.0	19.16679089026915	4.580406556584524
4787738.0	16.921490683229813	8.856318000728109
4799813.0	17.485714285714284	7.620420424977623
4811888.0	20.0	0.0
4819084.5	16.400776531492667	6.468347302429655
4825049.5	15.504161464835622	9.036707865995641
