#Position (bp)	Coverage	Std
6038.0	19.332919254658385	4.754128640501306
18113.0	8.314120082815736	9.882703379488657
30188.0	18.44968944099379	6.499816847236469
42263.0	15.847619047619048	9.308625978002537
54338.0	19.998509316770186	6.2140627265387485
66413.0	19.997267080745342	6.215108819622675
78488.0	20.0	6.2423452088140845
90563.0	19.999917184265012	6.239439110535393
102638.0	14.331345755693581	8.941952209488159
114713.0	19.901449275362317	5.856369185887094
126788.0	17.157267080745342	7.16339325309945
138863.0	19.99983436853002	6.244480792881887
150938.0	19.929855072463766	6.018068033608697
163013.0	20.0	0.0
175088.0	19.920993788819874	5.901896386110227
187163.0	15.674451345755694	9.023282514096108
199238.0	20.0	6.2423651089318
211313.0	20.0	6.2423850089860755
223388.0	18.029813664596272	5.581172135103549
235463.0	20.0	0.0
247538.0	16.396190476190476	8.319121629059705
259613.0	19.923809523809524	6.0088340763014685
271688.0	19.373581780538302	4.86786904798424
283763.0	19.92455486542443	5.984922394338343
295838.0	18.449192546583852	6.497376441389094
307913.0	17.375569358178055	6.985456646123104
319988.0	19.377391304347825	4.920342697082064
332063.0	20.0	0.0
344138.0	19.94575569358178	6.037824186822026
356213.0	19.76935817805383	5.612534035734433
368288.0	18.450600414078675	6.5021799179429225
380363.0	19.77656314699793	5.658157049855381
392438.0	19.678012422360247	5.454908325968504
404513.0	15.310144927536232	8.639669689261535
416588.0	19.031387163561078	3.970501999541666
428663.0	19.820041407867496	5.65336155702162
440738.0	20.0	6.239691291402829
452813.0	19.39544513457557	4.929608016535128
464888.0	19.61689440993789	5.239553344957795
476963.0	20.0	0.0
489038.0	20.00016563146998	0.08240685814387208
501113.0	20.0	0.0
513188.0	18.449026915113873	6.499511050251361
525263.0	18.436190476190475	6.467533185631628
537338.0	20.0	0.0
549413.0	19.948074534161492	6.047746530339883
561488.0	19.37672877846791	4.82933582100579
573563.0	14.811097308488613	9.733015678755407
585638.0	16.998509316770186	8.420973520386815
597713.0	20.0	6.2423452088140845
609788.0	15.570186335403728	9.004323783099442
621863.0	19.977225672877847	6.177592581541752
633938.0	18.09449275362319	5.590016240897602
646013.0	19.99966873706004	6.2389214441880485
658088.0	17.655403726708073	7.663508216088361
670163.0	20.0	0.0
682238.0	19.942443064182196	6.063637675797758
694313.0	15.53175983436853	8.954594457861388
706388.0	19.532505175983438	5.14987788554494
718463.0	18.469316770186335	6.0512374040424834
730538.0	19.99983436853002	6.239439110535393
742613.0	20.0	6.2423452088140845
754688.0	17.238095238095237	7.285340793414575
766763.0	19.99966873706004	6.238702418571898
778838.0	19.7248033126294	5.450443027181055
790913.0	17.133498964803312	6.770891296136675
802988.0	17.408861283643894	6.843485363867293
815063.0	0.8236853002070393	3.5576063788730097
827138.0	0.0	0.0
839213.0	0.0	0.0
851288.0	0.0	0.0
863363.0	16.985175983436854	8.90644263984754
875438.0	19.99983436853002	6.2418543191598825
887513.0	19.627577639751554	5.279241742404034
899588.0	19.999917184265012	6.242093135165042
911663.0	14.942277432712215	10.005696100289363
923738.0	20.00016563146998	0.08240685814387208
935813.0	19.267577639751554	4.533500788528209
947888.0	19.938136645962732	6.008971898022283
959963.0	19.275942028985508	4.668293120887537
972038.0	19.64223602484472	5.398450816811438
984113.0	19.999917184265012	6.242093135165042
996188.0	19.96968944099379	6.143561999139186
1008263.0	17.188985507246375	6.933562267282651
1020338.0	16.13416149068323	7.917535639352314
1032413.0	19.999917184265012	6.242093135165042
1044488.0	19.714616977225674	5.528372142930018
1056563.0	19.999917184265012	6.2423452088140845
1068638.0	7.369772256728779	9.310734249065902
1080713.0	6.380869565217392	8.412467332789994
1092788.0	19.822443064182195	5.739731131120771
1104863.0	14.140289855072464	9.244110653845414
1116938.0	0.0	0.0
1129013.0	0.0	0.0
1141088.0	0.0	0.0
1153163.0	18.556521739130435	6.764662779908539
1165238.0	19.657971014492755	5.433543544054336
1177313.0	18.46351966873706	6.5231678214270294
1189388.0	20.0	6.2423452088140845
1201463.0	19.970848861283645	6.124390365570802
1213538.0	15.897308488612836	9.571935340868754
1225613.0	14.387246376811595	9.483192061590794
1237688.0	16.373498964803314	8.286835078047954
1249763.0	18.413250517598343	6.442354674139885
1261838.0	19.60165631469979	5.320650032673296
1273913.0	16.489606625258798	8.283876429284309
1285988.0	19.513540372670807	4.990284556875703
1298063.0	19.941697722567287	6.063589873433816
1310138.0	18.290683229813666	6.063705964235395
1322213.0	18.433871635610767	6.479347665449991
1334288.0	19.997101449275362	6.21163671199644
1346363.0	19.54351966873706	4.9639945846087326
1358438.0	19.671221532091096	5.454171955340835
1370513.0	20.0	0.0
1382588.0	18.451097308488613	6.499307177601308
1394663.0	19.525300207039336	4.751419097159605
1406738.0	19.384596273291926	4.894539992596897
1418813.0	17.589565217391304	7.433063620244932
1430888.0	19.905424430641823	5.955702592871911
1442963.0	19.90310559006211	5.9090974532677425
1455038.0	19.97175983436853	6.120975037012216
1467113.0	19.606790890269153	5.27502023781111
1479188.0	19.98815734989648	6.167892553435465
1491263.0	19.938136645962732	6.052701602373157
1503338.0	16.381449275362318	8.301243390116095
1515413.0	20.0	0.0
1527488.0	19.570103519668738	5.2630671453438165
1539563.0	18.443892339544515	6.495674623922888
1551638.0	19.804223602484473	5.563047260631226
1563713.0	20.00016563146998	0.08240685814387208
1575788.0	19.943933747412007	6.024243636105993
1587863.0	18.408198757763977	6.368250699935241
1599938.0	19.359585921325053	4.800828085920077
1612013.0	20.0	0.0
1624088.0	13.357349896480331	9.4968012485495
1636163.0	19.68256728778468	5.436339652732872
1648238.0	20.0	0.0
1660313.0	6.9937888198757765	9.442251196640317
1672388.0	16.606211180124223	8.491964293197176
1684463.0	19.999917184265012	6.242093135165042
1696538.0	17.43536231884058	7.547212338252777
1708613.0	19.950890269151138	6.046822138199081
1720688.0	18.965714285714284	7.131581991236065
1732763.0	15.85656314699793	9.526300088425788
1744838.0	19.999917184265012	6.2423452088140845
1756913.0	20.0	0.0
1768988.0	19.523643892339546	4.946261946801527
1781063.0	17.4824016563147	7.616072141558563
1793138.0	20.0	0.0
1805213.0	17.451262939958593	7.553519191338102
1817288.0	15.895155279503106	9.31714508562488
1829363.0	16.179461697722566	7.7008939816064235
1841438.0	13.870393374741202	10.20457413777436
1853513.0	19.686128364389234	5.481857900889866
1865588.0	20.0	0.0
1877663.0	19.92712215320911	6.020675213022533
1889738.0	19.93209109730849	6.033440283645366
1901813.0	17.41863354037267	7.347483055194943
1913888.0	19.959006211180125	6.116427325638202
1925963.0	16.20993788819876	7.862824973452415
1938038.0	19.999585921325053	6.236279349437738
1950113.0	19.948985507246377	6.053351483450686
1962188.0	19.704347826086956	5.514212767300891
1974263.0	13.481987577639751	9.62077634466783
1986338.0	19.721490683229813	5.395788557893153
1998413.0	16.321821946169774	8.183981728707476
2010488.0	19.71991718426501	5.608482188949885
2022563.0	19.928281573498964	6.021369811756948
2034638.0	18.45192546583851	6.516785143982916
2046713.0	18.86567287784679	7.111318363094402
2058788.0	20.0	0.0
2070863.0	19.991635610766046	6.165287182731124
2082938.0	19.857391304347825	5.816055453242921
2095013.0	19.379627329192548	4.870590323925801
2107088.0	20.0	0.0
2119163.0	19.288861283643893	4.6448083175108765
2131238.0	16.81159420289855	8.88299839330654
2143313.0	19.575983436853	5.399754614469101
2155388.0	19.99983436853002	6.244480792881887
2167463.0	19.662111801242236	5.437885656583695
2179538.0	19.96472049689441	6.133443603293554
2191613.0	20.0	6.2423452088140845
2203688.0	19.337805383022776	4.63876009706206
2215763.0	20.0	0.0
2227838.0	19.95080745341615	6.040587359866086
2239913.0	15.39072463768116	8.569337218984371
2251988.0	18.45134575569358	6.543335395288713
2264063.0	18.841407867494823	7.177835680186601
2276138.0	19.66360248447205	5.437916115298085
2288213.0	18.45465838509317	6.6120537398288795
2300288.0	14.358674948240166	9.183354281481972
2312363.0	19.93424430641822	6.030763095966277
2324438.0	19.89664596273292	5.886103225405092
2336513.0	19.027163561076605	4.123457111541799
2348588.0	19.36977225672878	4.849118935574352
2360663.0	16.389151138716358	8.307057539763651
2372738.0	17.435859213250517	7.546586850019427
2384813.0	18.87503105590062	7.219240452583312
2396888.0	19.610103519668737	5.430837491512085
2408963.0	17.435693581780537	7.546356393917304
2421038.0	20.0	6.2423452088140845
2433113.0	19.415155279503107	4.940457058008802
2445188.0	14.3296066252588	9.044037647932791
2457263.0	18.281490683229812	6.340131471881742
2469338.0	16.883561076604554	8.726594843175418
2481413.0	20.0	6.2343800673376135
2493488.0	19.653002070393374	5.423474778677251
2505563.0	19.973581780538304	6.119743698878133
2517638.0	19.4968115942029	5.082727622331904
2529713.0	19.999917184265012	6.2423452088140845
2541788.0	19.999254658385095	6.2277745610640745
2553863.0	9.838095238095239	10.496932412000746
2565938.0	14.456066252587991	9.433849454382358
2578013.0	19.775320910973086	5.609700264723723
2590088.0	19.380538302277433	4.887682579074546
2602163.0	17.89142857142857	7.923255076954974
2614238.0	19.99983436853002	6.239439110535393
2626313.0	20.0	6.2423452088140845
2638388.0	18.589648033126295	6.718054534519535
2650463.0	18.264347826086958	5.9888440109917465
2662538.0	16.382111801242235	8.298239979024615
2674613.0	19.393788819875777	4.92263122086613
2686688.0	18.196273291925465	5.998647190487372
2698763.0	16.597018633540372	8.557925872435169
2710838.0	19.890931677018635	5.871819212949696
2722913.0	19.999917184265012	6.239439110535393
2734988.0	20.000082815734988	0.05827044820980982
2747063.0	17.472215320910973	7.579508170018611
2759138.0	19.999917184265012	6.236810513637783
2771213.0	19.294906832298135	4.574761983422631
2783288.0	17.628819875776397	7.591141181050569
2795363.0	18.30782608695652	6.2306728082842175
2807438.0	19.407453416149067	4.944109990937145
2819513.0	19.973002070393374	6.12866191712432
2831588.0	15.39536231884058	8.805734062584015
2843663.0	19.36968944099379	4.851065495220959
2855738.0	19.382939958592132	4.871746405908076
2867813.0	19.999420289855074	6.235515721630392
2879888.0	18.78840579710145	6.6362764884737855
2891963.0	16.937308488612835	8.707118527014448
2904038.0	19.977391304347826	6.144572922304328
2916113.0	19.964389233954453	6.130573688278448
2928188.0	19.965714285714284	6.136717043033073
2940263.0	19.820869565217393	5.8054233229448595
2952338.0	18.373250517598343	6.301329183783504
2964413.0	17.190062111801243	7.311609079347208
2976488.0	17.922815734989648	7.864615306106427
2988563.0	17.899958592132506	8.064204062619018
3000638.0	19.909482401656316	5.96812096969412
3012713.0	19.487701863354037	5.104449404853383
3024788.0	19.972505175983436	6.159367287556632
3036863.0	20.0	6.2423452088140845
3048938.0	16.394120082815736	8.315626737241535
3061013.0	18.737722567287786	6.783691318810332
3073088.0	19.97407867494824	6.133679889389994
3085163.0	19.291428571428572	4.557059456521182
3097238.0	18.086211180124224	5.79957876674122
3109313.0	19.999917184265012	6.239691291402829
3121388.0	16.84968944099379	8.693254327779291
3133463.0	17.357846790890267	7.356213131469941
3145538.0	16.38997929606625	8.311990889467085
3157613.0	18.412505175983437	6.341568145375641
3169688.0	19.999917184265012	6.242093135165042
3181763.0	19.972505175983436	6.126594101089373
3193838.0	17.382194616977227	7.388699333901122
3205913.0	18.481159420289856	6.557028059816862
3217988.0	19.940786749482402	6.04153326760703
3230063.0	19.135320910973086	4.001521449779253
3242138.0	18.18285714285714	5.7070803433584745
3254213.0	18.395113871635612	6.235170398351622
3266288.0	19.17656314699793	4.297208877956337
3278363.0	14.795693581780538	9.68894270630421
3290438.0	17.52902691511387	7.710743761672935
3302513.0	19.927784679089026	6.015824542615602
3314588.0	19.75320910973085	5.6119437847753115
3326663.0	19.890600414078676	5.8316974931981775
3338738.0	17.762650103519668	7.9268446070571255
3350813.0	18.450766045548654	6.505866121882558
3362888.0	19.37896480331263	4.861476571099129
3374963.0	19.99983436853002	6.241847685251532
3387038.0	19.99734989648033	6.222958893589475
3399113.0	19.99792960662526	6.223191780913471
3411188.0	19.999917184265012	6.242086501510494
3423263.0	16.938219461697724	8.797477522906526
3435338.0	20.0	0.0
3447413.0	18.37010351966874	6.163285402812506
3459488.0	19.970351966873707	6.116860586677861
3471563.0	19.999503105590062	6.235801262973698
3483638.0	16.176894409937887	7.871251778139574
3495713.0	19.998923395445136	6.2390209987444605
3507788.0	19.857556935817804	5.819984134077256
3519863.0	19.609772256728778	5.340086304464605
3531938.0	20.0	0.0
3544013.0	16.840579710144926	8.685200758492629
3556088.0	18.415983436853	6.355721570944611
3568163.0	19.998343685300206	6.23990364633365
3580238.0	15.552463768115942	9.030709053232796
3592313.0	20.0	6.2423452088140845
3604388.0	20.0	0.0
3616463.0	19.61904761904762	5.353221200891376
3628538.0	15.37879917184265	8.774063037989695
3640613.0	19.999917184265012	6.239439110535393
3652688.0	10.2120082815735	10.080627342534175
3664763.0	14.46144927536232	9.222633963552543
3676838.0	16.572505175983437	8.198383923969608
3688913.0	20.0	0.0
3700988.0	19.999089026915115	6.227069737487123
3713063.0	18.448861283643893	6.496586139656683
3725138.0	19.883643892339546	5.886792600572338
3737213.0	19.999917184265012	6.242093135165042
3749288.0	19.99983436853002	6.236803874364478
3761363.0	19.267163561076604	4.483768749012035
3773438.0	19.992298136645964	6.184338731720171
3785513.0	19.866749482401655	5.849386370464265
3797588.0	19.896066252587993	5.877331262939595
3809663.0	19.999917184265012	6.242093135165042
3821738.0	18.372505175983438	6.32479101365884
3833813.0	15.269565217391305	8.663294454620218
3845888.0	19.02111801242236	3.9220246598806865
3857963.0	18.690683229813665	6.7700472947144785
3870038.0	19.975569358178053	6.134820685620771
3882113.0	19.40041407867495	4.922824686960803
3894188.0	19.391304347826086	4.915307563846335
3906263.0	17.15097308488613	7.034178611398777
3918338.0	19.999917184265012	6.2423452088140845
3930413.0	19.385755693581782	4.835770785410214
3942488.0	18.3927950310559	6.321405352567574
3954563.0	15.253581780538303	8.639434840805853
3966638.0	19.995776397515527	6.204646625840412
3978713.0	18.463602484472048	6.52051389456961
3990788.0	19.457556935817806	5.039594778149361
4002863.0	15.97904761904762	9.571316707729856
4014938.0	16.266666666666666	8.034088862523967
4027013.0	16.90103519668737	8.544997204544472
4039088.0	19.944844720496896	6.073511030029009
4051163.0	19.942608695652172	6.063979110295772
4063238.0	18.46616977225673	6.529816943588096
4075313.0	19.269399585921324	4.57459905584513
4087388.0	19.9879917184265	6.1612964138211055
4099463.0	15.078095238095239	8.039194875378156
4111538.0	20.0	0.0
4123613.0	20.0	0.0
4135688.0	14.447950310559007	9.497472694229751
4147763.0	19.890269151138718	5.911871763094259
4159838.0	20.000414078674947	0.13029668327651567
4171913.0	14.748985507246378	9.743101822638106
4183988.0	15.014492753623188	8.5604947516703
4196063.0	18.445383022774326	6.462889763826927
4208138.0	16.390062111801242	8.313574919991431
4220213.0	10.28455486542443	10.090251121843467
4232288.0	15.846211180124223	9.436048230651439
4244363.0	19.119171842650104	4.473793023438067
4256438.0	20.0	0.0
4268513.0	19.901863354037268	5.903509851895615
4280588.0	18.149482401656314	5.800128505751385
4292663.0	19.925797101449277	6.009130389093441
4304738.0	20.0	0.0
4316813.0	19.383022774327124	4.890646838715221
4328888.0	18.439668737060043	6.472621108682565
4340963.0	19.760993788819874	5.524963112212094
4353038.0	17.43527950310559	7.547097120631228
4365113.0	18.73407867494824	6.7271090268564295
4377188.0	20.0	0.0
4389263.0	10.078178053830229	9.94523305184381
4401338.0	20.0	0.0
4413413.0	16.64273291925466	8.573414538735548
4425488.0	19.63478260869565	5.379948971103443
4437563.0	17.21929606625259	7.1509428355184745
4449638.0	19.999917184265012	6.2367839565021645
4461713.0	19.974575569358176	6.123531640446778
4473788.0	18.387080745341613	6.309977639055704
4485863.0	19.99751552795031	6.2230121257462025
4497938.0	19.99983436853002	6.239186919475093
4510013.0	19.998012422360247	6.215381974173924
4522088.0	16.005879917184267	7.6614222768587705
4534163.0	20.0	0.0
4546238.0	19.999917184265012	6.239459019921813
4558313.0	19.193706004140786	4.621231047839473
4570388.0	17.227163561076605	7.171019430230062
4582463.0	19.999917184265012	6.242093135165042
4594538.0	19.375569358178055	4.879882223742532
4606613.0	16.84008281573499	8.837207244602672
4618688.0	20.0	0.0
4630763.0	19.389068322981366	4.900171121362347
4642838.0	20.0	6.2423452088140845
4651302.0	19.884607459303524	5.925685114468149
4657339.5	13.28454721683744	9.48711758998269
4666988.0	17.302608695652175	7.161832352834263
4679063.0	19.99527950310559	6.194420784971236
4691138.0	19.999917184265012	6.242093135165042
4703213.0	18.163146997929605	5.5542869497054905
4715288.0	16.648115942028987	8.165736626807474
4722679.5	15.62149187592319	8.8049813013087
4728717.0	15.597736735347496	9.233070976569774
4739438.0	20.0	0.0
4751513.0	19.650517598343686	5.30168924991757
4763588.0	17.975734989648032	7.994060942472661
4775663.0	19.131262939958592	4.442976638231122
4787738.0	17.245548654244306	7.388957123342943
4799813.0	17.447784679089025	7.564365626355757
4811888.0	19.99966873706004	6.238735604765581
4819084.5	19.728213977566867	5.475728860834608
4825049.5	0.1576154806491885	0.9256595538612447
