#Position (bp)	Coverage	Std
6038.0	19.5151966873706	5.222962518927366
18113.0	8.914285714285715	10.437930512067092
30188.0	18.76472049689441	6.949411998302678
42263.0	16.713871635610765	8.69420691923371
54338.0	19.996935817805383	6.215248729551082
66413.0	20.0	0.0
78488.0	20.0	0.0
90563.0	20.0	0.0
102638.0	14.793457556935818	9.579857232562148
114713.0	19.984513457556936	6.163500390203718
126788.0	17.539544513457557	7.646902240230065
138863.0	19.643064182194617	5.439393158212287
150938.0	20.0	0.0
163013.0	20.0	0.0
175088.0	19.96654244306418	6.142308223343972
187163.0	16.382525879917186	8.304041272132222
199238.0	20.0	0.0
211313.0	20.0	0.0
223388.0	18.750310559006213	6.948792289723033
235463.0	20.0	0.0
247538.0	16.713043478260868	8.69282562756808
259613.0	20.0	0.0
271688.0	20.000082815734988	0.05827044820980982
283763.0	20.0	0.0
295838.0	18.44894409937888	6.499377259546085
307913.0	18.36737060041408	5.84778629524587
319988.0	20.218467908902692	3.8334260498284203
332063.0	20.0	0.0
344138.0	20.0	0.0
356213.0	20.0	0.0
368288.0	18.42782608695652	6.439628861648502
380363.0	19.08265010351967	3.581086733746752
392438.0	20.0	0.0
404513.0	16.732919254658384	8.719650115494657
416588.0	20.0	0.0
428663.0	19.996438923395445	6.216254655833349
440738.0	20.0	0.0
452813.0	19.960993788819877	6.125221929473264
464888.0	20.0	0.0
476963.0	19.49573498964803	4.816156384383773
489038.0	20.0	0.0
501113.0	20.0	0.0
513188.0	18.775155279503107	6.990143904186969
525263.0	18.768530020703935	6.978523694927355
537338.0	20.0	0.0
549413.0	19.999917184265012	6.244739400994683
561488.0	20.0	0.0
573563.0	15.13391304347826	8.499650461696323
585638.0	18.645465838509317	6.664798910204083
597713.0	20.0	0.0
609788.0	16.49606625258799	8.438941579940462
621863.0	20.0	0.0
633938.0	18.756107660455488	6.958379669078686
646013.0	20.0	0.0
658088.0	18.646790890269152	6.604847959124191
670163.0	20.0	0.0
682238.0	20.0	0.0
694313.0	16.196273291925465	8.072907942625354
706388.0	20.0	0.0
718463.0	19.65142857142857	5.218330488277463
730538.0	20.0	0.0
742613.0	20.000082815734988	0.05827044820980982
754688.0	17.6048033126294	7.773453791650893
766763.0	19.90848861283644	5.966753992675562
778838.0	19.73134575569358	5.521701961042797
790913.0	17.705175983436853	7.799564674373233
802988.0	0.0	0.0
815063.0	15.455817805383022	8.871206359759237
827138.0	19.07089026915114	4.279974071630604
839213.0	19.922981366459627	5.942923833038767
851288.0	19.204472049689443	4.332466866709858
863363.0	16.888115942028985	8.790923231546273
875438.0	19.999917184265012	6.242093135165042
887513.0	20.0	0.0
899588.0	20.0	0.0
911663.0	15.281987577639752	8.833096992814697
923738.0	20.0	0.0
935813.0	19.972505175983436	6.128918656038726
947888.0	20.000993788819876	0.20389580418634037
959963.0	19.875776397515526	5.891489457949179
972038.0	20.0	0.0
984113.0	20.0	0.0
996188.0	20.0	0.0
1008263.0	18.509316770186334	6.6947029522636505
1020338.0	16.841325051759835	8.882751331740186
1032413.0	19.99312629399586	6.2240167973076455
1044488.0	20.000082815734988	0.05827044820980982
1056563.0	20.0	0.0
1068638.0	14.579544513457558	8.93218990859168
1080713.0	11.425341614906833	9.001035137159096
1092788.0	19.972587991718427	6.141290184853309
1104863.0	17.56770186335404	7.724527362976099
1116938.0	20.0	0.0
1129013.0	19.048530020703932	3.5355163380187506
1141088.0	17.998343685300206	8.345068341929261
1153163.0	18.568778467908903	6.784210141672856
1165238.0	19.625672877846792	5.364749602943032
1177313.0	18.40546583850932	6.221914120341983
1189388.0	20.0	0.0
1201463.0	19.973084886128365	6.1296212549209335
1213538.0	16.278260869565216	8.258003207629898
1225613.0	14.838923395445134	9.973422238064343
1237688.0	16.647950310559008	8.545636834238367
1249763.0	18.756935817805385	6.960105184707673
1261838.0	20.0	0.0
1273913.0	16.69233954451346	8.745634817689865
1285988.0	19.636604554865425	5.348299394968408
1298063.0	19.961573498964803	6.124025253067385
1310138.0	18.650766045548654	6.668376592305776
1322213.0	18.763561076604557	6.970686923860243
1334288.0	19.80670807453416	5.694521721773619
1346363.0	19.866086956521738	5.81069193700281
1358438.0	20.0	0.0
1370513.0	20.0	0.0
1382588.0	18.780124223602485	6.996893720725679
1394663.0	19.888530020703932	5.883232305480419
1406738.0	20.0	0.0
1418813.0	18.621946169772258	6.628403653191924
1430888.0	20.0	0.0
1442963.0	20.0	0.0
1455038.0	19.99734989648033	6.217167176605706
1467113.0	20.0	0.0
1479188.0	20.0	0.0
1491263.0	19.999917184265012	6.242093135165042
1503338.0	16.382111801242235	8.301033885069776
1515413.0	20.0	0.0
1527488.0	20.0	0.0
1539563.0	18.76273291925466	6.970033461872855
1551638.0	19.57913043478261	5.186612804225161
1563713.0	20.0	0.0
1575788.0	19.927287784679088	6.018129958613203
1587863.0	18.752380952380953	6.9516818049436235
1599938.0	20.000414078674947	0.13029668327651567
1612013.0	20.21929606625259	3.123543138669682
1624088.0	14.215320910973086	8.955422152044259
1636163.0	19.667412008281573	5.419105837177771
1648238.0	20.0	0.0
1660313.0	7.974658385093168	10.161580712039234
1672388.0	17.426666666666666	7.5386649998057385
1684463.0	20.0	0.0
1696538.0	17.77225672877847	7.985727433997702
1708613.0	19.994037267080746	6.194828538476108
1720688.0	19.140455486542443	4.213907762818306
1732763.0	15.85175983436853	9.405002853532167
1744838.0	20.0	0.0
1756913.0	20.0	0.0
1768988.0	20.0	0.0
1781063.0	17.78053830227743	7.9970232557109
1793138.0	20.0	0.0
1805213.0	17.77888198757764	7.995573309437158
1817288.0	16.210351966873706	7.868826246717815
1829363.0	17.542857142857144	7.518837626565585
1841438.0	14.163975155279504	9.057396917624592
1853513.0	20.0	0.0
1865588.0	20.0	0.0
1877663.0	19.9855900621118	6.2000801437416815
1889738.0	20.0	0.0
1901813.0	19.151138716356108	4.1366613196762945
1913888.0	20.000993788819876	0.20185475375854386
1925963.0	16.541614906832297	8.30428560565506
1938038.0	20.0	0.0
1950113.0	20.0	0.0
1962188.0	19.947163561076604	6.080719963910778
1974263.0	14.488447204968944	9.403025811404426
1986338.0	19.989233954451347	6.213089768549115
1998413.0	16.392712215320913	8.322162284717098
2010488.0	20.000496894409938	0.14273286519730755
2022563.0	20.0	0.0
2034638.0	18.636356107660454	6.6334618213260015
2046713.0	19.452587991718428	5.029725305219238
2058788.0	20.0	0.0
2070863.0	20.0	0.0
2082938.0	19.83751552795031	5.7679560305351085
2095013.0	19.999751552795033	6.241827783484173
2107088.0	20.0	0.0
2119163.0	19.781863354037267	5.641263238998606
2131238.0	16.958509316770186	9.032868437839715
2143313.0	0.0	0.0
2155388.0	0.0	0.0
2167463.0	0.0	0.0
2179538.0	0.0	0.0
2191613.0	0.0	0.0
2203688.0	0.0	0.0
2215763.0	0.0	0.0
2227838.0	0.0	0.0
2239913.0	12.726708074534162	10.347106295754973
2251988.0	18.67080745341615	6.933938498832395
2264063.0	19.094824016563148	4.4192783012539225
2276138.0	20.0	0.0
2288213.0	18.91710144927536	7.279046191470208
2300288.0	14.668654244306419	9.516937064902157
2312363.0	19.914782608695653	5.941829820426264
2324438.0	19.998178053830227	6.239492202091334
2336513.0	19.22169772256729	4.557204838717369
2348588.0	19.999751552795033	6.241827783484173
2360663.0	16.726293995859212	8.710907942589282
2372738.0	17.784679089026916	8.00297563707519
2384813.0	19.02376811594203	4.259598830244108
2396888.0	19.737474120082815	5.692790835330595
2408963.0	17.778053830227744	7.994071302123645
2421038.0	20.0	0.0
2433113.0	20.0	0.0
2445188.0	15.928530020703933	9.346860944927423
2457263.0	18.44223602484472	6.595688409109552
2469338.0	17.7624016563147	7.951040662645841
2481413.0	19.94832298136646	6.084641085787818
2493488.0	20.0	0.0
2505563.0	20.0	0.0
2517638.0	19.829979296066252	5.725725608812563
2529713.0	20.0	0.0
2541788.0	20.0	0.0
2553863.0	10.305258799171842	10.18724083235483
2565938.0	14.451345755693582	9.429762143271427
2578013.0	19.693581780538302	5.314654142486067
2590088.0	20.0	0.0
2602163.0	16.67072463768116	8.406371437507481
2614238.0	19.927287784679088	6.0203450786001005
2626313.0	20.0	0.0
2638388.0	18.763478260869565	6.970811668730619
2650463.0	18.782277432712217	6.978903435906093
2662538.0	14.638509316770186	9.62707534561483
2674613.0	18.501863354037265	6.6834984206414205
2686688.0	18.495486542443064	6.469568835013126
2698763.0	16.645134575569358	8.690681809303513
2710838.0	20.0	0.0
2722913.0	20.0	0.0
2734988.0	20.0	0.0
2747063.0	17.785507246376813	8.003855178760249
2759138.0	20.0	0.0
2771213.0	19.170103519668736	4.434422102019832
2783288.0	19.503105590062113	4.897128072047664
2795363.0	19.521490683229814	4.932714974396302
2807438.0	19.745258799171843	5.511238283000319
2819513.0	20.0	0.0
2831588.0	16.732919254658384	8.719365182887259
2843663.0	20.0	0.0
2855738.0	19.949151138716356	6.087906758127309
2867813.0	20.0	0.0
2879888.0	19.73913043478261	5.698316194580305
2891963.0	17.1103933747412	6.589099474439432
2904038.0	20.0	0.0
2916113.0	19.994865424430643	6.2067951809464
2928188.0	20.0	0.0
2940263.0	19.824016563146998	5.8155784218727895
2952338.0	18.681407867494823	6.784100276613471
2964413.0	17.35569358178054	7.536055500404437
2976488.0	18.67552795031056	6.700601005150788
2988563.0	17.819875776397517	7.909754964756143
3000638.0	20.0	0.0
3012713.0	20.0	0.0
3024788.0	19.96703933747412	6.143818115406467
3036863.0	20.0	0.0
3048938.0	16.552049689440995	8.503814757179901
3061013.0	19.334906832298138	4.441904726392011
3073088.0	20.0	0.0
3085163.0	19.975983436853003	6.135036670488627
3097238.0	18.448612836438922	6.500549427328652
3109313.0	19.99983436853002	6.2418543191598825
3121388.0	17.596687370600414	7.7587057894954565
3133463.0	17.782194616977225	7.99909415161347
3145538.0	16.728778467908903	8.713902173957916
3157613.0	18.773498964803313	6.9870628749888635
3169688.0	20.0	0.0
3181763.0	20.0	0.0
3193838.0	17.70120082815735	7.812900093274891
3205913.0	18.658136645962735	6.654919256501839
3217988.0	19.942608695652172	6.066116053551506
3230063.0	19.60687370600414	5.329537987037855
3242138.0	18.39726708074534	6.369837047881455
3254213.0	18.966459627329193	7.347116728595137
3266288.0	19.79958592132505	5.80194156122907
3278363.0	15.294492753623189	8.682845227356987
3290438.0	17.77383022774327	7.992097546226886
3302513.0	19.92712215320911	6.016216869797052
3314588.0	19.75320910973085	5.61167815158876
3326663.0	19.857391304347825	5.798329166062619
3338738.0	18.765217391304347	6.974843883913742
3350813.0	18.772670807453416	6.985699678629193
3362888.0	20.0	0.0
3374963.0	19.999503105590062	6.241058199810039
3387038.0	19.999006211180124	6.227069737487123
3399113.0	20.0	0.0
3411188.0	20.0	0.0
3423263.0	17.547826086956523	7.524783069859701
3435338.0	20.0	0.0
3447413.0	19.283643892339544	4.684806507026898
3459488.0	19.60687370600414	5.296836823167479
3471563.0	19.999751552795033	6.241827783484173
3483638.0	16.40463768115942	8.32688777643892
3495713.0	20.0	0.0
3507788.0	20.0	0.0
3519863.0	20.0	0.0
3531938.0	20.0	0.0
3544013.0	17.527950310559007	7.496334508004605
3556088.0	18.078757763975155	5.665565597570347
3568163.0	19.998178053830227	6.23935947235442
3580238.0	15.86368530020704	9.325381113887769
3592313.0	20.0	0.0
3604388.0	19.98095238095238	6.185235877243718
3616463.0	20.00016563146998	0.08240685814387208
3628538.0	16.37672877846791	8.27576971581701
3640613.0	20.0	0.0
3652688.0	10.596521739130434	10.464844034314408
3664763.0	14.851345755693583	9.779642522479788
3676838.0	16.936811594202897	8.565557685749884
3688913.0	20.0	0.0
3700988.0	20.0	0.0
3713063.0	18.78592132505176	7.0060606711877975
3725138.0	20.0	0.0
3737213.0	20.0	0.0
3749288.0	19.813913043478262	5.717504269562357
3761363.0	19.925797101449277	6.015776360320529
3773438.0	19.928033126293997	6.0234325040158625
3785513.0	19.928447204968943	6.024525444572221
3797588.0	20.00016563146998	0.08240685814387208
3809663.0	20.0	0.0
3821738.0	18.73846790890269	6.890050437482726
3833813.0	15.747412008281573	9.343036955107985
3845888.0	19.850600414078674	5.892290643452267
3857963.0	19.490186335403727	5.232744490879742
3870038.0	20.0	0.0
3882113.0	20.0	0.0
3894188.0	20.0	0.0
3906263.0	17.479171842650103	7.507169795847521
3918338.0	20.0	0.0
3930413.0	20.0	0.0
3942488.0	18.761076604554866	6.9651602678571445
3954563.0	16.43130434782609	8.201984307705725
3966638.0	19.99585921325052	6.213169743445737
3978713.0	18.79006211180124	7.0128542137707734
3990788.0	20.0	0.0
4002863.0	16.12910973084886	7.992796964306637
4014938.0	18.467908902691512	6.051045800479706
4027013.0	18.4472049689441	6.024449838716663
4039088.0	19.966045548654243	6.138140613112038
4051163.0	20.0	0.0
4063238.0	18.768530020703935	6.977455562621978
4075313.0	19.586832298136645	5.124083516499118
4087388.0	20.0	0.0
4099463.0	17.69333333333333	7.297533546288997
4111538.0	20.00016563146998	0.08240685814387208
4123613.0	19.961242236024844	6.125918192891915
4135688.0	14.583022774327123	9.642942258653564
4147763.0	19.85159420289855	5.804125041280899
4159838.0	19.999254658385095	6.242723300203088
4171913.0	15.716770186335404	9.377365816050537
4183988.0	15.212422360248448	8.826484707862845
4196063.0	18.698136645962734	6.87781562896876
4208138.0	16.728778467908903	8.714757479678173
4220213.0	10.491345755693581	10.331206620126387
4232288.0	16.259875776397514	8.108620773526242
4244363.0	19.271221532091097	4.805750523616272
4256438.0	20.0	0.0
4268513.0	19.99478260869565	6.214848978542192
4280588.0	18.75287784679089	6.8844650636959805
4292663.0	19.947743271221533	6.081114913577321
4304738.0	20.0	0.0
4316813.0	20.0	0.0
4328888.0	18.765217391304347	6.973418919624106
4340963.0	20.000082815734988	0.05827044820980982
4353038.0	17.76894409937888	7.980021637916461
4365113.0	18.445548654244305	6.4951646292512555
4377188.0	20.0	0.0
4389263.0	10.621946169772256	10.477620832148748
4401338.0	20.0	0.0
4413413.0	17.47743271221532	7.605843890301975
4425488.0	19.63561076604555	5.382949848208041
4437563.0	19.93383022774327	6.924054150562168
4449638.0	20.0	0.0
4461713.0	20.0	0.0
4473788.0	18.768530020703935	6.9799476170713515
4485863.0	19.997101449275362	6.223191780913471
4497938.0	20.0	0.0
4510013.0	20.0	0.0
4522088.0	16.731262939958594	8.71803537425431
4534163.0	20.0	0.0
4546238.0	19.764140786749483	5.5981585259786595
4558313.0	19.361987577639752	4.967596867051553
4570388.0	17.765631469979297	8.057017311034558
4582463.0	20.0	0.0
4594538.0	20.0	0.0
4606613.0	17.343271221532092	7.425126610097868
4618688.0	20.0	0.0
4630763.0	20.0	0.0
4642838.0	20.0	0.0
4651302.0	19.873274263342264	5.897713184944562
4657339.5	13.991968983661035	10.2492747175026
4666988.0	18.63113871635611	6.466009229990228
4679063.0	20.0	0.0
4691138.0	20.0	0.0
4703213.0	19.37888198757764	4.740216032326618
4715288.0	18.074285714285715	5.2282795288984065
4722679.5	17.07939438700148	6.436515337494971
4728717.0	15.771324863883848	9.416889351602158
4739438.0	20.0	0.0
4751513.0	19.400165631469978	4.492459751291847
4763588.0	18.756107660455488	6.958379669078686
4775663.0	19.15544513457557	4.555041799709574
4787738.0	17.411180124223602	7.609817131192202
4799813.0	17.626666666666665	7.799065612664239
4811888.0	20.0	0.0
4819084.5	19.74547023295945	5.521235184608773
4825049.5	15.71982937994174	9.306402871964774
