#Position (bp)	Coverage	Std
6038.0	19.3160248447205	4.5159941207391645
18113.0	8.455486542443063	10.18499688221274
30188.0	19.151138716356108	4.389664125957291
42263.0	17.10144927536232	7.090687328523963
54338.0	20.0	0.0
66413.0	20.0	0.0
78488.0	19.969937888198757	6.11432828297327
90563.0	20.0	0.0
102638.0	18.652587991718427	12.809410360700443
114713.0	19.992215320910972	6.220749357375506
126788.0	17.807950310559008	7.990574157237942
138863.0	20.0	0.0
150938.0	20.0	0.0
163013.0	20.0	0.0
175088.0	19.968115942028984	6.111130936663993
187163.0	16.017225672877846	7.674668611886602
199238.0	20.0	0.0
211313.0	20.0	0.0
223388.0	19.151138716356108	4.389664125957291
235463.0	20.0	0.0
247538.0	17.118840579710145	7.11546299720519
259613.0	20.0	0.0
271688.0	20.0	0.0
283763.0	20.0	0.0
295838.0	18.44968944099379	6.500581276764243
307913.0	18.82567287784679	6.6570655501602545
319988.0	20.094906832298136	3.241271125548862
332063.0	20.0	0.0
344138.0	19.999337474120082	6.240534032464846
356213.0	20.0	0.0
368288.0	18.813416149068324	6.841875688724443
380363.0	20.0	0.0
392438.0	20.0	0.0
404513.0	17.09399585921325	7.08116213222499
416588.0	20.0	0.0
428663.0	20.0	0.0
440738.0	20.0	0.0
452813.0	20.003478260869564	0.3804758924845025
464888.0	20.0	0.0
476963.0	20.0	0.0
489038.0	20.0	0.0
501113.0	20.0	0.0
513188.0	18.77432712215321	6.783123620099274
525263.0	19.936811594202897	7.883599350319378
537338.0	20.0	0.0
549413.0	20.0	0.0
561488.0	20.0	0.0
573563.0	16.271635610766044	7.996272423498805
585638.0	19.173002070393373	4.443778072887597
597713.0	20.0	0.0
609788.0	16.944099378881987	8.961347872590471
621863.0	20.0	0.0
633938.0	19.17184265010352	4.438911324571826
646013.0	20.0	0.0
658088.0	15.860621118012423	9.198568616707345
670163.0	20.0	0.0
682238.0	20.0	0.0
694313.0	15.817805383022774	9.267521595428798
706388.0	20.0	0.0
718463.0	20.0	0.0
730538.0	20.0	0.0
742613.0	20.0	0.0
754688.0	18.67494824016563	7.0071717180715964
766763.0	19.99701863354037	6.216527760036494
778838.0	20.0	0.0
790913.0	19.12687370600414	4.213612958197598
802988.0	19.724140786749484	5.372269878169968
815063.0	17.876604554865423	8.020248701502618
827138.0	21.57482401656315	9.471889324237294
839213.0	20.0	0.0
851288.0	19.50525879917184	5.234231965151179
863363.0	17.591718426501036	7.840094434720898
875438.0	20.0	0.0
887513.0	20.0	0.0
899588.0	20.0	0.0
911663.0	16.60455486542443	8.404691581474607
923738.0	20.0	0.0
935813.0	20.0	0.0
947888.0	20.0	0.0
959963.0	19.875776397515526	5.891489457949179
972038.0	19.641325051759836	5.395435537348323
984113.0	20.0	0.0
996188.0	19.99966873706004	6.241588957326118
1008263.0	18.502691511387162	6.6847993569788
1020338.0	17.407453416149067	7.415863473385995
1032413.0	20.0	0.0
1044488.0	19.99983436853002	6.242093135165042
1056563.0	20.0	0.0
1068638.0	15.146666666666667	8.630347533600524
1080713.0	10.206211180124223	10.703162203733077
1092788.0	20.0	0.0
1104863.0	17.950310559006212	8.200767524550274
1116938.0	19.99304347826087	6.186293538401748
1129013.0	19.109730848861282	3.771693635205121
1141088.0	18.17639751552795	6.177163580194421
1153163.0	18.92405797101449	7.278192845570146
1165238.0	20.0	0.0
1177313.0	19.150144927536232	4.385417204550897
1189388.0	20.0	0.0
1201463.0	20.0	0.0
1213538.0	15.928281573498964	9.458703967528617
1225613.0	14.805797101449276	9.936819041866842
1237688.0	17.10144927536232	7.090687328523963
1249763.0	19.151138716356108	4.389664125957291
1261838.0	20.0	0.0
1273913.0	17.14600414078675	7.178752868961514
1285988.0	19.976149068322982	6.176969179149727
1298063.0	20.0	0.0
1310138.0	19.061863354037268	3.953466387909633
1322213.0	19.17184265010352	4.436858605558026
1334288.0	19.98128364389234	6.186280151415811
1346363.0	19.86790890269151	5.798950429772316
1358438.0	20.0	0.0
1370513.0	20.0	0.0
1382588.0	19.17184265010352	4.436298608256089
1394663.0	19.882898550724637	5.842083351699011
1406738.0	20.0	0.0
1418813.0	19.006211180124225	3.8102074955860745
1430888.0	20.0	0.0
1442963.0	19.640993788819877	5.393854335841236
1455038.0	19.982111801242237	6.188890065952634
1467113.0	19.975486542443065	6.14503115268709
1479188.0	20.0	0.0
1491263.0	20.0	0.0
1503338.0	17.12215320910973	7.1196517466649185
1515413.0	20.0	0.0
1527488.0	20.0	0.0
1539563.0	19.17184265010352	4.436298608256089
1551638.0	20.0	0.0
1563713.0	20.0	0.0
1575788.0	19.998592132505177	6.22625177615909
1587863.0	19.17184265010352	4.436858605558026
1599938.0	20.0	0.0
1612013.0	19.982194616977225	6.189150996874432
1624088.0	15.445134575569359	8.697659188673631
1636163.0	20.0	0.0
1648238.0	20.0	0.0
1660313.0	13.757432712215321	12.512334287285094
1672388.0	17.488695652173913	7.551293199545839
1684463.0	20.0	0.0
1696538.0	18.178053830227743	6.067119406126664
1708613.0	20.0	0.0
1720688.0	19.730020703933747	5.676693114877437
1732763.0	16.2120082815735	8.177077489744848
1744838.0	20.0	0.0
1756913.0	20.0	0.0
1768988.0	20.0	0.0
1781063.0	18.17142857142857	6.056736577647612
1793138.0	19.27536231884058	4.675073764101799
1805213.0	18.178053830227743	6.066709894506194
1817288.0	17.356521739130436	7.255896438503931
1829363.0	18.302277432712216	6.044692074657956
1841438.0	15.320910973084887	8.714496145169967
1853513.0	20.0	0.0
1865588.0	20.0	0.0
1877663.0	19.621532091097308	5.357597496236259
1889738.0	20.0	0.0
1901813.0	19.420289855072465	5.0261840276612615
1913888.0	20.0	0.0
1925963.0	17.10144927536232	7.091621627560835
1938038.0	20.0	0.0
1950113.0	19.968530020703934	6.111747504350604
1962188.0	20.0	0.0
1974263.0	14.209523809523809	8.964526363353206
1986338.0	19.990227743271223	6.216021508605416
1998413.0	16.392380952380954	8.322883717482854
2010488.0	20.0	0.0
2022563.0	20.0	0.0
2034638.0	18.786749482401657	6.800499311835062
2046713.0	19.461697722567287	5.048706863523454
2058788.0	20.0	0.0
2070863.0	19.984513457556936	6.196626344538634
2082938.0	19.857474120082816	5.821926143173161
2095013.0	20.0	0.0
2107088.0	20.0	0.0
2119163.0	19.926128364389236	6.016533466061681
2131238.0	17.21175983436853	7.306771016770086
2143313.0	19.92447204968944	6.04920472845736
2155388.0	20.0	0.0
2167463.0	19.419461697722568	4.9702635411753615
2179538.0	20.0	0.0
2191613.0	20.0	0.0
2203688.0	19.961076604554865	6.1223211068180365
2215763.0	18.245962732919256	6.289430484376576
2227838.0	0.0	0.0
2239913.0	12.881490683229813	10.489904443706589
2251988.0	18.868737060041408	7.211504496389729
2264063.0	19.309316770186335	4.880306476477459
2276138.0	20.0	0.0
2288213.0	19.293747412008283	4.829318672502336
2300288.0	16.151387163561076	7.769601538980888
2312363.0	19.926542443064182	5.995526282464844
2324438.0	19.973581780538304	6.140089896226882
2336513.0	19.302691511387163	4.396865060500319
2348588.0	20.0	0.0
2360663.0	17.132919254658386	7.135395688790549
2372738.0	18.15734989648033	6.032692163636466
2384813.0	19.25341614906832	4.718704247169631
2396888.0	19.918509316770187	6.035142082717863
2408963.0	18.178053830227743	6.067119406126664
2421038.0	20.0	0.0
2433113.0	20.0	0.0
2445188.0	15.7879917184265	9.250715377182892
2457263.0	18.643478260869564	6.891829110520139
2469338.0	18.137971014492752	5.937674918421604
2481413.0	20.0	0.0
2493488.0	19.643229813664597	5.397821813589527
2505563.0	20.0	0.0
2517638.0	20.0	0.0
2529713.0	20.0	0.0
2541788.0	19.641325051759836	5.394591264111889
2553863.0	21.005879917184267	7.572162158297509
2565938.0	20.600414078674948	5.772139840967585
2578013.0	19.622857142857143	5.358246677171192
2590088.0	20.0	0.0
2602163.0	19.133747412008283	4.266009913222205
2614238.0	20.0	0.0
2626313.0	19.634285714285713	5.380472321428327
2638388.0	19.17184265010352	4.438351586266303
2650463.0	19.170683229813665	4.408038957792473
2662538.0	16.382277432712215	8.301432937744892
2674613.0	20.0	0.0
2686688.0	19.15271221532091	4.360580051448796
2698763.0	17.128861283643893	7.151296050135763
2710838.0	20.0	0.0
2722913.0	20.0	0.0
2734988.0	20.0	0.0
2747063.0	18.15734989648033	6.032692163636466
2759138.0	20.0	0.0
2771213.0	20.0	0.0
2783288.0	18.88281573498965	7.108097618901583
2795363.0	20.4760248447205	5.589668079050352
2807438.0	20.0	0.0
2819513.0	20.0	0.0
2831588.0	17.10144927536232	7.091621627560835
2843663.0	20.0	0.0
2855738.0	19.8703933747412	5.850787846649463
2867813.0	20.0	0.0
2879888.0	19.405797101449274	4.804811253329752
2891963.0	18.264844720496896	6.2862168065642186
2904038.0	20.0	0.0
2916113.0	19.97432712215321	6.142510462555901
2928188.0	20.0	0.0
2940263.0	20.0	0.0
2952338.0	19.150144927536232	4.385417204550897
2964413.0	17.537060041407866	7.769852020088845
2976488.0	19.337474120082817	4.796694859327508
2988563.0	18.311387163561076	6.2335099232080236
3000638.0	20.0	0.0
3012713.0	20.0	0.0
3024788.0	20.0	0.0
3036863.0	20.0	0.0
3048938.0	17.10144927536232	7.091388064341779
3061013.0	19.946583850931678	6.083232223556347
3073088.0	20.0	0.0
3085163.0	19.82600414078675	5.733458518542793
3097238.0	19.151138716356108	4.389664125957291
3109313.0	20.0	0.0
3121388.0	18.178053830227743	6.067938346456522
3133463.0	18.178053830227743	6.067938346456522
3145538.0	17.108074534161492	7.099091593244543
3157613.0	19.17184265010352	4.435551835207854
3169688.0	20.72902691511387	6.364471779747056
3181763.0	20.0	0.0
3193838.0	18.178053830227743	6.066163836008735
3205913.0	19.151138716356108	4.389664125957291
3217988.0	20.0	0.0
3230063.0	20.244306418219463	3.4866678938594684
3242138.0	19.151138716356108	4.389664125957291
3254213.0	19.219875776397515	4.615797879252489
3266288.0	19.951966873706006	6.11487681204626
3278363.0	16.271635610766044	7.997308035695849
3290438.0	18.13664596273292	6.0
3302513.0	20.0	0.0
3314588.0	20.0	0.0
3326663.0	19.93159420289855	6.041903365107054
3338738.0	20.222691511387165	6.103184519875171
3350813.0	19.17184265010352	4.438911324571826
3362888.0	20.0	0.0
3374963.0	20.0	0.0
3387038.0	20.0	0.0
3399113.0	20.0	0.0
3411188.0	20.0	0.0
3423263.0	17.939544513457555	8.020290004721423
3435338.0	20.0	0.0
3447413.0	19.979296066252587	6.180011859523484
3459488.0	19.71726708074534	5.541374585618324
3471563.0	20.0	0.0
3483638.0	17.104761904761904	7.094307051896178
3495713.0	20.0	0.0
3507788.0	19.636190476190475	5.382272873391305
3519863.0	19.604140786749483	5.323217632478773
3531938.0	20.0	0.0
3544013.0	18.34368530020704	6.114030295936332
3556088.0	19.151138716356108	4.389664125957291
3568163.0	19.624430641821945	5.361329213140805
3580238.0	17.118840579710145	7.114997428376002
3592313.0	20.0	0.0
3604388.0	20.0	0.0
3616463.0	20.0	0.0
3628538.0	17.06393374741201	6.919687160079909
3640613.0	20.0	0.0
3652688.0	10.894409937888199	10.730078078437183
3664763.0	16.486128364389234	8.431951457582212
3676838.0	17.799006211180124	7.575945369402132
3688913.0	20.0	0.0
3700988.0	20.0	0.0
3713063.0	18.855072463768117	7.096816420947453
3725138.0	20.0	0.0
3737213.0	20.0	0.0
3749288.0	19.860372670807454	5.8316548901460195
3761363.0	19.622774327122155	5.358223493492144
3773438.0	19.97142857142857	6.121529734796348
3785513.0	20.0	0.0
3797588.0	20.0	0.0
3809663.0	20.0	0.0
3821738.0	19.151138716356108	4.389664125957291
3833813.0	16.078674948240167	7.868484191905127
3845888.0	20.0	0.0
3857963.0	20.0	0.0
3870038.0	20.0	0.0
3882113.0	20.0	0.0
3894188.0	20.0	0.0
3906263.0	16.36438923395445	8.11572611366148
3918338.0	20.0	0.0
3930413.0	20.0	0.0
3942488.0	19.17184265010352	4.436111926779475
3954563.0	17.11801242236025	7.113775165230435
3966638.0	19.96008281573499	6.11926327451061
3978713.0	19.17184265010352	4.436858605558026
3990788.0	20.0	0.0
4002863.0	17.021614906832298	6.8831898330231125
4014938.0	18.514285714285716	6.151611076830175
4027013.0	19.377391304347825	6.4361878047146
4039088.0	20.0	0.0
4051163.0	20.0	0.0
4063238.0	19.17184265010352	4.438911324571826
4075313.0	19.834368530020704	5.790868802751728
4087388.0	20.0	0.0
4099463.0	17.43022774327122	9.019192785904776
4111538.0	20.0	0.0
4123613.0	19.961573498964803	6.124052299184503
4135688.0	15.14832298136646	8.349473396816158
4147763.0	19.999917184265012	6.242093135165042
4159838.0	20.0	0.0
4171913.0	15.72256728778468	9.384825424064404
4183988.0	15.677349896480331	9.329003728105496
4196063.0	19.17184265010352	4.435551835207854
4208138.0	16.672463768115943	8.485574167026025
4220213.0	10.910144927536232	10.744925134642322
4232288.0	16.726293995859212	8.5460438463906
4244363.0	19.491511387163563	5.2394031869759345
4256438.0	20.0	0.0
4268513.0	20.0	0.0
4280588.0	18.890766045548656	6.957808369629663
4292663.0	19.980124223602484	6.18265120991285
4304738.0	20.0	0.0
4316813.0	20.0	0.0
4328888.0	19.0824016563147	4.2281811134281275
4340963.0	20.0	0.0
4353038.0	18.178053830227743	6.067255903857902
4365113.0	18.923395445134574	6.997781369789918
4377188.0	20.0	0.0
4389263.0	10.792215320910973	10.634776345034375
4401338.0	20.0	0.0
4413413.0	17.654658385093168	7.832326705067072
4425488.0	20.0	0.0
4437563.0	19.958592132505174	6.11433505523715
4449638.0	20.0	0.0
4461713.0	20.0	0.0
4473788.0	19.17184265010352	4.436858605558026
4485863.0	20.0	0.0
4497938.0	20.0	0.0
4510013.0	20.0	0.0
4522088.0	17.10144927536232	7.090336934644989
4534163.0	20.0	0.0
4546238.0	19.685465838509316	5.466866127755389
4558313.0	19.558592132505176	5.3659844222542965
4570388.0	19.364803312629398	8.610788168213569
4582463.0	19.622774327122155	5.358223493492144
4594538.0	20.0	0.0
4606613.0	17.536231884057973	7.679258720264191
4618688.0	20.0	0.0
4630763.0	19.641821946169774	5.394238165211355
4642838.0	20.0	0.0
4651302.0	19.89367401607253	5.949353522498781
4657339.5	14.883965660481861	9.96969931635848
4666988.0	18.923395445134574	7.052714849579729
4679063.0	19.08737060041408	4.246689125662566
4691138.0	20.0	0.0
4703213.0	19.358178053830226	4.672238613833444
4715288.0	18.768861283643894	6.735044777679647
4722679.5	17.491137370753325	6.885752636048211
4728717.0	16.04355716878403	7.9438216456561435
4739438.0	19.142857142857142	4.377383999974166
4751513.0	17.51345755693582	7.051264515173145
4763588.0	19.151138716356108	4.389664125957291
4775663.0	12.684057971014493	9.880151380639257
4787738.0	16.587163561076604	8.309041198084769
4799813.0	17.387991718426502	7.308890187736955
4811888.0	8.745341614906833	10.403296180950123
4819084.5	16.294219154443486	7.240238437481114
4825049.5	16.06533499791927	7.913822670708558
