#Position (bp)	Coverage	Std
6038.0	19.359420289855073	4.904048270663107
18113.0	8.116107660455487	9.849694428319232
30188.0	18.50600414078675	6.593679136481047
42263.0	15.791221532091097	9.238083925629667
54338.0	20.0	6.2423452088140845
66413.0	19.999917184265012	6.242093135165042
78488.0	19.99966873706004	6.238669232201679
90563.0	19.636356107660454	5.389776381353293
102638.0	14.328115942028985	8.95227743211369
114713.0	20.0	6.2423452088140845
126788.0	17.093167701863354	7.084845168096522
138863.0	20.0	6.239691291402829
150938.0	19.999006211180124	6.234526186502575
163013.0	19.647950310559008	5.40788474279032
175088.0	19.895652173913042	5.92983822430761
187163.0	15.770766045548655	9.220810920806645
199238.0	19.998343685300206	6.230254108187561
211313.0	20.0	0.0
223388.0	18.47536231884058	6.5457143851220865
235463.0	20.0	0.0
247538.0	16.426501035196686	8.358479658084777
259613.0	20.000082815734988	0.05827044820980982
271688.0	19.3888198757764	4.911515180314483
283763.0	20.0	0.0
295838.0	18.44894409937888	6.493423970866557
307913.0	16.778136645962732	8.590379326736725
319988.0	19.855983436853002	6.809474583209698
332063.0	20.0	0.0
344138.0	20.0	0.0
356213.0	20.0	0.0
368288.0	18.09258799171843	5.694848931080269
380363.0	19.514368530020704	4.9178678744596045
392438.0	19.999917184265012	6.242093135165042
404513.0	15.709233954451346	9.155645171658673
416588.0	18.745258799171843	6.750274896633784
428663.0	19.99685300207039	6.212716538752616
440738.0	20.0	6.239691291402829
452813.0	19.020289855072463	3.7425979395967865
464888.0	19.645383022774325	5.393002137000267
476963.0	19.563395445134574	5.118164784963996
489038.0	19.999503105590062	6.238682506770951
501113.0	20.0	6.2423452088140845
513188.0	18.456314699792962	6.5115282384398805
525263.0	18.139130434782608	5.781314944238209
537338.0	19.999585921325053	6.238669232201679
549413.0	20.0	0.0
561488.0	19.384679089026914	4.900289423995626
573563.0	14.869316770186336	9.79773498141512
585638.0	17.843726708074534	7.860086028851872
597713.0	19.999917184265012	6.242093135165042
609788.0	15.791884057971014	9.242887702708831
621863.0	19.984182194616977	6.191539007347294
633938.0	17.671884057971013	7.704893446555528
646013.0	20.0	6.239691291402829
658088.0	18.001656314699794	5.537524915936447
670163.0	19.999585921325053	6.233609564189739
682238.0	19.999917184265012	6.242093135165042
694313.0	15.483395445134576	8.899051988498318
706388.0	19.575155279503104	5.273748416472712
718463.0	19.110144927536233	3.972076447445066
730538.0	19.99983436853002	6.236544937192643
742613.0	20.0	6.2423452088140845
754688.0	17.29672877846791	7.359623493835433
766763.0	19.993540372670807	6.201482491563424
778838.0	19.730683229813664	5.514993679008445
790913.0	17.784347826086957	7.829640555065865
802988.0	18.226335403726708	5.7483240873896975
815063.0	16.9672049689441	8.765039721818251
827138.0	16.81639751552795	8.811558379571945
839213.0	19.648115942028987	5.3827421490796175
851288.0	19.094409937888198	4.209965501498736
863363.0	16.70840579710145	8.44555820630875
875438.0	19.26385093167702	4.332896936140213
887513.0	19.998260869565218	6.214642430446203
899588.0	20.0	0.0
911663.0	14.970600414078675	10.035506323228594
923738.0	20.0	0.0
935813.0	19.27287784679089	4.651160277335733
947888.0	20.00016563146998	6.2402487076836435
959963.0	19.273788819875776	4.667104386451762
972038.0	20.000082815734988	6.239963369855858
984113.0	19.99983436853002	6.239186919475093
996188.0	19.3888198757764	4.911515180314483
1008263.0	17.262111801242234	7.038933431346801
1020338.0	15.758012422360249	9.136467099262198
1032413.0	20.0	0.0
1044488.0	20.000662525879918	6.244573627795629
1056563.0	19.99983436853002	6.2423452088140845
1068638.0	11.027080745341616	9.573250344225261
1080713.0	6.012339544513457	8.393993711862228
1092788.0	19.89672877846791	5.969286469284329
1104863.0	14.136645962732919	9.239890116131146
1116938.0	0.0	0.0
1129013.0	0.0	0.0
1141088.0	13.746169772256728	10.02938539635263
1153163.0	18.55544513457557	6.762991485299071
1165238.0	19.999751552795033	6.241575688938278
1177313.0	17.872132505175983	7.93742087226825
1189388.0	20.0	6.2423452088140845
1201463.0	19.990393374741203	6.18239670237257
1213538.0	15.903105590062111	9.578897614188472
1225613.0	14.671304347826087	9.79549057529872
1237688.0	16.361407867494822	8.215432632146243
1249763.0	18.507577639751553	6.593817293573973
1261838.0	20.0	6.2423651089318
1273913.0	16.410020703933746	8.255796633507286
1285988.0	19.67950310559006	5.51853642793252
1298063.0	19.9416149068323	6.060830355345155
1310138.0	18.358178053830226	6.173737203339692
1322213.0	18.50650103519669	6.5896084829519355
1334288.0	19.856894409937887	5.813577311726427
1346363.0	19.867163561076605	5.81317130854802
1358438.0	20.0	0.0
1370513.0	20.0	0.0
1382588.0	18.487536231884057	6.560475163319348
1394663.0	19.8703933747412	5.836232938020234
1406738.0	19.40198757763975	4.936256198658976
1418813.0	17.302691511387163	7.006267528369799
1430888.0	20.0	6.2423452088140845
1442963.0	20.0	0.0
1455038.0	19.996604554865424	6.2037789859088415
1467113.0	19.99983436853002	6.239439110535393
1479188.0	20.0	0.0
1491263.0	20.0	6.2423452088140845
1503338.0	16.38128364389234	8.297326766494093
1515413.0	20.000993788819876	0.20185475375854386
1527488.0	19.50525879917184	5.138375088559088
1539563.0	18.452173913043477	6.492767117702628
1551638.0	19.995610766045548	6.2105633648235665
1563713.0	19.999917184265012	6.242086501510494
1575788.0	19.99966873706004	6.241350122029341
1587863.0	18.53184265010352	6.652990112176044
1599938.0	19.363975155279505	4.822222540254987
1612013.0	19.04223602484472	4.165062216968857
1624088.0	13.339627329192547	9.442299435706344
1636163.0	19.676853002070395	5.404920693392584
1648238.0	20.0	0.0
1660313.0	7.219047619047619	9.412317378122193
1672388.0	15.322732919254658	8.905033819654621
1684463.0	20.000082815734988	0.05827044820980982
1696538.0	17.469979296066253	7.5956563810649875
1708613.0	19.59469979296066	5.1899568566523815
1720688.0	19.392049689440995	5.04553181580969
1732763.0	15.731511387163561	9.274328423226308
1744838.0	19.999751552795033	6.2389214441880485
1756913.0	20.0	0.0
1768988.0	19.487701863354037	5.098312959308784
1781063.0	17.4848033126294	7.615811165604417
1793138.0	19.99966873706004	6.236033670693978
1805213.0	17.459875776397517	7.562066167423879
1817288.0	15.598674948240166	8.89856805657837
1829363.0	16.309896480331265	7.880998980302955
1841438.0	13.870310559006212	10.203174109303532
1853513.0	20.0	6.2423452088140845
1865588.0	19.64256728778468	5.398374113025347
1877663.0	19.946169772256727	6.064764336693335
1889738.0	20.000082815734988	0.05827044820980982
1901813.0	16.82376811594203	8.663079365870942
1913888.0	20.000828157349897	0.18426733662203437
1925963.0	16.293002070393374	8.030665862984126
1938038.0	19.98583850931677	6.168349051464576
1950113.0	20.000248447204967	0.10092737687920153
1962188.0	19.999337474120082	6.235243449101665
1974263.0	13.915527950310558	10.193019167624124
1986338.0	19.987246376811594	6.204793445210127
1998413.0	16.39469979296066	8.328573381772497
2010488.0	19.999917184265012	6.242093135165042
2022563.0	19.999751552795033	6.239173645979016
2034638.0	17.972422360248448	7.919731889976434
2046713.0	18.47776397515528	6.543132888129236
2058788.0	20.0	0.0
2070863.0	20.0	0.0
2082938.0	19.47287784679089	4.8238881081894185
2095013.0	19.382939958592132	4.89421850157927
2107088.0	20.0	0.0
2119163.0	18.829482401656314	6.7677838729324575
2131238.0	16.815155279503106	8.879193815641992
2143313.0	19.19064182194617	4.325579940533545
2155388.0	18.636853002070392	6.37827575887988
2167463.0	19.66873706004141	5.438098864001864
2179538.0	19.999585921325053	6.241310315257985
2191613.0	19.999751552795033	6.236299268911695
2203688.0	19.379213250517598	4.886157402447312
2215763.0	19.688695652173912	5.483685572077974
2227838.0	19.963064182194618	6.126087176932668
2239913.0	16.348488612836437	8.124232086660843
2251988.0	18.511718426501034	6.668233770265319
2264063.0	18.955693581780537	7.3317144834670644
2276138.0	19.999917184265012	6.242093135165042
2288213.0	18.60455486542443	6.838449329632737
2300288.0	14.402981366459628	9.234318025690143
2312363.0	19.999420289855074	6.230207584217645
2324438.0	19.982608695652175	6.180420563657888
2336513.0	19.549565217391304	5.220647017324876
2348588.0	18.501697722567286	6.158506715831698
2360663.0	16.404306418219463	8.328076188536606
2372738.0	17.474120082815734	7.602249857677051
2384813.0	18.88281573498965	7.234263996382642
2396888.0	19.591718426501036	5.430418123292978
2408963.0	17.491511387163563	7.6260314782762615
2421038.0	20.0	6.2423651089318
2433113.0	19.999751552795033	6.241575688938278
2445188.0	15.20472049689441	8.461707681928628
2457263.0	18.289026915113872	6.35479636597445
2469338.0	16.87817805383023	8.73177012545621
2481413.0	20.0	6.2423452088140845
2493488.0	19.999917184265012	6.244739400994683
2505563.0	19.99966873706004	6.2333704231577745
2517638.0	19.925631469979297	6.012340656153099
2529713.0	19.99966873706004	6.2389214441880485
2541788.0	19.999751552795033	6.236531658073515
2553863.0	10.245217391304347	10.139278521872225
2565938.0	14.444057971014493	9.417608282132656
2578013.0	19.787577639751554	5.654584610928837
2590088.0	19.383022774327124	4.891493440099264
2602163.0	17.801076604554865	7.764520891792941
2614238.0	19.579627329192547	5.147658214486245
2626313.0	19.999917184265012	6.239439110535393
2638388.0	18.471718426501035	6.534191011434626
2650463.0	18.48902691511387	6.542449380189315
2662538.0	16.381946169772256	8.294037370341487
2674613.0	19.387163561076605	4.898345518629301
2686688.0	17.916356107660455	8.24428781481451
2698763.0	16.66583850931677	8.715660211323906
2710838.0	20.0	6.239691291402829
2722913.0	19.99983436853002	6.239452383466729
2734988.0	19.99966873706004	6.241582323135721
2747063.0	17.47494824016563	7.603175755794348
2759138.0	19.99983436853002	6.244480792881887
2771213.0	19.772670807453416	5.572455179611447
2783288.0	19.523726708074534	4.938923026584426
2795363.0	19.523643892339546	4.9353249854711
2807438.0	19.387163561076605	4.901725728136124
2819513.0	20.0	6.2423452088140845
2831588.0	15.416066252587992	8.833195436245415
2843663.0	19.39296066252588	4.918676116720925
2855738.0	19.34128364389234	4.668168938913419
2867813.0	19.99983436853002	6.239439110535393
2879888.0	18.961904761904762	7.15163187736315
2891963.0	17.075693581780538	6.515043906333193
2904038.0	19.66376811594203	5.442300390494141
2916113.0	19.676107660455486	5.405242451799263
2928188.0	20.0	6.2423452088140845
2940263.0	19.826252587991718	5.818198051925406
2952338.0	18.401904761904763	6.351263710840362
2964413.0	17.208281573498965	7.3359208685514075
2976488.0	17.912712215320912	7.903135106617978
2988563.0	17.671718426501034	7.74551229180652
3000638.0	20.0	0.0
3012713.0	19.641325051759836	5.394552884916168
3024788.0	19.946418219461698	6.078451911445179
3036863.0	19.37109730848861	4.845283292681181
3048938.0	16.06368530020704	7.748067280544932
3061013.0	19.1064182194617	4.139103032426647
3073088.0	20.0	0.0
3085163.0	19.6727950310559	5.412461658139315
3097238.0	18.074285714285715	5.7800040834733775
3109313.0	19.99983436853002	6.242093135165042
3121388.0	16.79262939958592	8.618474066683456
3133463.0	17.476604554865425	7.605680562026926
3145538.0	16.112049689440994	7.804404977962215
3157613.0	18.492670807453415	6.570049364673323
3169688.0	20.0	6.2423452088140845
3181763.0	20.0	0.0
3193838.0	17.398757763975155	7.413931265637294
3205913.0	18.332836438923394	6.138396955579285
3217988.0	19.96207039337474	6.11266207810962
3230063.0	19.386335403726708	4.9031616115339185
3242138.0	18.450848861283642	6.502071655849803
3254213.0	18.833871635610766	7.163005950319071
3266288.0	19.048530020703932	3.998405479289411
3278363.0	14.834120082815735	9.72521003089021
3290438.0	17.52447204968944	7.713197530795403
3302513.0	19.946169772256727	6.072440544088567
3314588.0	19.773002070393375	5.650621541876946
3326663.0	19.356438923395444	4.566844233449176
3338738.0	18.476438923395445	6.537276454063497
3350813.0	18.473871635610767	6.54294303197489
3362888.0	19.40496894409938	4.936272975663842
3374963.0	19.999917184265012	6.24210640245298
3387038.0	19.999006211180124	6.226112113485386
3399113.0	20.0	0.0
3411188.0	19.999751552795033	6.239186919475093
3423263.0	16.991304347826087	8.860408133835408
3435338.0	19.99983436853002	6.241834417413675
3447413.0	18.417391304347827	6.2438375416387
3459488.0	19.981863354037266	6.1855036566590496
3471563.0	19.999420289855074	6.229974959156612
3483638.0	16.40463768115942	8.32705684959563
3495713.0	19.999917184265012	6.242093135165042
3507788.0	19.633291925465837	5.364317349031283
3519863.0	19.99983436853002	6.236544937192643
3531938.0	20.0	6.2423452088140845
3544013.0	16.94989648033126	8.809039212232518
3556088.0	17.96919254658385	8.052519120262591
3568163.0	19.998674948240165	6.238463472765965
3580238.0	15.429813664596272	8.99336309231118
3592313.0	19.638757763975157	5.3889465892338295
3604388.0	19.6463768115942	5.408489607493811
3616463.0	19.99983436853002	6.242093135165042
3628538.0	15.821532091097309	9.24968579847988
3640613.0	20.0	0.0
3652688.0	10.329855072463769	10.172088633292628
3664763.0	14.614906832298137	9.536270522932034
3676838.0	15.84927536231884	9.162806264106012
3688913.0	19.998426501035198	6.2324403430277275
3700988.0	19.999917184265012	6.239439110535393
3713063.0	18.123312629399585	5.746775133119601
3725138.0	20.0	0.0
3737213.0	20.0	6.239691291402829
3749288.0	19.793623188405796	5.662341547561594
3761363.0	19.925714285714285	6.01532893486441
3773438.0	19.88438923395445	5.84069396597192
3785513.0	19.94873706004141	6.07556283550059
3797588.0	20.000082815734988	0.05827044820980982
3809663.0	19.999751552795033	6.239173645979016
3821738.0	18.429648033126295	6.419703107754938
3833813.0	15.435776397515529	8.983716578403206
3845888.0	19.238509316770187	4.528995610754773
3857963.0	19.120993788819877	4.075996493130031
3870038.0	20.0	0.0
3882113.0	20.0	6.2423452088140845
3894188.0	19.412836438923396	4.958419236515983
3906263.0	17.1720082815735	7.08476918829017
3918338.0	19.99983436853002	6.2418543191598825
3930413.0	19.03966873706004	3.8040296820537787
3942488.0	18.48447204968944	6.553490685553119
3954563.0	15.782194616977225	9.233510847304387
3966638.0	19.998509316770186	6.2140627265387485
3978713.0	18.499378881987578	6.577079216072492
3990788.0	20.0	6.2423452088140845
4002863.0	15.976894409937888	9.582791685116153
4014938.0	16.984513457556936	8.788049480094903
4027013.0	17.262443064182193	7.04889166507786
4039088.0	19.966211180124223	6.138693759799765
4051163.0	19.40695652173913	4.941286745352162
4063238.0	18.486128364389234	6.558669763627606
4075313.0	19.279503105590063	4.677464585460823
4087388.0	20.0	6.2423452088140845
4099463.0	16.32745341614907	8.002261585088961
4111538.0	20.0	0.0
4123613.0	20.0	0.0
4135688.0	14.438426501035197	9.485436150478442
4147763.0	19.927784679089026	6.0164095825509065
4159838.0	20.000414078674947	0.1315617292865024
4171913.0	14.751138716356108	9.746135827140755
4183988.0	15.061697722567288	8.653461830753903
4196063.0	18.49855072463768	6.58066683425296
4208138.0	16.44049689440994	8.37566226793446
4220213.0	10.156853002070394	9.96687681976519
4232288.0	15.910973084886129	9.50902371913633
4244363.0	19.149482401656314	4.547836379531444
4256438.0	19.99983436853002	6.242093135165042
4268513.0	19.77937888198758	5.578968195676005
4280588.0	18.47047619047619	6.517445929908079
4292663.0	19.96654244306418	6.1391861533316305
4304738.0	19.999089026915115	6.23165631053822
4316813.0	19.380538302277433	4.892085973895335
4328888.0	18.471966873706005	6.534457164507439
4340963.0	19.999751552795033	6.241575688938278
4353038.0	17.48488612836439	7.616017772305584
4365113.0	17.93689440993789	8.188336905846258
4377188.0	19.999917184265012	6.242093135165042
4389263.0	10.317184265010352	10.180352936972522
4401338.0	20.0	6.2423452088140845
4413413.0	16.594616977225673	8.556812935845192
4425488.0	19.63552795031056	5.379587213916369
4437563.0	18.52041407867495	6.161229207034492
4449638.0	19.99966873706004	6.236040310787285
4461713.0	19.999917184265012	6.2423452088140845
4473788.0	18.481159420289856	6.552479656437946
4485863.0	19.999006211180124	6.227309120477925
4497938.0	20.0	6.2423452088140845
4510013.0	19.999751552795033	6.238928081207898
4522088.0	16.02857142857143	7.67316314906801
4534163.0	19.999585921325053	6.238430285124634
4546238.0	19.963892339544515	6.134132183100684
4558313.0	19.174989648033126	4.582629910260039
4570388.0	17.61242236024845	7.8647206070999935
4582463.0	19.999917184265012	6.239439110535393
4594538.0	18.79006211180124	6.811207424814705
4606613.0	16.764140786749483	8.749535332234547
4618688.0	20.0	6.2423452088140845
4630763.0	19.368944099378883	4.857940502036337
4642838.0	20.0	0.0
4651302.0	19.009890789202554	3.3293058985815804
4657339.5	11.599418443644419	9.985048362720681
4666988.0	15.120496894409937	8.003648236471149
4679063.0	20.0	0.0
4691138.0	20.0	6.2423452088140845
4703213.0	17.946583850931678	8.03668091724634
4715288.0	15.913209109730849	8.999024561816807
4722679.5	13.896971935007386	9.36576231242082
4728717.0	15.170278637770897	8.561005090308813
4739438.0	20.0	0.0
4751513.0	19.725300207039336	5.51627743774607
4763588.0	18.481987577639753	6.5550701063664345
4775663.0	19.13192546583851	4.483556337631127
4787738.0	17.249689440993787	7.39103032009385
4799813.0	17.43453416149068	7.542558341531321
4811888.0	20.0	0.0
4819084.5	19.698015530629853	5.391169720730574
4825049.5	4.161464835622139	7.0953613820513715
