#Position (bp)	Coverage	Std
6038.0	19.025258799171844	3.833307228284504
18113.0	8.424844720496894	10.02394648357572
30188.0	17.596687370600414	7.238675742222137
42263.0	15.319254658385093	8.414071817786287
54338.0	20.0	0.0
66413.0	19.651345755693583	5.419503159216129
78488.0	20.0	0.0
90563.0	19.61159420289855	5.336828564834624
102638.0	14.257888198757763	8.9637872800316
114713.0	19.4072049689441	4.792221094938583
126788.0	16.560496894409937	8.291840385416599
138863.0	19.252173913043478	4.623595976245417
150938.0	19.360662525879917	4.578905634711663
163013.0	19.33416149068323	4.512480966391957
175088.0	18.867080745341614	6.732142239319871
187163.0	15.241407867494823	8.316766970189732
199238.0	18.963975155279503	6.874238523611407
211313.0	19.40041407867495	4.668390690121248
223388.0	16.97225672877847	8.61391815153389
235463.0	19.651345755693583	5.419503159216129
247538.0	15.497556935817805	8.68513401134554
259613.0	19.690848861283644	5.4775884434009345
271688.0	19.19254658385093	4.494993764634095
283763.0	19.368944099378883	4.588373099679596
295838.0	18.448695652173914	6.500441138080402
307913.0	15.324223602484473	8.65375850321027
319988.0	15.974658385093168	8.840341374108018
332063.0	19.168530020703933	4.119991155591626
344138.0	16.58136645962733	7.897395854561418
356213.0	20.0	0.0
368288.0	17.677101449275362	7.518402543864902
380363.0	17.821946169772257	7.617572579784298
392438.0	18.803312629399585	6.540284467129324
404513.0	10.393374741200828	9.580034448863318
416588.0	17.904761904761905	7.901856584001007
428663.0	19.641242236024844	5.370812924500285
440738.0	19.153623188405795	4.084784674681071
452813.0	18.694824016563146	6.675315301057322
464888.0	19.677846790890268	5.467063056880621
476963.0	20.0	0.0
489038.0	18.762070393374742	6.482235639190199
501113.0	18.17126293995859	5.951369520693757
513188.0	17.31080745341615	6.822536033587996
525263.0	17.203809523809525	6.560834921366674
537338.0	19.179627329192545	4.0728256656394635
549413.0	19.692753623188405	5.497366205437596
561488.0	19.43768115942029	5.005297400793817
573563.0	14.165797101449275	8.85053249617437
585638.0	17.113291925465838	6.405742765103108
597713.0	20.0	0.0
609788.0	15.39296066252588	8.65840823282744
621863.0	19.631801242236026	5.367712692061066
633938.0	17.10111801242236	6.522856771038787
646013.0	19.357349896480333	4.595803288598723
658088.0	14.285714285714286	8.458134629329772
670163.0	20.0	0.0
682238.0	18.622194616977225	6.5660964955143495
694313.0	13.695983436853002	9.446127077812703
706388.0	18.571428571428573	6.276935333764799
718463.0	17.458385093167703	6.887952695797533
730538.0	20.0	0.0
742613.0	18.82815734989648	6.677932510043483
754688.0	14.796521739130435	9.336506411226507
766763.0	18.732091097308487	6.538828128336566
778838.0	19.0679917184265	3.4505078091183568
790913.0	16.20041407867495	7.823296949194727
802988.0	14.124223602484472	8.708616422830895
815063.0	16.168944099378884	7.788189816710813
827138.0	12.458964803312629	9.16974049724143
839213.0	19.065175983436852	3.5069053441984606
851288.0	18.30095238095238	5.956960888135352
863363.0	16.365714285714287	8.038303746571986
875438.0	19.68173913043478	5.473414004948393
887513.0	9.892587991718427	10.346518002816634
899588.0	15.736645962732918	8.970616861381718
911663.0	15.050931677018633	8.567669983379343
923738.0	19.387163561076605	4.634902247143913
935813.0	18.936645962732918	7.023910656534087
947888.0	19.366459627329192	4.583443062868678
959963.0	17.57871635610766	7.007880804832599
972038.0	17.644554865424432	7.436149184880099
984113.0	18.266666666666666	5.5484614471618885
996188.0	19.24472049689441	4.441969980592911
1008263.0	17.245383022774327	7.009493709990286
1020338.0	15.530434782608696	8.7310919634205
1032413.0	20.0	0.0
1044488.0	15.342443064182195	7.9774890324550105
1056563.0	18.91262939958592	6.799305773842738
1068638.0	10.041573498964803	9.584312579368833
1080713.0	0.5187577639751553	1.7216680245475555
1092788.0	18.7296066252588	6.412604048530504
1104863.0	16.86376811594203	8.864519735717641
1116938.0	18.28049689440994	5.713802256981251
1129013.0	5.412587991718427	8.48604261447339
1141088.0	14.285548654244307	9.000989133590974
1153163.0	18.30807453416149	6.181559432589285
1165238.0	19.044637681159422	3.971148537127989
1177313.0	17.8439751552795	7.832707344706944
1189388.0	19.696894409937887	5.506247157908475
1201463.0	19.659461697722566	5.3514882510415
1213538.0	15.297722567287785	8.618853617573478
1225613.0	14.481987577639751	9.60589880882918
1237688.0	11.734989648033126	9.83099842440756
1249763.0	17.18343685300207	7.02539021410594
1261838.0	20.0	0.0
1273913.0	15.391304347826088	8.566896662531947
1285988.0	18.473706004140787	6.014034655407209
1298063.0	19.653167701863353	5.357798441597703
1310138.0	18.11072463768116	5.572611224481148
1322213.0	18.082815734989648	5.690033420926712
1334288.0	19.677018633540374	5.467774972234862
1346363.0	18.897722567287786	6.772114299913826
1358438.0	18.544099378881988	6.026497734857301
1370513.0	19.645548654244305	5.407187916044742
1382588.0	17.70186335403727	7.553859063384914
1394663.0	19.392712215320913	4.750625980328166
1406738.0	18.45879917184265	5.865617259803892
1418813.0	16.247619047619047	7.455452240873253
1430888.0	19.467494824016562	5.069414641091475
1442963.0	19.303768115942027	4.437110581285869
1455038.0	19.30351966873706	4.444858848865216
1467113.0	18.61863354037267	6.4267427810927
1479188.0	18.973084886128365	7.080606587576598
1491263.0	18.88198757763975	6.758992170085676
1503338.0	15.709482401656315	9.01432492371047
1515413.0	19.1016149068323	3.968791295574268
1527488.0	19.551801242236024	5.230844972892505
1539563.0	17.112215320910973	6.3118344923156116
1551638.0	19.28910973084886	4.478899228859413
1563713.0	19.42310559006211	4.910368461378541
1575788.0	19.65830227743271	5.389008059698445
1587863.0	17.919337474120084	7.854773970018666
1599938.0	19.404057971014492	4.9048165789229925
1612013.0	18.396770186335402	5.590979128833127
1624088.0	13.498053830227743	9.62327234366845
1636163.0	17.742111801242235	7.409819460057161
1648238.0	20.0	0.0
1660313.0	2.56231884057971	6.396621779215605
1672388.0	11.048447204968944	9.477090170259968
1684463.0	18.62857142857143	6.598123831456793
1696538.0	14.383105590062112	9.066508341085052
1708613.0	18.874120082815736	6.622353762687256
1720688.0	18.713043478260868	6.598688620581149
1732763.0	14.520828157349897	9.07771370601455
1744838.0	19.643975155279502	5.405372681899718
1756913.0	19.625672877846792	5.368915979894994
1768988.0	18.64761904761905	6.403751488486572
1781063.0	17.530434782608694	7.674350276988473
1793138.0	19.561076604554867	5.246274434790326
1805213.0	16.882567287784678	8.571081428443092
1817288.0	16.088861283643894	7.781674070902462
1829363.0	16.222774327122153	7.691559192760269
1841438.0	13.610766045548655	9.790260085747665
1853513.0	19.553623188405798	5.23892897562032
1865588.0	18.622774327122155	6.15201493696814
1877663.0	19.241490683229813	4.219995780712812
1889738.0	18.95975155279503	6.918184996362295
1901813.0	15.290269151138716	8.688275338891444
1913888.0	19.624430641821945	5.334570249940739
1925963.0	13.914037267080746	9.900820803751158
1938038.0	19.310144927536232	4.468458588060218
1950113.0	19.648861283643893	5.412576413950479
1962188.0	19.29937888198758	4.4220134439586145
1974263.0	13.201656314699793	9.180134281394288
1986338.0	18.69383022774327	6.247258612033879
1998413.0	16.0192132505176	7.688091407000938
2010488.0	18.803809523809523	6.662101956925609
2022563.0	19.97134575569358	6.164501326510916
2034638.0	17.664596273291924	7.513460660528441
2046713.0	18.580538302277432	6.703912519132556
2058788.0	20.0	0.0
2070863.0	19.673706004140787	5.456616019575977
2082938.0	18.657556935817805	6.137917991231288
2095013.0	17.855900621118014	7.2297350105644504
2107088.0	18.78840579710145	6.912837998430642
2119163.0	17.055900621118013	6.443196614157888
2131238.0	15.403726708074535	8.661344121299974
2143313.0	18.721325051759834	6.7124926022914755
2155388.0	19.696894409937887	5.506247157908475
2167463.0	19.591718426501036	5.3092754493529
2179538.0	19.65209109730849	5.421634447545844
2191613.0	19.695238095238096	5.503102832652639
2203688.0	19.161076604554864	4.120533845491702
2215763.0	19.705175983436853	5.523966228947341
2227838.0	19.67536231884058	5.46344145631523
2239913.0	15.893002070393374	9.27283706566533
2251988.0	18.153706004140787	5.838573806965093
2264063.0	18.339544513457557	6.120772086238551
2276138.0	19.407287784679088	4.7333887379021995
2288213.0	18.402236024844722	6.49845976336441
2300288.0	13.487370600414078	9.48976129089547
2312363.0	17.961076604554865	7.720934945906707
2324438.0	19.62575569358178	5.325558515213666
2336513.0	18.31552795031056	5.895908677246855
2348588.0	18.89929606625259	6.971037391869345
2360663.0	16.149896480331265	7.849948899360254
2372738.0	16.89689440993789	8.59716357481298
2384813.0	17.59320910973085	7.272598107266319
2396888.0	19.314285714285713	4.620585857290858
2408963.0	16.456314699792962	8.066257710832014
2421038.0	20.0	0.0
2433113.0	19.58865424430642	5.3408151454828925
2445188.0	12.629399585921325	9.830404518740334
2457263.0	18.00414078674948	5.864049858701887
2469338.0	16.64944099378882	8.320973027988083
2481413.0	19.653002070393374	5.420572727641623
2493488.0	18.368530020703933	6.059825961463731
2505563.0	20.0	0.0
2517638.0	19.459461697722567	4.983417637099631
2529713.0	20.0	0.0
2541788.0	20.0	0.0
2553863.0	10.310227743271222	10.192470732228237
2565938.0	14.821532091097309	9.952849504062522
2578013.0	19.633954451345755	5.38339598961031
2590088.0	19.427743271221534	4.984406325553671
2602163.0	17.02807453416149	6.460345675936233
2614238.0	19.927287784679088	6.017593254069985
2626313.0	19.542857142857144	5.215719193752148
2638388.0	18.10128364389234	5.709176805193607
2650463.0	18.179958592132504	5.837935481249325
2662538.0	15.987826086956522	9.383903225819884
2674613.0	18.705590062111803	6.561295635320718
2686688.0	17.509730848861285	7.381780491847049
2698763.0	16.71055900621118	8.76937075017571
2710838.0	19.408695652173915	4.6892767854101285
2722913.0	20.0	0.0
2734988.0	20.0	0.0
2747063.0	16.855486542443064	8.5489408252692
2759138.0	19.67287784679089	5.455234726510403
2771213.0	18.608695652173914	6.540411089960084
2783288.0	15.422443064182195	8.646913306541755
2795363.0	14.657888198757764	8.76081998866008
2807438.0	19.41151138716356	4.907247355142685
2819513.0	18.20190476190476	5.955417527731085
2831588.0	15.472463768115942	8.894388395361213
2843663.0	18.467080745341615	5.883661625219691
2855738.0	18.38840579710145	5.747135392296869
2867813.0	20.0	0.0
2879888.0	18.258716356107662	5.571503954472236
2891963.0	16.78840579710145	8.551129863717996
2904038.0	20.0	0.0
2916113.0	19.995942028985507	6.20981657910842
2928188.0	20.0	0.0
2940263.0	19.54120082815735	5.338519734969849
2952338.0	17.72008281573499	7.663443376787875
2964413.0	16.358592132505176	8.22771159528809
2976488.0	17.783768115942028	7.677721798051917
2988563.0	17.513871635610766	7.566051452083137
3000638.0	19.029399585921325	3.4133218491007646
3012713.0	19.384679089026914	4.628572706591851
3024788.0	19.562236024844722	5.121521189653151
3036863.0	18.400828157349896	5.996976463858646
3048938.0	16.481987577639753	8.42478842710058
3061013.0	18.444306418219462	6.178792286530015
3073088.0	20.0	0.0
3085163.0	18.635196687370602	6.280509797192375
3097238.0	17.459792960662526	7.129061626100384
3109313.0	18.97151138716356	6.885252941942958
3121388.0	14.83792960662526	9.314758209255592
3133463.0	17.55031055900621	7.703754025600539
3145538.0	16.47287784679089	8.414076739048701
3157613.0	17.140372670807455	6.373229466308876
3169688.0	18.99461697722567	6.924412958801388
3181763.0	19.677018633540374	5.46489644620114
3193838.0	17.127701863354037	6.828778464770326
3205913.0	14.461780538302277	8.709624385461051
3217988.0	19.3392132505176	4.564595047790172
3230063.0	16.234037267080744	7.1812154314199335
3242138.0	18.51511387163561	6.602026164928588
3254213.0	17.740786749482403	7.522988921887401
3266288.0	18.625258799171842	6.467565197655246
3278363.0	15.011262939958591	8.334000801426532
3290438.0	17.26368530020704	7.170875070405446
3302513.0	19.01697722567288	3.932652500994945
3314588.0	17.869813664596272	7.568404411870109
3326663.0	19.480910973084885	5.127759066442012
3338738.0	16.214161490683228	7.631643831943401
3350813.0	18.16728778467909	5.82467088257089
3362888.0	18.106004140786748	5.719386956970221
3374963.0	18.441407867494824	5.832812162462228
3387038.0	19.600662525879915	5.304874901688757
3399113.0	18.814906832298135	6.853896747188274
3411188.0	20.0	0.0
3423263.0	16.702443064182194	8.359088977276215
3435338.0	19.535403726708076	5.196869578520234
3447413.0	17.521325051759835	6.9294044450250505
3459488.0	12.062857142857142	9.23135802655778
3471563.0	16.28654244306418	7.940054914777947
3483638.0	16.385424430641823	8.302345698619089
3495713.0	18.6111801242236	6.544828692081685
3507788.0	19.632298136645964	5.377131240045272
3519863.0	20.0	0.0
3531938.0	19.692753623188405	5.497366205437596
3544013.0	16.39834368530021	7.824630644349731
3556088.0	18.446293995859214	6.48063207816222
3568163.0	18.71817805383023	6.310896291992252
3580238.0	15.360579710144927	8.918531663863591
3592313.0	17.27768115942029	6.988088060492714
3604388.0	18.97639751552795	6.892514017570195
3616463.0	19.01697722567288	3.3816579906971014
3628538.0	15.632298136645963	9.074091163019169
3640613.0	19.35569358178054	4.554459966896416
3652688.0	9.928778467908902	10.716814056410083
3664763.0	14.19320910973085	8.929607393315665
3676838.0	15.89639751552795	9.264835900598044
3688913.0	18.76455486542443	6.421212258888973
3700988.0	19.47569358178054	4.951658650941636
3713063.0	17.65631469979296	7.489647789887263
3725138.0	19.41449275362319	4.96025612108382
3737213.0	19.999917184265012	6.242093135165042
3749288.0	19.010351966873706	3.4364385242353586
3761363.0	17.610766045548655	7.0613460965776325
3773438.0	19.3175983436853	4.4766613557884805
3785513.0	18.549730848861284	6.2177599103115435
3797588.0	19.673871635610766	5.457253421532879
3809663.0	19.637432712215322	5.343977473576702
3821738.0	17.528447204968945	7.164098437222891
3833813.0	15.094824016563146	8.45710158906612
3845888.0	18.424844720496896	5.934284707498286
3857963.0	17.791304347826088	7.7583855655574965
3870038.0	20.0	0.0
3882113.0	18.87784679089027	6.752004533276861
3894188.0	18.980538302277434	7.086534047283809
3906263.0	16.85424430641822	8.603571890520955
3918338.0	19.304182194616978	4.417010221412926
3930413.0	18.52521739130435	6.222659454222915
3942488.0	18.232712215320912	5.944951056500145
3954563.0	14.673954451345756	9.352379265705954
3966638.0	19.64190476190476	5.316173221648003
3978713.0	18.53416149068323	6.632875021881582
3990788.0	19.38550724637681	4.899190789648303
4002863.0	15.876604554865425	9.478732869513426
4014938.0	15.683643892339544	9.129221845885176
4027013.0	15.96687370600414	9.389624686846346
4039088.0	18.610351966873704	6.320835440234611
4051163.0	18.847204968944098	6.702677070931006
4063238.0	16.179710144927537	7.205829248273893
4075313.0	17.788819875776397	7.664632010144499
4087388.0	20.0	0.0
4099463.0	12.649275362318841	10.051255805680281
4111538.0	17.96935817805383	7.728825344179294
4123613.0	18.94368530020704	7.040992072014996
4135688.0	14.093581780538303	8.973113739741374
4147763.0	19.57416149068323	5.0975007069697345
4159838.0	19.667743271221532	5.450146730032322
4171913.0	14.43975155279503	9.422979708343371
4183988.0	15.041821946169772	8.526927266772976
4196063.0	18.530848861283644	6.627504019146989
4208138.0	14.007784679089028	8.425958116815881
4220213.0	10.16248447204969	9.978361682328119
4232288.0	15.960082815734989	9.552752088470008
4244363.0	19.175155279503105	4.602591762439615
4256438.0	19.648033126293996	5.413846215848887
4268513.0	19.193374741200827	4.186985653341032
4280588.0	17.458385093167703	7.042038806979566
4292663.0	19.26815734989648	4.256681509594072
4304738.0	19.277267080745343	4.388673545223257
4316813.0	19.454244306418218	5.044193923665555
4328888.0	17.452587991718428	7.217789158133048
4340963.0	19.518012422360247	5.1664228887924475
4353038.0	16.636521739130433	8.31060586072139
4365113.0	16.661697722567286	8.01252642492647
4377188.0	19.066666666666666	3.869089695582639
4389263.0	9.783022774327122	10.4563966969534
4401338.0	19.338302277432714	4.526700177033333
4413413.0	15.406211180124224	8.635134547547265
4425488.0	19.304182194616978	4.368198647072939
4437563.0	16.63768115942029	8.446367148805596
4449638.0	17.537060041407866	6.956743008903338
4461713.0	20.0	0.0
4473788.0	18.5175983436853	6.606352423201815
4485863.0	18.421697722567288	6.391220686485018
4497938.0	18.607867494824017	6.130573688278448
4510013.0	19.695238095238096	5.502696496905861
4522088.0	15.286128364389233	8.528044103537697
4534163.0	20.0	0.0
4546238.0	15.958426501035197	8.953715816079594
4558313.0	18.154865424430643	5.4533747410436195
4570388.0	17.662857142857142	7.9308449913885415
4582463.0	19.011180124223603	3.4872022754845937
4594538.0	18.81407867494824	6.784576345688519
4606613.0	14.259792960662526	8.40893244874379
4618688.0	19.67312629399586	5.451567290360183
4630763.0	18.81904761904762	6.665034997011429
4642838.0	20.000828157349897	0.18426733662203437
4651302.0	19.89078920255512	5.941832892014795
4657339.5	11.181251730822487	9.468154147038948
4666988.0	12.406128364389234	8.933543460338903
4679063.0	20.0	0.0
4691138.0	20.0	0.0
4703213.0	16.07287784679089	7.028047919368208
4715288.0	14.879751552795032	9.308892874152278
4722679.5	14.087887740029542	8.043181098677016
4728717.0	0.0	0.0
4739438.0	4.3113871635610765	8.298120219172691
4751513.0	19.63064182194617	5.375390592000094
4763588.0	18.527536231884056	6.6228789721628765
4775663.0	19.14335403726708	4.527084354595484
4787738.0	16.963146997929606	8.902024800496472
4799813.0	15.999337474120082	9.107978892328726
4811888.0	19.49631469979296	4.988857148904337
4819084.5	19.72389991371872	5.461924049516983
4825049.5	5.720141489804411	8.925455374449067
