#Position (bp)	Coverage	Std
6038.0	19.664844720496895	5.444506415049913
18113.0	9.422939958592133	10.16664053215933
30188.0	18.013747412008282	5.550819237094517
42263.0	17.10144927536232	7.091855183087723
54338.0	20.0	0.0
66413.0	20.0	0.0
78488.0	20.0	0.0
90563.0	20.0	0.0
102638.0	15.1624016563147	8.354262744500009
114713.0	19.981532091097307	6.114693974489347
126788.0	17.84679089026915	8.074728616865388
138863.0	19.6424016563147	5.397499612820124
150938.0	20.00016563146998	0.08240685814387208
163013.0	20.0	0.0
175088.0	19.90757763975155	5.883232305480419
187163.0	16.3031884057971	8.107859847354778
199238.0	20.0	0.0
211313.0	19.999254658385095	6.242723300203088
223388.0	19.17184265010352	4.43872475297942
235463.0	20.0	0.0
247538.0	16.734575569358178	8.714234802824501
259613.0	19.923643892339545	6.005746040855074
271688.0	20.0	0.0
283763.0	19.96447204968944	6.114423093984969
295838.0	18.448447204968943	6.5005239476678245
307913.0	18.716273291925464	6.405426012503486
319988.0	19.760910973084886	5.595443280674589
332063.0	19.970517598343687	6.154592286348473
344138.0	19.94592132505176	6.039360200849983
356213.0	20.0	0.0
368288.0	18.450269151138716	6.503096889262739
380363.0	20.0	0.0
392438.0	20.0	0.0
404513.0	16.695652173913043	8.670551764962983
416588.0	19.375569358178055	4.876147208011968
428663.0	19.666749482401656	5.22151148563488
440738.0	20.0	0.0
452813.0	19.995610766045548	6.205307285648051
464888.0	19.64654244306418	5.2931378679015015
476963.0	20.0	0.0
489038.0	20.0	0.0
501113.0	20.0	0.0
513188.0	18.45374741200828	6.508214271370481
525263.0	19.1479917184265	4.289435237695643
537338.0	20.0	0.0
549413.0	19.595942028985508	5.017352910424309
561488.0	19.99329192546584	6.190381907229143
573563.0	14.766045548654244	9.687711795587672
585638.0	19.119254658385092	4.186441686666517
597713.0	20.0	0.0
609788.0	16.565714285714286	8.519921849581799
621863.0	20.0	0.0
633938.0	19.057888198757762	3.922299152515263
646013.0	20.0	0.0
658088.0	18.86128364389234	6.909231080234821
670163.0	20.0	0.0
682238.0	19.942443064182196	6.066450522848576
694313.0	15.85879917184265	9.312268450023346
706388.0	19.53424430641822	5.156491014820189
718463.0	19.417722567287786	4.904115819072153
730538.0	19.99983436853002	6.2418543191598825
742613.0	20.0	6.2423452088140845
754688.0	18.65424430641822	6.978001517338861
766763.0	19.999503105590062	6.238204604481213
778838.0	19.728198757763977	5.493417856995117
790913.0	18.403146997929607	6.348890123250003
802988.0	19.509399585921326	4.554805439093058
815063.0	1.3034368530020704	4.600225037253584
827138.0	0.0	0.0
839213.0	0.0	0.0
851288.0	0.0	0.0
863363.0	17.097805383022774	7.028124512378156
875438.0	20.0	0.0
887513.0	19.622939958592134	5.334057921793074
899588.0	19.955031055900623	6.0824357657702
911663.0	16.606211180124223	8.405667022624563
923738.0	19.652008281573497	5.392080689445467
935813.0	19.855320910973084	5.787471297256094
947888.0	19.921242236024845	5.979454125220025
959963.0	19.542360248447206	5.037408713063004
972038.0	20.0	0.0
984113.0	20.0	0.0
996188.0	19.966459627329193	6.139348027510621
1008263.0	18.153871635610766	5.915792808649186
1020338.0	17.086542443064182	7.1668375924534935
1032413.0	20.0	0.0
1044488.0	19.999337474120082	6.2324536308639775
1056563.0	19.970351966873707	6.151402405370259
1068638.0	8.896066252587993	10.110937439259583
1080713.0	10.447619047619048	9.277756743218449
1092788.0	19.98824016563147	6.156220238023297
1104863.0	14.150310559006211	9.246954621509545
1116938.0	0.0	0.0
1129013.0	0.0	0.0
1141088.0	0.0	0.0
1153163.0	18.547412008281572	6.751366704671907
1165238.0	19.62070393374741	5.355015450602404
1177313.0	19.17184265010352	4.43872475297942
1189388.0	20.0	0.0
1201463.0	19.95113871635611	6.065610901695396
1213538.0	16.203726708074534	8.167450420835845
1225613.0	14.734327122153209	9.813655082942162
1237688.0	16.30111801242236	7.9672206292323455
1249763.0	19.130434782608695	4.344435530977039
1261838.0	19.604140786749483	5.3243065431689285
1273913.0	16.499296066252587	8.314805075096649
1285988.0	19.62310559006211	5.302337466504337
1298063.0	19.96198757763975	6.128236247331329
1310138.0	19.02368530020704	3.7947331922020524
1322213.0	19.17184265010352	4.43872475297942
1334288.0	19.889689440993788	5.913531522911141
1346363.0	19.761573498964804	5.595561683960441
1358438.0	19.624016563147	5.36150684915927
1370513.0	20.0	0.0
1382588.0	18.45134575569358	6.503256072500411
1394663.0	19.564057971014492	4.876877458724177
1406738.0	20.00016563146998	0.08240685814387208
1418813.0	18.96703933747412	7.004050883486492
1430888.0	19.91801242236025	5.94807761627171
1442963.0	19.96016563146998	6.090456846269687
1455038.0	19.994699792960663	6.194053115356634
1467113.0	19.59370600414079	5.190220139181739
1479188.0	19.988819875776397	6.167624009399815
1491263.0	19.999089026915115	6.2395784749062555
1503338.0	16.382608695652173	8.301662384347205
1515413.0	20.0	0.0
1527488.0	20.0	0.0
1539563.0	19.14070393374741	4.292137353834588
1551638.0	19.991055900621117	6.184794015861282
1563713.0	20.0	0.0
1575788.0	19.93648033126294	6.014750674207357
1587863.0	19.11975155279503	4.208421016654123
1599938.0	20.0	0.0
1612013.0	20.00298136645963	0.3533923150895906
1624088.0	15.440331262939958	8.695164168501034
1636163.0	19.687701863354036	5.4621149560367765
1648238.0	19.99983436853002	6.242093135165042
1660313.0	12.29648033126294	9.405183364511444
1672388.0	17.47544513457557	7.538703448832632
1684463.0	19.337474120082817	4.797385416276052
1696538.0	17.43544513457557	7.548830685642438
1708613.0	19.930683229813663	5.990033129658794
1720688.0	19.175983436853002	4.131462877389363
1732763.0	16.21863354037267	8.185681585718706
1744838.0	20.0	0.0
1756913.0	20.0	0.0
1768988.0	20.0	0.0
1781063.0	18.082815734989648	5.733444074235047
1793138.0	19.99983436853002	6.239439110535393
1805213.0	17.77689440993789	7.963545305341569
1817288.0	15.925465838509316	9.378478512703992
1829363.0	17.94293995859213	7.9127854711879735
1841438.0	14.559006211180124	9.471587674982802
1853513.0	19.690269151138715	5.487550374231735
1865588.0	19.995031055900622	6.210676708377554
1877663.0	19.99983436853002	6.2418543191598825
1889738.0	20.0	0.0
1901813.0	19.130434782608695	4.089040039814357
1913888.0	19.958840579710145	6.1162106836090935
1925963.0	16.944513457556937	8.810679572777659
1938038.0	19.946997929606624	6.0497112502317085
1950113.0	19.949151138716356	6.056374223663864
1962188.0	19.592215320910974	5.256509323605464
1974263.0	13.801656314699793	9.945058179549125
1986338.0	19.95577639751553	6.109443526790254
1998413.0	16.32496894409938	8.191800172252238
2010488.0	19.712380952380954	5.595324874883186
2022563.0	19.928198757763976	6.024051173967887
2034638.0	18.97383022774327	7.077582490726865
2046713.0	18.885383022774327	7.141532796482125
2058788.0	20.0	0.0
2070863.0	19.99312629399586	6.185590682473042
2082938.0	19.819296066252587	5.720161575270842
2095013.0	20.0	6.2423452088140845
2107088.0	20.0	0.0
2119163.0	19.995776397515527	6.201222079518127
2131238.0	17.18857142857143	7.275398859954591
2143313.0	19.92447204968944	6.049369010436594
2155388.0	20.0	0.0
2167463.0	19.62360248447205	5.361437340113831
2179538.0	19.964554865424432	6.13618396262599
2191613.0	20.0	0.0
2203688.0	19.951221532091097	6.04097807884355
2215763.0	20.0	0.0
2227838.0	19.950144927536233	6.0463290712708675
2239913.0	15.681407867494825	8.960026249591836
2251988.0	18.502691511387162	6.6845515791012176
2264063.0	18.98608695652174	7.271675672136743
2276138.0	19.573084886128363	5.150295977343855
2288213.0	18.905175983436852	7.261971625120687
2300288.0	15.100621118012423	8.37712057143282
2312363.0	19.9960248447205	6.2144092227320895
2324438.0	19.994451345755692	6.192428422860995
2336513.0	19.587577639751554	5.293106576073531
2348588.0	19.997267080745342	6.2119900093107345
2360663.0	17.10144927536232	7.091855183087723
2372738.0	17.436024844720496	7.548901994664639
2384813.0	19.20753623188406	4.6365904514516645
2396888.0	19.89821946169772	5.988505207226358
2408963.0	17.435859213250517	7.548880053498783
2421038.0	20.0	0.0
2433113.0	19.49846790890269	5.127242225255104
2445188.0	14.524306418219462	9.220694161946668
2457263.0	18.26070393374741	6.309820142265806
2469338.0	18.156687370600412	5.983137104113966
2481413.0	20.0	0.0
2493488.0	19.604140786749483	5.3243065431689285
2505563.0	20.0	0.0
2517638.0	19.902857142857144	5.962783126082621
2529713.0	20.0	0.0
2541788.0	19.99983436853002	6.2418543191598825
2553863.0	9.817639751552795	10.47359293978542
2565938.0	14.485300207039337	9.461531573172756
2578013.0	19.5783850931677	5.005404946150535
2590088.0	20.0	0.0
2602163.0	18.47701863354037	6.247483965615369
2614238.0	19.99966873706004	6.241588957326118
2626313.0	20.0	0.0
2638388.0	18.850351966873706	6.955296475947161
2650463.0	19.126128364389235	4.314326847732832
2662538.0	16.382608695652173	8.301662384347205
2674613.0	19.584596273291925	5.219909330261311
2686688.0	19.160248447204967	4.390494154807117
2698763.0	17.002732919254658	6.791877989573931
2710838.0	19.890600414078676	5.870556775383581
2722913.0	20.0	0.0
2734988.0	20.0	0.0
2747063.0	18.123726708074535	5.873377490592437
2759138.0	20.00016563146998	0.08240685814387208
2771213.0	19.189399585921326	4.483519395494152
2783288.0	19.503105590062113	4.89814263187956
2795363.0	19.544679089026914	4.992623958987822
2807438.0	19.617391304347827	5.349135492544409
2819513.0	19.99271221532091	6.190054134362269
2831588.0	15.734492753623188	9.179304294400122
2843663.0	19.999254658385095	6.234552753255544
2855738.0	19.914534161490682	5.984721748748049
2867813.0	20.0	6.2423982756536835
2879888.0	19.72223602484472	5.367265247021434
2891963.0	0.014658385093167702	0.2336141463143404
2904038.0	0.0	0.0
2916113.0	10.068737060041407	9.982128958830607
2928188.0	20.0	0.0
2940263.0	19.83312629399586	5.828124856029952
2952338.0	19.060455486542445	4.065549858527613
2964413.0	17.55031055900621	7.787099806439182
2976488.0	18.44463768115942	6.275411281301204
2988563.0	17.72687370600414	7.770411576374356
3000638.0	20.0	0.0
3012713.0	19.465672877846792	5.050494512819174
3024788.0	19.861614906832298	5.842671614441712
3036863.0	20.0	0.0
3048938.0	16.75527950310559	8.73905112084565
3061013.0	18.934409937888198	7.052180550553022
3073088.0	19.994120082815733	6.193137188870083
3085163.0	19.532422360248447	5.137150042485249
3097238.0	18.448447204968943	6.5005239476678245
3109313.0	19.999585921325053	6.241091373477166
3121388.0	3.230807453416149	7.289431926109401
3133463.0	16.22824016563147	8.117103584432941
3145538.0	17.05639751552795	6.89886118966643
3157613.0	19.109316770186336	4.158794219263326
3169688.0	20.0	0.0
3181763.0	20.0	0.0
3193838.0	17.990890269151137	8.13668430443134
3205913.0	19.125548654244305	4.294982387158784
3217988.0	19.94120082815735	6.0472193017653915
3230063.0	19.690351966873706	5.464161421609711
3242138.0	18.125714285714285	5.573525113841059
3254213.0	18.83718426501035	6.932367746108668
3266288.0	19.93639751552795	6.076905336428148
3278363.0	15.800745341614906	9.140934709897035
3290438.0	18.176894409937887	6.052421105825007
3302513.0	19.966293995859214	6.14192395049504
3314588.0	19.75320910973085	5.612652078477451
3326663.0	19.91312629399586	5.904624990064306
3338738.0	17.76008281573499	7.918079529586262
3350813.0	19.17184265010352	4.43872475297942
3362888.0	19.99983436853002	6.242093135165042
3374963.0	19.999751552795033	6.241827783484173
3387038.0	19.999006211180124	6.2261786199112
3399113.0	19.998592132505177	6.227794507740424
3411188.0	20.0	0.0
3423263.0	18.356935817805383	6.137553683463088
3435338.0	20.0	0.0
3447413.0	19.917018633540373	5.9913464166294
3459488.0	19.9503933747412	6.0652900401564915
3471563.0	19.99966873706004	6.238722330309293
3483638.0	16.38592132505176	8.303657304927821
3495713.0	20.0	0.0
3507788.0	19.850931677018632	5.802797925838531
3519863.0	19.604140786749483	5.3243065431689285
3531938.0	20.0	0.0
3544013.0	18.3431884057971	6.113217530190511
3556088.0	19.074202898550723	4.025981870389379
3568163.0	19.946997929606624	6.0487803126929265
3580238.0	16.40248447204969	8.328871683467622
3592313.0	20.0	0.0
3604388.0	20.000993788819876	0.20389580418634037
3616463.0	19.644057971014494	5.401380085894541
3628538.0	16.253830227743272	7.96860818186637
3640613.0	20.0	0.0
3652688.0	11.093250517598344	10.075170883066022
3664763.0	15.154037267080746	8.361332672365752
3676838.0	16.573084886128363	8.202468951139648
3688913.0	20.0	0.0
3700988.0	20.0	0.0
3713063.0	18.44968944099379	6.500708672946171
3725138.0	19.966625258799173	6.142584615265272
3737213.0	18.504347826086956	6.584252497617398
3749288.0	19.999585921325053	6.241310315257985
3761363.0	19.87784679089027	5.82226752836407
3773438.0	19.89888198757764	5.8688213622664165
3785513.0	19.60231884057971	5.191161464440926
3797588.0	19.99983436853002	6.244480792881887
3809663.0	20.0	0.0
3821738.0	19.138053830227744	4.290902311880742
3833813.0	15.895403726708075	9.322916399192657
3845888.0	20.0	6.2423452088140845
3857963.0	20.0	0.0
3870038.0	20.0	0.0
3882113.0	20.0	0.0
3894188.0	20.0	0.0
3906263.0	17.184844720496894	7.082150309197795
3918338.0	19.99966873706004	6.238961266201244
3930413.0	19.951387163561076	6.059429624197349
3942488.0	19.06865424430642	3.9161712827106974
3954563.0	16.39776397515528	8.321425861256545
3966638.0	19.73879917184265	5.524206096994424
3978713.0	19.17184265010352	4.43872475297942
3990788.0	19.478757763975157	5.067257783976987
4002863.0	16.34393374741201	8.25558095940108
4014938.0	18.438178053830228	5.864819490867172
4027013.0	18.426501035196686	5.981655877709573
4039088.0	19.94625258799172	6.078479160340314
4051163.0	19.96231884057971	6.12926320978501
4063238.0	19.151138716356108	4.389664125957291
4075313.0	19.875776397515526	5.891489457949179
4087388.0	19.949151138716356	6.049245799370432
4099463.0	18.024927536231885	4.990583265015396
4111538.0	20.00016563146998	0.08240685814387208
4123613.0	20.0	0.0
4135688.0	14.611014492753624	9.521278338586061
4147763.0	19.88944099378882	5.909700065606075
4159838.0	19.999751552795033	6.244235436823008
4171913.0	15.711221532091097	9.369100352107852
4183988.0	15.89184265010352	9.796357120707622
4196063.0	18.44894409937888	6.500600386350695
4208138.0	17.11296066252588	7.107957806725826
4220213.0	10.7431884057971	10.528274068688773
4232288.0	15.862774327122153	9.458209268528993
4244363.0	19.11718426501035	4.469496338014825
4256438.0	20.0	0.0
4268513.0	19.888198757763973	5.87400491550799
4280588.0	18.91594202898551	7.001319012079271
4292663.0	19.96198757763975	6.08334113275543
4304738.0	20.0	0.0
4316813.0	20.0	0.0
4328888.0	19.17184265010352	4.43872475297942
4340963.0	19.78782608695652	5.609213066155721
4353038.0	17.454824016563148	7.574830283922391
4365113.0	18.50600414078675	6.158997525376867
4377188.0	20.0	0.0
4389263.0	10.730020703933748	10.542325223498487
4401338.0	20.0	0.0
4413413.0	17.69109730848861	7.883746416326174
4425488.0	19.606128364389235	5.264553917504365
4437563.0	22.27262939958592	13.116897577948583
4449638.0	19.843395445134576	5.737732435288769
4461713.0	19.996604554865424	6.193872615013528
4473788.0	19.04057971014493	3.8762428715409287
4485863.0	19.956770186335405	6.101725649406169
4497938.0	20.0	0.0
4510013.0	20.0	0.0
4522088.0	16.037349896480332	7.7022918801509554
4534163.0	19.96703933747412	6.142348671719061
4546238.0	20.0	0.0
4558313.0	19.549151138716358	5.235798103492754
4570388.0	17.878095238095238	8.195039655074291
4582463.0	20.0	0.0
4594538.0	20.0	0.0
4606613.0	17.400662525879916	7.4558965507000705
4618688.0	19.667080745341615	5.452334390933757
4630763.0	19.900372670807453	5.899012094012031
4642838.0	20.0	0.0
4651302.0	19.887080156604164	5.932149500151627
4657339.5	0.0	0.0
4666988.0	0.0	0.0
4679063.0	0.0	0.0
4691138.0	0.0	0.0
4703213.0	0.0	0.0
4715288.0	0.9666252587991718	4.123959182323961
4722679.5	0.12112259970457903	0.7734516624525832
4728717.0	0.0	0.0
4739438.0	0.0	0.0
4751513.0	0.0	0.0
4763588.0	0.0	0.0
4775663.0	0.0	0.0
4787738.0	0.0	0.0
4799813.0	0.0	0.0
4811888.0	0.0	0.0
4819084.5	0.0	0.0
4825049.5	0.0	0.0
