#Position (bp)	Coverage	Std
6038.0	19.41623188405797	5.024206415297811
18113.0	8.502939958592133	10.064442461974403
30188.0	18.591304347826085	6.719398080111506
42263.0	16.563975155279504	8.522822849078244
54338.0	19.998509316770186	6.219844019533706
66413.0	19.999917184265012	6.244752662660497
78488.0	20.0	0.0
90563.0	20.0	0.0
102638.0	14.502443064182195	9.178158428165487
114713.0	19.98650103519669	6.168792090775412
126788.0	17.406542443064183	7.520104179710945
138863.0	19.617391304347827	5.3486710100266
150938.0	20.0	0.0
163013.0	20.0	0.0
175088.0	19.940455486542444	5.98409209304585
187163.0	16.382111801242235	8.302799547818973
199238.0	20.0	6.2423452088140845
211313.0	20.0	0.0
223388.0	18.58550724637681	6.707617498424903
235463.0	20.0	0.0
247538.0	16.53913043478261	8.48952588131051
259613.0	20.0	0.0
271688.0	20.0	0.0
283763.0	19.92256728778468	5.987357280551155
295838.0	18.448447204968943	6.5000398151352625
307913.0	16.43527950310559	8.248952502669919
319988.0	20.16033126293996	3.557140778434041
332063.0	19.949813664596274	6.088981325458349
344138.0	20.0	0.0
356213.0	20.0	0.0
368288.0	18.447287784679087	6.473056116437
380363.0	19.099461697722568	4.193764473058373
392438.0	19.79544513457557	5.793299477895109
404513.0	16.10351966873706	7.876689407666442
416588.0	20.0	0.0
428663.0	19.981780538302278	6.188167430594321
440738.0	20.0	0.0
452813.0	20.0	0.0
464888.0	20.0	0.0
476963.0	19.92737060041408	6.02281377051339
489038.0	20.0	0.0
501113.0	20.0	0.0
513188.0	18.58136645962733	6.701997477344749
525263.0	18.44968944099379	6.5008360666315355
537338.0	20.0	0.0
549413.0	19.94815734989648	6.048725547199312
561488.0	20.0	0.0
573563.0	14.967287784679089	9.895060147412494
585638.0	18.059792960662527	5.648444700643874
597713.0	20.0	0.0
609788.0	16.335403726708076	8.247265686538043
621863.0	19.648198757763975	5.411750117796843
633938.0	18.60273291925466	6.7394208178939605
646013.0	20.0	0.0
658088.0	17.59072463768116	7.533901295946214
670163.0	20.0	0.0
682238.0	20.0	0.0
694313.0	16.196273291925465	8.072907942625354
706388.0	20.0	0.0
718463.0	19.43271221532091	4.997846327059556
730538.0	20.0	0.0
742613.0	20.0	0.0
754688.0	17.428571428571427	7.542591280840666
766763.0	19.924140786749483	5.968884120147715
778838.0	19.730269151138717	5.518859065334318
790913.0	18.614906832298136	7.069691528085041
802988.0	18.927784679089026	6.833839803479981
815063.0	16.899875776397515	8.80842811159298
827138.0	16.667329192546585	8.60824391813088
839213.0	19.616314699792962	5.325169735531001
851288.0	19.104347826086958	4.27290563519577
863363.0	17.061946169772256	6.938881360432781
875438.0	20.0	0.0
887513.0	19.62600414078675	5.338612811347383
899588.0	20.0	0.0
911663.0	15.090683229813665	8.609326157976009
923738.0	20.0	0.0
935813.0	19.059213250517598	3.8412062460157808
947888.0	20.000828157349897	0.18605638184607656
959963.0	19.875859213250518	5.891777616158038
972038.0	20.0	0.0
984113.0	20.0	0.0
996188.0	20.0	0.0
1008263.0	18.0424016563147	5.729947481142038
1020338.0	16.228985507246378	7.9820554439148586
1032413.0	20.0	0.0
1044488.0	19.99983436853002	6.239186919475093
1056563.0	20.0	0.0
1068638.0	14.248281573498964	8.722579632490296
1080713.0	8.256977225672879	8.905284912841475
1092788.0	19.932670807453416	6.05417912570551
1104863.0	17.394616977225674	7.495616386285517
1116938.0	20.0	0.0
1129013.0	19.234037267080744	4.0872877712551325
1141088.0	17.836190476190477	8.146317233698285
1153163.0	18.547412008281572	6.750998699218731
1165238.0	20.0	0.0
1177313.0	18.6111801242236	6.7514893686987465
1189388.0	20.0	0.0
1201463.0	19.973084886128365	6.128580839443179
1213538.0	15.97184265010352	9.649746024828078
1225613.0	14.526708074534161	9.656244828202869
1237688.0	16.386997929606625	8.179573609341858
1249763.0	18.60289855072464	6.737737116367434
1261838.0	20.0	0.0
1273913.0	16.6824016563147	8.733695249561627
1285988.0	19.643064182194617	5.364749602943032
1298063.0	20.0	0.0
1310138.0	9.756521739130434	10.62184553100223
1322213.0	10.521739130434783	10.446432420236059
1334288.0	19.997101449275362	6.2212618799470265
1346363.0	19.59958592132505	5.1986142444031955
1358438.0	20.0	0.0
1370513.0	20.0	0.0
1382588.0	18.450600414078675	6.501160909230126
1394663.0	19.87089026915114	5.838417778234881
1406738.0	19.97697722567288	6.148965137055891
1418813.0	18.48944099378882	6.462889763826927
1430888.0	19.92472049689441	6.012423301336272
1442963.0	20.0	0.0
1455038.0	19.995776397515527	6.2124832587432905
1467113.0	20.0	0.0
1479188.0	20.0	0.0
1491263.0	20.0	0.0
1503338.0	16.381863354037268	8.300420304157667
1515413.0	20.0	0.0
1527488.0	20.0	0.0
1539563.0	18.603726708074536	6.738413105481454
1551638.0	19.869316770186334	5.756026637369177
1563713.0	20.0	0.0
1575788.0	19.949399585921324	6.055546881424195
1587863.0	18.59561076604555	6.737429826167087
1599938.0	19.37656314699793	4.794035286386842
1612013.0	19.88770186335404	5.9080392294086765
1624088.0	13.720910973084885	9.867549342197583
1636163.0	19.667412008281573	5.419105837177771
1648238.0	20.0	0.0
1660313.0	8.550062111801243	9.660763529187209
1672388.0	16.603561076604556	8.435879205572734
1684463.0	20.0	0.0
1696538.0	17.607453416149067	7.776777023263891
1708613.0	19.993954451345754	6.194554477602361
1720688.0	19.43022774327122	5.1225559743300915
1732763.0	15.780124223602485	9.328990412247256
1744838.0	20.0	0.0
1756913.0	20.0	0.0
1768988.0	19.392132505175983	4.687916717156773
1781063.0	17.60910973084886	7.778906553209204
1793138.0	20.0	0.0
1805213.0	17.544844720496894	7.694621821047744
1817288.0	16.05689440993789	7.729961069542715
1829363.0	16.746997929606625	8.42494570575547
1841438.0	13.998343685300208	10.302332446112763
1853513.0	19.6983850931677	5.5029372920813575
1865588.0	19.626832298136645	5.366725177464818
1877663.0	19.94592132505176	6.076993917428567
1889738.0	19.620289855072464	5.35435814441996
1901813.0	17.59751552795031	7.479346302853774
1913888.0	20.0	0.0
1925963.0	16.481159420289856	8.312354545809393
1938038.0	19.96472049689441	6.10735564386605
1950113.0	20.0	0.0
1962188.0	20.0	0.0
1974263.0	13.913291925465838	10.190402662221913
1986338.0	19.99320910973085	6.225154342171037
1998413.0	16.389565217391304	8.318852843355241
2010488.0	20.0	0.0
2022563.0	19.673706004140787	5.462956373571414
2034638.0	18.220124223602486	5.9204386833155
2046713.0	18.891925465838508	7.154375805596309
2058788.0	20.0	0.0
2070863.0	19.99983436853002	6.244480792881887
2082938.0	19.857556935817804	5.822118174806132
2095013.0	19.443395445134577	5.01646976908058
2107088.0	20.0	0.0
2119163.0	19.245962732919256	4.271917059391349
2131238.0	16.60455486542443	8.570738412518365
2143313.0	19.676853002070395	5.584962062739192
2155388.0	20.0	0.0
2167463.0	20.0	0.0
2179538.0	20.0	0.0
2191613.0	20.0	0.0
2203688.0	19.446790890269153	5.028160862215396
2215763.0	20.0	0.0
2227838.0	19.974575569358176	6.138889372917489
2239913.0	16.037515527950312	9.453725152269785
2251988.0	18.486459627329193	6.584604667976685
2264063.0	19.0120082815735	4.227730597393924
2276138.0	20.0	0.0
2288213.0	18.91710144927536	7.279046191470208
2300288.0	14.514616977225673	9.355539982512461
2312363.0	19.239337474120084	4.288363570384539
2324438.0	19.269068322981365	4.3587849466543
2336513.0	19.627329192546583	5.350451307370865
2348588.0	20.0	0.0
2360663.0	16.563146997929607	8.521705328026929
2372738.0	17.629813664596274	7.809136232366047
2384813.0	18.868737060041408	7.211619333835437
2396888.0	19.582608695652173	5.408489607493811
2408963.0	17.606625258799173	7.7755522794536995
2421038.0	20.0	0.0
2433113.0	20.0	0.0
2445188.0	15.019378881987578	8.07841486614066
2457263.0	18.36935817805383	6.486552421652089
2469338.0	17.020372670807454	6.732302157475146
2481413.0	19.999917184265012	6.242093135165042
2493488.0	20.0	0.0
2505563.0	20.0	0.0
2517638.0	19.864761904761906	5.838602175377156
2529713.0	20.0	0.0
2541788.0	20.0	0.0
2553863.0	10.03287784679089	9.816304516900951
2565938.0	14.477349896480332	9.459076069194904
2578013.0	19.99768115942029	6.220070366347862
2590088.0	20.0	0.0
2602163.0	17.553209109730847	7.218586545746091
2614238.0	19.873871635610765	5.808753300565647
2626313.0	20.0	0.0
2638388.0	18.197018633540374	5.87439966537615
2650463.0	18.62368530020704	6.746998412452739
2662538.0	16.40198757763975	8.325341094983802
2674613.0	20.0	0.0
2686688.0	18.40496894409938	6.329359110485233
2698763.0	16.735403726708075	8.796244257834035
2710838.0	19.891014492753623	5.8742163919506485
2722913.0	20.0	0.0
2734988.0	20.0	0.0
2747063.0	17.605465838509318	7.764030244110978
2759138.0	20.000082815734988	0.05827044820980982
2771213.0	18.876687370600415	6.75835500094813
2783288.0	19.523809523809526	4.942024128277
2795363.0	19.523892339544513	4.942954079399877
2807438.0	19.494824016563147	5.117946340203348
2819513.0	20.0	0.0
2831588.0	16.382608695652173	8.301462865922229
2843663.0	19.47991718426501	5.090200873004545
2855738.0	19.454244306418218	5.04173061746139
2867813.0	20.0	0.0
2879888.0	19.069979296066254	4.041451884327378
2891963.0	17.121490683229812	6.833670142686698
2904038.0	20.0	0.0
2916113.0	19.995776397515527	6.210016619802195
2928188.0	20.0	0.0
2940263.0	19.838343685300206	5.842735398408679
2952338.0	18.534989648033125	6.570856037710989
2964413.0	17.2703933747412	7.421835614747845
2976488.0	18.053664596273293	5.542368337713607
2988563.0	17.35511387163561	7.125029512125142
3000638.0	20.0	0.0
3012713.0	20.0	0.0
3024788.0	19.94625258799172	6.078097664691814
3036863.0	20.0	0.0
3048938.0	16.474534161490684	8.414372009526309
3061013.0	18.87768115942029	6.980825557614121
3073088.0	20.0	0.0
3085163.0	19.28198757763975	4.543099333362084
3097238.0	18.04472049689441	5.726694601242554
3109313.0	19.902277432712214	5.902120894720865
3121388.0	16.965051759834367	8.823303419344349
3133463.0	17.60405797101449	7.768583543294822
3145538.0	16.54360248447205	8.492919959648377
3157613.0	18.537639751552796	6.564349414055721
3169688.0	20.0	0.0
3181763.0	20.0	0.0
3193838.0	17.526045548654245	7.569493092200947
3205913.0	18.12008281573499	5.356832289134416
3217988.0	19.962650103519668	6.126857685075415
3230063.0	19.739792960662527	5.545169311347614
3242138.0	18.34857142857143	6.1645550634603605
3254213.0	18.887784679089027	7.240099973000898
3266288.0	19.7175983436853	5.658647352068554
3278363.0	15.043561076604554	8.37134024360019
3290438.0	17.624265010351966	7.82153951158357
3302513.0	19.927453416149067	6.021706766436938
3314588.0	19.75320910973085	5.612386478814306
3326663.0	19.89631469979296	5.918822836351492
3338738.0	18.536066252587993	6.567950290196534
3350813.0	18.60455486542443	6.740194933625529
3362888.0	20.0	0.0
3374963.0	19.999503105590062	6.241058199810039
3387038.0	19.999006211180124	6.227069737487123
3399113.0	20.0	0.0
3411188.0	20.0	0.0
3423263.0	17.227329192546584	7.088351042160256
3435338.0	20.0	0.0
3447413.0	18.5175983436853	6.404708412962488
3459488.0	19.94766045548654	6.047239843998986
3471563.0	20.0	6.2423452088140845
3483638.0	16.38550724637681	8.303612424485276
3495713.0	20.0	0.0
3507788.0	20.0	0.0
3519863.0	20.0	0.0
3531938.0	20.0	0.0
3544013.0	17.210766045548656	7.063890622358028
3556088.0	18.396521739130435	6.3235404293067194
3568163.0	19.998923395445136	6.24163539646143
3580238.0	16.158178053830227	7.840332100964612
3592313.0	20.0	0.0
3604388.0	19.980207039337476	6.182899009819865
3616463.0	20.0	0.0
3628538.0	16.000828157349897	7.661092581643525
3640613.0	20.0	0.0
3652688.0	10.320496894409938	10.18414307570035
3664763.0	14.686045548654244	9.608769286696862
3676838.0	16.68414078674948	8.344532433401593
3688913.0	19.99792960662526	6.239140462115285
3700988.0	19.926293995859215	6.018473974813484
3713063.0	18.448198757763976	6.500364697524914
3725138.0	19.928364389233955	6.025453257350999
3737213.0	20.0	0.0
3749288.0	19.945010351966875	6.0741927698569995
3761363.0	19.926128364389236	6.016739932911332
3773438.0	19.64703933747412	5.359761126904271
3785513.0	20.0	0.0
3797588.0	19.998757763975156	6.231569928045094
3809663.0	20.0	0.0
3821738.0	18.56546583850932	6.632269440365539
3833813.0	15.50120082815735	8.977219847507143
3845888.0	20.0	0.0
3857963.0	20.0	0.0
3870038.0	20.0	0.0
3882113.0	20.0	0.0
3894188.0	19.46583850931677	5.066636700358154
3906263.0	17.307494824016562	7.2564899202529665
3918338.0	20.0	0.0
3930413.0	19.476604554865425	5.086620292899872
3942488.0	18.620289855072464	6.7655196939169775
3954563.0	15.55072463768116	8.980503381981926
3966638.0	19.995776397515527	6.212896491632143
3978713.0	18.603726708074536	6.737306906162585
3990788.0	20.0	0.0
4002863.0	16.049689440993788	7.893546385127632
4014938.0	18.257556935817806	5.712243941645113
4027013.0	17.480248447204968	7.307813680352662
4039088.0	19.966045548654243	6.1380596606350695
4051163.0	20.0	0.0
4063238.0	18.596273291925467	6.724572534845434
4075313.0	19.805217391304346	5.660754436181585
4087388.0	20.0	0.0
4099463.0	14.275776397515529	9.199423872499914
4111538.0	20.00016563146998	0.08340576562289569
4123613.0	20.0	0.0
4135688.0	14.485217391304348	9.536730779174347
4147763.0	19.889689440993788	5.910337646641561
4159838.0	19.999585921325053	6.243704904275747
4171913.0	15.424761904761905	9.059010590447876
4183988.0	15.393788819875777	9.028938981432692
4196063.0	18.448447204968943	6.5000398151352625
4208138.0	16.5175983436853	8.46353767518619
4220213.0	10.275693581780539	10.09014852757325
4232288.0	15.946666666666667	9.530254754915093
4244363.0	19.1127950310559	4.45880151757004
4256438.0	20.000082815734988	0.05827044820980982
4268513.0	19.940952380952382	6.034256932612205
4280588.0	18.50583850931677	6.423584907524941
4292663.0	19.49590062111801	4.887487721916449
4304738.0	20.0	0.0
4316813.0	19.438509316770187	5.010175980346127
4328888.0	18.597929606625257	6.728881540857314
4340963.0	19.6968115942029	5.468358067884009
4353038.0	17.60910973084886	7.778267755442876
4365113.0	18.061283643892338	5.8766478240603375
4377188.0	20.0	0.0
4389263.0	10.222111801242235	10.08771468557868
4401338.0	20.0	0.0
4413413.0	16.95942028985507	9.200256545167337
4425488.0	29.462525879917184	6.058780395077576
4437563.0	25.22790890269151	8.76119809914747
4449638.0	20.0	0.0
4461713.0	20.0	0.0
4473788.0	18.603726708074536	6.739887755483894
4485863.0	19.99701863354037	6.222945585479142
4497938.0	20.0	0.0
4510013.0	20.0	0.0
4522088.0	16.38169772256729	8.301557637771994
4534163.0	20.0	0.0
4546238.0	20.0	0.0
4558313.0	19.28198757763975	4.830416053991458
4570388.0	17.420289855072465	7.445553927809904
4582463.0	20.0	0.0
4594538.0	20.0	0.0
4606613.0	16.93391304347826	8.918684878309813
4618688.0	19.659544513457558	5.469130384582276
4630763.0	19.448447204968943	5.032441339798143
4642838.0	20.0	0.0
4651302.0	19.884607459303524	5.925685114468149
4657339.5	13.551647743007477	9.763486649713046
4666988.0	18.69399585921325	6.767465709739886
4679063.0	20.0	0.0
4691138.0	20.0	0.0
4703213.0	18.39089026915114	5.969348900340461
4715288.0	17.949565217391303	7.822450040599887
4722679.5	17.583825701624814	7.013518282584549
4728717.0	15.674175296252802	9.314700118881264
4739438.0	20.0	0.0
4751513.0	19.690103519668735	5.444962722335118
4763588.0	18.59304347826087	6.720636615807993
4775663.0	19.20679089026915	4.65705902450935
4787738.0	17.328364389233954	7.500200135355949
4799813.0	17.530269151138718	7.673584060889963
4811888.0	20.0	0.0
4819084.5	19.473684210526315	4.789710714820388
4825049.5	15.647003745318353	9.205490364483763
