#Read position (bp)	Clipping profile
0.0	1.2399708242159009
1.0	1.2399708242159009
2.0	0.9117432530999271
3.0	0.7658643326039387
4.0	0.7293946024799417
5.0	0.6199854121079504
6.0	0.5835156819839533
7.0	0.5470459518599562
8.0	0.5105762217359592
9.0	0.3282275711159737
10.0	0.3282275711159737
11.0	0.3282275711159737
12.0	0.3282275711159737
13.0	0.3282275711159737
14.0	0.29175784099197666
15.0	0.29175784099197666
16.0	0.29175784099197666
17.0	0.29175784099197666
18.0	0.2552881108679796
19.0	0.2552881108679796
20.0	0.2552881108679796
21.0	0.2552881108679796
22.0	0.2552881108679796
23.0	0.2552881108679796
24.0	0.2552881108679796
25.0	0.2552881108679796
26.0	0.2552881108679796
27.0	0.2552881108679796
28.0	0.2552881108679796
29.0	0.2552881108679796
30.0	0.2552881108679796
31.0	0.2552881108679796
32.0	0.2552881108679796
33.0	0.2552881108679796
34.0	0.2552881108679796
35.0	0.2552881108679796
36.0	0.2552881108679796
37.0	0.2552881108679796
38.0	0.2552881108679796
39.0	0.2188183807439825
40.0	0.2188183807439825
41.0	0.2188183807439825
42.0	0.2188183807439825
43.0	0.18234865061998543
44.0	0.18234865061998543
45.0	0.18234865061998543
46.0	0.18234865061998543
47.0	0.18234865061998543
48.0	0.18234865061998543
49.0	0.18234865061998543
50.0	0.18234865061998543
51.0	0.18234865061998543
52.0	0.18234865061998543
53.0	0.18234865061998543
54.0	0.18234865061998543
55.0	0.18234865061998543
56.0	0.18234865061998543
57.0	0.18234865061998543
58.0	0.18234865061998543
59.0	0.18234865061998543
60.0	0.18234865061998543
61.0	0.18234865061998543
62.0	0.18234865061998543
63.0	0.18234865061998543
64.0	0.14587892049598833
65.0	0.14587892049598833
66.0	0.14587892049598833
67.0	0.14587892049598833
68.0	0.10940919037199125
69.0	0.10940919037199125
70.0	0.10940919037199125
71.0	0.10940919037199125
72.0	0.10940919037199125
73.0	0.10940919037199125
74.0	0.10940919037199125
75.0	0.10940919037199125
76.0	0.10940919037199125
77.0	0.10940919037199125
78.0	0.10940919037199125
79.0	0.10940919037199125
80.0	0.10940919037199125
81.0	0.10940919037199125
82.0	0.10940919037199125
83.0	0.10940919037199125
84.0	0.10940919037199125
85.0	0.10940919037199125
86.0	0.10940919037199125
87.0	0.10940919037199125
88.0	0.10940919037199125
89.0	0.07293946024799416
90.0	0.07293946024799416
91.0	0.07293946024799416
92.0	0.07293946024799416
93.0	0.03646973012399708
94.0	0.03646973012399708
95.0	0.03646973012399708
96.0	0.03646973012399708
97.0	0.03646973012399708
98.0	0.03646973012399708
99.0	0.03646973012399708
100.0	0.03646973012399708
101.0	0.03646973012399708
102.0	0.03646973012399708
103.0	0.03646973012399708
104.0	0.03646973012399708
105.0	0.03646973012399708
106.0	0.03646973012399708
107.0	0.03646973012399708
108.0	0.03646973012399708
109.0	0.03646973012399708
110.0	0.03646973012399708
111.0	0.03646973012399708
112.0	0.03646973012399708
113.0	0.03646973012399708
114.0	0.0
115.0	0.0
116.0	0.0
117.0	0.0
118.0	0.03646973012399708
119.0	0.03646973012399708
120.0	0.03646973012399708
121.0	0.03646973012399708
122.0	0.03646973012399708
123.0	0.03646973012399708
124.0	0.03646973012399708
125.0	0.03646973012399708
126.0	0.03646973012399708
127.0	0.03646973012399708
128.0	0.03646973012399708
129.0	0.03646973012399708
130.0	0.07293946024799416
131.0	0.07293946024799416
132.0	0.07293946024799416
133.0	0.07293946024799416
134.0	0.07293946024799416
135.0	0.07293946024799416
136.0	0.07293946024799416
137.0	0.07293946024799416
138.0	0.07293946024799416
139.0	0.10940919037199125
140.0	0.18234865061998543
141.0	0.18234865061998543
142.0	0.18234865061998543
143.0	0.2188183807439825
144.0	0.2552881108679796
145.0	0.2552881108679796
146.0	0.2552881108679796
147.0	0.2552881108679796
148.0	0.2552881108679796
149.0	0.2552881108679796
150.0	0.2552881108679796
151.0	0.2552881108679796
152.0	0.2552881108679796
153.0	0.2552881108679796
154.0	0.2552881108679796
155.0	0.29175784099197666
156.0	0.29175784099197666
157.0	0.29175784099197666
158.0	0.29175784099197666
159.0	0.29175784099197666
160.0	0.29175784099197666
161.0	0.29175784099197666
162.0	0.29175784099197666
163.0	0.29175784099197666
164.0	0.3282275711159737
165.0	0.401167031363968
166.0	0.401167031363968
167.0	0.401167031363968
168.0	0.437636761487965
169.0	0.47410649161196206
170.0	0.47410649161196206
171.0	0.47410649161196206
172.0	0.47410649161196206
173.0	0.47410649161196206
174.0	0.47410649161196206
175.0	0.47410649161196206
176.0	0.47410649161196206
177.0	0.47410649161196206
178.0	0.47410649161196206
179.0	0.47410649161196206
180.0	0.5105762217359592
181.0	0.5105762217359592
182.0	0.5105762217359592
183.0	0.5105762217359592
184.0	0.5105762217359592
185.0	0.5105762217359592
186.0	0.5105762217359592
187.0	0.5105762217359592
188.0	0.5105762217359592
189.0	0.5470459518599562
190.0	0.6199854121079504
191.0	0.6199854121079504
192.0	0.6199854121079504
193.0	0.6564551422319475
194.0	0.6929248723559446
195.0	0.6929248723559446
196.0	0.6929248723559446
197.0	0.6929248723559446
198.0	0.6929248723559446
199.0	0.6929248723559446
200.0	0.6929248723559446
201.0	0.6929248723559446
202.0	0.6929248723559446
203.0	0.6929248723559446
204.0	0.6929248723559446
205.0	0.7293946024799417
206.0	0.7293946024799417
207.0	0.7293946024799417
208.0	0.7293946024799417
209.0	0.7293946024799417
210.0	0.7293946024799417
211.0	0.7293946024799417
212.0	0.7293946024799417
213.0	0.7293946024799417
214.0	0.7658643326039387
215.0	0.8388037928519329
216.0	0.8388037928519329
217.0	0.8388037928519329
218.0	0.87527352297593
219.0	0.9117432530999271
220.0	0.9117432530999271
221.0	0.9117432530999271
222.0	0.9117432530999271
223.0	0.9117432530999271
224.0	0.9117432530999271
225.0	0.9117432530999271
226.0	0.9117432530999271
227.0	0.9117432530999271
228.0	0.9117432530999271
229.0	0.9117432530999271
230.0	0.9482129832239241
231.0	0.9482129832239241
232.0	0.9482129832239241
233.0	0.9482129832239241
234.0	0.9482129832239241
235.0	0.9482129832239241
236.0	0.9482129832239241
237.0	0.9482129832239241
238.0	0.9482129832239241
239.0	0.9846827133479212
240.0	1.1305616338439095
241.0	1.1670313639679066
242.0	1.2399708242159009
243.0	1.349380014587892
244.0	1.4223194748358863
245.0	1.6411378555798686
246.0	1.75054704595186
247.0	1.8234865061998542
248.0	2.1881838074398248
249.0	2.1881838074398248
