#Position (bp)	Coverage	Std
6038.0	19.4327950310559	5.0605034978916805
18113.0	8.598923395445135	10.197568012753884
30188.0	18.638509316770186	6.789835296532404
42263.0	16.584679089026913	8.544900286777667
54338.0	19.996770186335404	6.213649571209245
66413.0	20.0	0.0
78488.0	20.0	0.0
90563.0	20.0	0.0
102638.0	14.540372670807454	9.212742098703604
114713.0	19.98600414078675	6.166563146129025
126788.0	17.4072049689441	7.481649047086353
138863.0	19.657308488612838	5.425932670206561
150938.0	20.0	0.0
163013.0	20.0	0.0
175088.0	19.883726708074533	5.8177710188120315
187163.0	16.354534161490683	8.235805280167597
199238.0	19.999917184265012	6.242093135165042
211313.0	20.0	0.0
223388.0	18.626915113871636	6.770903527267936
235463.0	20.0	0.0
247538.0	16.588819875776398	8.550761834498172
259613.0	20.0	0.0
271688.0	20.0	0.0
283763.0	19.942194616977226	6.0455209024009235
295838.0	18.448281573498964	6.498179391470098
307913.0	17.069151138716357	6.890152603429821
319988.0	20.189151138716355	3.7777599155181973
332063.0	19.95047619047619	6.091157083590704
344138.0	20.0	0.0
356213.0	20.0	0.0
368288.0	18.447619047619046	6.474680739868941
380363.0	19.64008281573499	5.395028767645886
392438.0	20.0	0.0
404513.0	16.49648033126294	8.441124806074036
416588.0	20.0	0.0
428663.0	19.98120082815735	6.186112811647272
440738.0	20.0	0.0
452813.0	20.0	0.0
464888.0	20.0	0.0
476963.0	19.888364389233953	5.909833192602751
489038.0	20.0	0.0
501113.0	20.0	0.0
513188.0	18.61449275362319	6.754923057092982
525263.0	18.428405797101448	6.467264278377433
537338.0	20.0	0.0
549413.0	19.98832298136646	6.166818307127778
561488.0	20.0	0.0
573563.0	15.007453416149069	8.350499916848309
585638.0	18.142857142857142	5.793656844112292
597713.0	20.0	0.0
609788.0	16.372670807453417	8.29307875758473
621863.0	19.998674948240165	6.24104493029382
633938.0	18.63320910973085	6.782977109493212
646013.0	20.0	0.0
658088.0	17.622774327122155	7.548731948961168
670163.0	20.0	0.0
682238.0	20.0	0.0
694313.0	16.19569358178054	8.072872037878376
706388.0	20.0	0.0
718463.0	19.57432712215321	5.270999606621315
730538.0	20.0	0.0
742613.0	20.0	0.0
754688.0	17.45672877846791	7.578847101996791
766763.0	19.92405797101449	5.967843436242533
778838.0	19.731180124223602	5.520816994780307
790913.0	18.593788819875776	6.990961333941906
802988.0	19.672463768115943	5.169667865396123
815063.0	17.16447204968944	6.927593578944355
827138.0	17.00687370600414	6.761509625990355
839213.0	19.63022774327122	5.352687450240169
851288.0	19.14600414078675	4.451049612181775
863363.0	16.98103519668737	8.875079680626767
875438.0	20.0	0.0
887513.0	19.645548654244305	5.376746189464529
899588.0	20.0	0.0
911663.0	15.132919254658384	8.659823703970591
923738.0	20.0	0.0
935813.0	19.485879917184263	4.883817873204687
947888.0	19.99701863354037	6.2100632950368855
959963.0	19.876024844720497	5.892311725810176
972038.0	20.0	0.0
984113.0	20.0	0.0
996188.0	20.0	0.0
1008263.0	18.518923395445135	6.71054298574721
1020338.0	16.763809523809524	8.77839904852089
1032413.0	20.0	0.0
1044488.0	19.99983436853002	6.239186919475093
1056563.0	20.0	0.0
1068638.0	12.51552795031056	9.827910565677554
1080713.0	8.297639751552795	9.095217499678588
1092788.0	19.943933747412007	6.082483420023882
1104863.0	17.436024844720496	7.552302104705911
1116938.0	20.0	0.0
1129013.0	19.234037267080744	4.049854942063955
1141088.0	17.836107660455486	8.146210489645778
1153163.0	18.56728778467909	6.78179269922938
1165238.0	20.0	0.0
1177313.0	18.652587991718427	6.814367965266152
1189388.0	20.0	0.0
1201463.0	19.99055900621118	6.185329601357775
1213538.0	15.992546583850931	9.67181985868647
1225613.0	14.526459627329192	9.640936700107854
1237688.0	16.448612836438922	8.264083280302064
1249763.0	18.62360248447205	6.765642101343986
1261838.0	20.0	0.0
1273913.0	16.683229813664596	8.734690836919366
1285988.0	19.60231884057971	5.261375332873974
1298063.0	20.0	0.0
1310138.0	9.756521739130434	10.619506252339525
1322213.0	10.530020703933747	10.453168756890966
1334288.0	19.996770186335404	6.2185323773006305
1346363.0	19.611014492753622	5.222042785046987
1358438.0	20.0	0.0
1370513.0	20.0	0.0
1382588.0	18.450931677018634	6.501695908718049
1394663.0	19.850931677018632	5.777983486278053
1406738.0	19.997101449275362	6.2123766135357394
1418813.0	18.53142857142857	6.528846644646878
1430888.0	19.904596273291926	5.953407778927514
1442963.0	20.0	0.0
1455038.0	19.99569358178054	6.213276375039933
1467113.0	20.0	0.0
1479188.0	20.0	0.0
1491263.0	20.0	0.0
1503338.0	16.381863354037268	8.300909177174622
1515413.0	20.0	0.0
1527488.0	20.0	0.0
1539563.0	18.64016563146998	6.793005780671166
1551638.0	19.865590062111803	5.756235254610275
1563713.0	20.0	0.0
1575788.0	19.948985507246377	6.05417228615055
1587863.0	18.637432712215322	6.794499053742251
1599938.0	19.393374741200827	4.8036132018471935
1612013.0	19.88770186335404	5.9054594525536865
1624088.0	13.853416149068323	10.002670450888019
1636163.0	19.67734989648033	5.41899886088236
1648238.0	20.0	0.0
1660313.0	7.997763975155279	9.624941719594466
1672388.0	17.062277432712214	6.969106628899356
1684463.0	20.0	0.0
1696538.0	17.62815734989648	7.800966123741862
1708613.0	19.951718426501035	6.066375439509568
1720688.0	19.450931677018634	5.164017887782883
1732763.0	15.7879917184265	9.336182647004044
1744838.0	20.0	0.0
1756913.0	20.0	0.0
1768988.0	19.845383022774328	5.795407620038618
1781063.0	17.64223602484472	7.821375393335769
1793138.0	20.0	0.0
1805213.0	17.555113871635612	7.7095998344029
1817288.0	16.116190476190475	7.8064208853569665
1829363.0	17.264596273291925	7.136730291573191
1841438.0	14.020703933747413	8.910802525940898
1853513.0	19.690020703933747	5.485837213943575
1865588.0	19.633540372670808	5.378925212244859
1877663.0	19.926376811594203	6.0184120533486505
1889738.0	19.64472049689441	5.400720755518567
1901813.0	17.971014492753625	7.994351007625716
1913888.0	20.0	0.0
1925963.0	16.49424430641822	8.322878742298617
1938038.0	19.98873706004141	6.176835105898963
1950113.0	20.0	0.0
1962188.0	20.0	0.0
1974263.0	13.90848861283644	10.18414307570035
1986338.0	19.989399585921326	6.213622915083345
1998413.0	16.393043478260868	8.324316446797189
2010488.0	20.0	0.0
2022563.0	19.63975155279503	5.395305067388345
2034638.0	18.452173913043477	6.3138613162229715
2046713.0	18.86376811594203	7.111417350203719
2058788.0	20.0	0.0
2070863.0	20.0	0.0
2082938.0	19.819461697722566	5.723664146588266
2095013.0	19.443395445134577	5.011514691498526
2107088.0	20.0	0.0
2119163.0	19.761407867494825	5.515992183846596
2131238.0	16.811345755693583	8.816279878172493
2143313.0	19.681159420289855	5.589586591231014
2155388.0	20.0	0.0
2167463.0	20.0	0.0
2179538.0	19.999917184265012	6.244739400994683
2191613.0	20.0	0.0
2203688.0	19.450931677018634	5.032688179348985
2215763.0	20.0	0.0
2227838.0	19.974989648033127	6.141795854202561
2239913.0	16.24513457556936	7.930301976658504
2251988.0	18.556024844720497	6.714379982598887
2264063.0	19.03271221532091	4.277874126167981
2276138.0	20.0	0.0
2288213.0	18.89689440993789	7.250330184528087
2300288.0	14.564223602484471	9.407247987578138
2312363.0	19.272546583850932	4.365164187644394
2324438.0	19.284140786749482	4.387758238582481
2336513.0	19.66873706004141	5.421199091153299
2348588.0	20.0	0.0
2360663.0	16.5879917184265	8.549357366911478
2372738.0	17.629813664596274	7.802770649818215
2384813.0	18.86790890269151	7.2104134494355625
2396888.0	19.581697722567288	5.406322500680702
2408963.0	17.63561076604555	7.81194604661327
2421038.0	20.0	0.0
2433113.0	20.0	0.0
2445188.0	15.07304347826087	8.148589025444224
2457263.0	18.380124223602486	6.501791439708433
2469338.0	17.636521739130433	7.791751225723335
2481413.0	19.999917184265012	6.242093135165042
2493488.0	20.0	0.0
2505563.0	20.0	0.0
2517638.0	19.883146997929607	5.89786079055465
2529713.0	20.0	0.0
2541788.0	20.0	0.0
2553863.0	10.300703933747412	10.189634647243562
2565938.0	14.443892339544513	9.421793159234802
2578013.0	19.997846790890268	6.222639491086147
2590088.0	20.000082815734988	0.05827044820980982
2602163.0	18.222774327122153	5.814082995331644
2614238.0	19.853167701863352	5.752738118427888
2626313.0	20.0	0.0
2638388.0	18.274782608695652	6.011638126223378
2650463.0	18.67254658385093	6.823895416420471
2662538.0	16.382443064182194	8.301452889875105
2674613.0	20.0	0.0
2686688.0	18.466583850931677	6.4297831846215665
2698763.0	16.756604554865426	8.820510635303085
2710838.0	19.84670807453416	5.756005055843728
2722913.0	20.0	0.0
2734988.0	20.0	0.0
2747063.0	17.655320910973085	7.831533646397646
2759138.0	20.00016563146998	0.08240685814387208
2771213.0	18.86840579710145	6.775305299745682
2783288.0	19.523809523809526	4.942024128277
2795363.0	19.083809523809524	3.981322855159909
2807438.0	19.999585921325053	6.243704904275747
2819513.0	20.0	0.0
2831588.0	16.382443064182194	8.301642432720486
2843663.0	19.497308488612838	5.126434556584134
2855738.0	20.0	0.0
2867813.0	20.0	0.0
2879888.0	19.559420289855073	5.3683760764054655
2891963.0	17.24679089026915	7.014507297693801
2904038.0	20.0	0.0
2916113.0	19.99511387163561	6.206481618330545
2928188.0	20.0	0.0
2940263.0	19.78360248447205	5.768637990462771
2952338.0	18.483892339544514	6.46124294973394
2964413.0	17.291097308488613	7.450513064718178
2976488.0	18.07511387163561	5.578418930483365
2988563.0	17.433623188405797	7.200189783558116
3000638.0	20.0	0.0
3012713.0	20.0	0.0
3024788.0	19.946832298136645	6.080161543021201
3036863.0	20.0	0.0
3048938.0	16.477101449275363	8.414721399540454
3061013.0	19.08488612836439	4.005865265050624
3073088.0	20.0	0.0
3085163.0	19.5527950310559	5.22903979166894
3097238.0	18.44910973084886	6.500383807748057
3109313.0	19.918343685300208	5.956091928093506
3121388.0	17.450931677018634	7.569356331915092
3133463.0	17.643064182194617	7.819839926771601
3145538.0	16.585424430641822	8.543892276831166
3157613.0	18.60248447204969	6.689907729141759
3169688.0	20.0	0.0
3181763.0	20.0	0.0
3193838.0	17.582608695652173	7.662600415953816
3205913.0	18.47544513457557	6.2608249940902585
3217988.0	19.92182194616977	6.002849564877563
3230063.0	19.740207039337474	5.548192774605276
3242138.0	18.32910973084886	6.12942534602256
3254213.0	18.909316770186336	7.270804375947129
3266288.0	19.243892339544512	4.463470318909342
3278363.0	15.11022774327122	8.458658445138413
3290438.0	17.659296066252587	7.861687373865055
3302513.0	19.946501035196686	6.0786630871875325
3314588.0	19.75320910973085	5.611412505827658
3326663.0	19.857639751552796	5.799236045925026
3338738.0	18.017391304347825	5.538332447045395
3350813.0	18.645962732919255	6.803177920182935
3362888.0	20.0	0.0
3374963.0	20.0	6.2423452088140845
3387038.0	19.999006211180124	6.227069737487123
3399113.0	20.0	0.0
3411188.0	20.0	0.0
3423263.0	17.311801242236026	7.21032730711834
3435338.0	19.739958592132506	5.591556782004166
3447413.0	19.328364389233954	4.786065003681173
3459488.0	19.947163561076604	6.041882804729581
3471563.0	19.999917184265012	6.242093135165042
3483638.0	16.385424430641823	8.302345698619089
3495713.0	20.0	0.0
3507788.0	20.0	0.0
3519863.0	20.0	0.0
3531938.0	20.0	0.0
3544013.0	17.276190476190475	7.155735801818317
3556088.0	18.397929606625258	6.327677544375194
3568163.0	19.999089026915115	6.242152837738711
3580238.0	16.157846790890268	7.848630058094208
3592313.0	20.0	0.0
3604388.0	20.0	0.03152441624946009
3616463.0	20.0	0.0
3628538.0	16.58385093167702	8.544076441372985
3640613.0	20.0	0.0
3652688.0	10.361904761904762	10.225936253308486
3664763.0	14.767453416149069	9.696090010446646
3676838.0	16.77465838509317	8.428061183980034
3688913.0	20.000082815734988	0.05827044820980982
3700988.0	19.945010351966875	6.074220037858605
3713063.0	18.44927536231884	6.500651344973262
3725138.0	19.96695652173913	6.143609179253839
3737213.0	20.0	0.0
3749288.0	19.926128364389236	6.018047391798928
3761363.0	19.926128364389236	6.016781225431068
3773438.0	19.89855072463768	5.895079886965571
3785513.0	20.0	0.0
3797588.0	19.999254658385095	6.2330847704562435
3809663.0	20.0	0.0
3821738.0	18.596356107660455	6.67862695252658
3833813.0	15.243064182194617	8.637368857861143
3845888.0	19.941697722567287	6.090681202913837
3857963.0	19.629316770186335	5.443867520594207
3870038.0	20.0	0.0
3882113.0	20.0	0.0
3894188.0	20.0	0.0
3906263.0	17.323561076604555	7.277128867545593
3918338.0	20.0	0.0
3930413.0	20.0	0.0
3942488.0	18.63271221532091	6.7792766673521445
3954563.0	15.826583850931677	9.279158061328742
3966638.0	19.998509316770186	6.217153856097931
3978713.0	18.63022774327122	6.77506083185696
3990788.0	20.0	0.0
4002863.0	16.050517598343685	7.894175854537335
4014938.0	17.660455486542443	7.497858907632081
4027013.0	17.35287784679089	7.037721492750606
4039088.0	19.966045548654243	6.140824932275898
4051163.0	20.0	0.0
4063238.0	18.624430641821945	6.765213665659718
4075313.0	19.747246376811596	5.4830210348618085
4087388.0	20.0	0.0
4099463.0	14.275776397515529	9.17671010120585
4111538.0	20.0	0.0
4123613.0	20.0	0.0
4135688.0	14.526376811594202	9.580630908913903
4147763.0	19.889689440993788	5.910337646641561
4159838.0	20.0	0.025739578083794682
4171913.0	15.445797101449275	9.083231427619902
4183988.0	15.414492753623188	9.052526728247285
4196063.0	18.44910973084886	6.49951742116863
4208138.0	16.559006211180126	8.513781301495207
4220213.0	10.329937888198758	10.15019301390184
4232288.0	15.975320910973085	9.556054523380988
4244363.0	19.11287784679089	4.458996535490879
4256438.0	19.999917184265012	6.244739400994683
4268513.0	19.94086956521739	6.0339755786416545
4280588.0	18.234616977225674	5.797679267269653
4292663.0	19.482815734989646	4.78122622593854
4304738.0	20.0	0.0
4316813.0	20.0	0.0
4328888.0	18.63271221532091	6.780742430508823
4340963.0	19.67776397515528	5.427939376956707
4353038.0	17.650517598343686	7.832908230392828
4365113.0	18.102691511387164	5.948780691740663
4377188.0	20.0	0.0
4389263.0	10.516107660455486	10.374910012331439
4401338.0	20.0	0.0
4413413.0	16.802484472049688	8.794831909876466
4425488.0	19.63561076604555	5.382949848208041
4437563.0	18.481407867494823	6.123186764183199
4449638.0	20.0	0.0
4461713.0	20.0	0.0
4473788.0	18.624430641821945	6.7677838729324575
4485863.0	19.999006211180124	6.226378134926356
4497938.0	20.0	0.0
4510013.0	20.0	0.0
4522088.0	16.382277432712215	8.301343152565492
4534163.0	20.0	0.0
4546238.0	20.0	0.0
4558313.0	19.28198757763975	4.825269921327159
4570388.0	17.370351966873706	7.373282864982148
4582463.0	20.0	0.0
4594538.0	20.0	0.0
4606613.0	17.24008281573499	7.249467746579444
4618688.0	19.648530020703934	5.45367086281499
4630763.0	20.0	0.0
4642838.0	20.0	0.0
4651302.0	19.874304553884194	5.899721814995465
4657339.5	14.282747161451121	9.34765026593972
4666988.0	17.841821946169773	8.022561354282672
4679063.0	20.0	0.0
4691138.0	20.0	0.0
4703213.0	18.45192546583851	6.071478991387283
4715288.0	17.728115942028985	7.5547415629401735
4722679.5	17.484490398818316	6.869053759934372
4728717.0	15.700864737909683	9.344166137372472
4739438.0	20.0	0.0
4751513.0	19.68977225672878	5.444643311250927
4763588.0	18.634368530020705	6.783550924626272
4775663.0	18.897308488612836	7.05812601595798
4787738.0	17.328364389233954	7.496886862518307
4799813.0	17.52993788819876	7.6699137961095465
4811888.0	20.0	0.0
4819084.5	19.54788610871441	4.993265525081653
4825049.5	15.645235122763212	9.201370015056138
