#Position (bp)	mapping quality
6038.0	59.83596863350045
18113.0	59.80790329337137
30188.0	59.87912607324942
42263.0	59.789464131766415
54338.0	59.86458561957255
66413.0	59.84394478428514
78488.0	59.85638026926629
90563.0	59.82307775136461
102638.0	59.84088775074691
114713.0	59.70114035269925
126788.0	59.879892916576225
138863.0	59.90695361587183
150938.0	59.89879950917762
163013.0	59.83971969584017
175088.0	59.73086206680924
187163.0	59.86583819560265
199238.0	59.82051875381282
211313.0	59.85240585904014
223388.0	59.9351077722579
235463.0	59.880732501221665
247538.0	59.88146737313463
259613.0	59.82672597820343
271688.0	59.816010743398714
283763.0	59.8483607749895
295838.0	59.838616248838115
307913.0	59.3689965804709
319988.0	59.86601329586732
332063.0	59.926782763442226
344138.0	59.78202314445331
356213.0	59.87477223786649
368288.0	59.890636293845375
380363.0	59.9042982755677
392438.0	59.85524212328336
404513.0	59.805073813960156
416588.0	59.834830091610634
428663.0	59.6793137076925
440738.0	59.828538059166796
452813.0	59.83653192230498
464888.0	59.732996694124154
476963.0	59.851899095905274
489038.0	59.84046452489325
501113.0	59.8006991269197
513188.0	59.88758087706686
525263.0	59.81561354323917
537338.0	59.84344779315229
549413.0	59.71250501764097
561488.0	59.80969011375571
573563.0	59.80652420966595
585638.0	59.79603005287079
597713.0	59.91005205550931
609788.0	59.91973564994937
621863.0	59.8571292504048
633938.0	59.82561767586983
646013.0	59.82631886266601
658088.0	59.89692193025579
670163.0	59.86755679982772
682238.0	59.88133353661635
694313.0	59.65144728422479
706388.0	59.78246841461758
718463.0	59.79920529801325
730538.0	59.87452325046898
742613.0	59.82307701864897
754688.0	59.79639795727899
766763.0	59.82629944087803
778838.0	59.87426483768811
790913.0	59.28940148725724
802988.0	58.55437089087557
815063.0	58.03342258332564
827138.0	0.0
839213.0	0.0
851288.0	0.0
863363.0	59.84881440195755
875438.0	59.83475113272093
887513.0	59.72704639953218
899588.0	59.77131614584664
911663.0	59.84565083896238
923738.0	59.88060104221124
935813.0	59.77521339708128
947888.0	59.77991484058573
959963.0	59.85018138005998
972038.0	59.86708468182604
984113.0	59.82726592641781
996188.0	59.83267100666747
1008263.0	59.83644185309109
1020338.0	59.880439003453986
1032413.0	59.87973960145108
1044488.0	59.805177862174936
1056563.0	59.866373589913735
1068638.0	57.124941895540545
1080713.0	56.87468796804793
1092788.0	59.70257344180822
1104863.0	59.88459373240758
1116938.0	0.0
1129013.0	0.0
1141088.0	0.0
1153163.0	59.889970150052875
1165238.0	59.85974104743533
1177313.0	59.86263305115257
1189388.0	59.90061165245552
1201463.0	59.821766672605015
1213538.0	59.86265929924303
1225613.0	59.755427219593656
1237688.0	59.851487455661136
1249763.0	59.86122854343654
1261838.0	59.90179784191477
1273913.0	59.674013137700285
1285988.0	59.80706498774613
1298063.0	59.85780985602209
1310138.0	59.865443590332475
1322213.0	59.83160900959155
1334288.0	59.79281038630135
1346363.0	59.822206947424895
1358438.0	59.8839194264254
1370513.0	59.890174511541616
1382588.0	59.848172035152466
1394663.0	59.74086961681423
1406738.0	59.88701631271689
1418813.0	59.47374625918201
1430888.0	59.786992116434206
1442963.0	59.76774392674803
1455038.0	59.7524566419067
1467113.0	59.793797893225815
1479188.0	59.78669539455966
1491263.0	59.809497721443336
1503338.0	59.860754373546364
1515413.0	59.91005168301086
1527488.0	59.808666338113916
1539563.0	59.74874011370362
1551638.0	59.83358798910516
1563713.0	59.84097666829555
1575788.0	59.806314110154176
1587863.0	59.93972391399894
1599938.0	59.87761866315387
1612013.0	59.90415693368573
1624088.0	59.89579050085614
1636163.0	59.76777327115886
1648238.0	59.81511700144958
1660313.0	59.00899849441533
1672388.0	59.44831739737563
1684463.0	59.8568665377176
1696538.0	59.848273204566254
1708613.0	59.78699402786994
1720688.0	59.74500111841615
1732763.0	59.91007306563417
1744838.0	59.86582406387437
1756913.0	59.886674086815745
1768988.0	59.84320449265099
1781063.0	59.79470336576686
1793138.0	59.85836046020426
1805213.0	59.819345769537634
1817288.0	59.82662125297962
1829363.0	59.8849951067142
1841438.0	59.84779044861133
1853513.0	59.90804020100502
1865588.0	59.810894090750956
1877663.0	59.79766688050782
1889738.0	59.84319994698783
1901813.0	59.024806393436826
1913888.0	59.83906273319735
1925963.0	59.66063710581079
1938038.0	59.801691084985904
1950113.0	59.80016176196105
1962188.0	59.8434347919865
1974263.0	59.78062022637342
1986338.0	59.79950624672701
1998413.0	59.86781524591745
2010488.0	59.845650730132576
2022563.0	59.89579602342299
2034638.0	59.867924957362135
2046713.0	59.846057357888135
2058788.0	59.84047773852761
2070863.0	59.81309650053022
2082938.0	59.81819245686773
2095013.0	59.85534999829019
2107088.0	59.775848643991985
2119163.0	59.75515796328638
2131238.0	59.881543172075936
2143313.0	59.800040279655896
2155388.0	59.82442030240788
2167463.0	59.84958341144823
2179538.0	59.85248618096191
2191613.0	59.80320047708975
2203688.0	59.796601452846765
2215763.0	59.84172012374157
2227838.0	59.78202834046758
2239913.0	59.83403148007108
2251988.0	59.83970810379528
2264063.0	59.857800525003626
2276138.0	59.75992285047203
2288213.0	59.87315010570825
2300288.0	59.84105001235511
2312363.0	59.737726457285795
2324438.0	59.73429881648226
2336513.0	59.84113800950036
2348588.0	59.8498224942747
2360663.0	59.86753896284321
2372738.0	59.82725938172541
2384813.0	59.865416752307844
2396888.0	59.868108500377616
2408963.0	59.76112425529489
2421038.0	59.90110654651471
2433113.0	59.81326172998797
2445188.0	59.84132242734418
2457263.0	59.81234957370718
2469338.0	59.823990722905776
2481413.0	59.855925717217424
2493488.0	59.86173364734483
2505563.0	59.86606920999884
2517638.0	59.84569703445106
2529713.0	59.82877662680843
2541788.0	59.841717501770425
2553863.0	59.40090295743925
2565938.0	59.852903270152765
2578013.0	59.82503991032913
2590088.0	59.825805127503465
2602163.0	59.8086458203563
2614238.0	59.86303566304917
2626313.0	59.80095505129363
2638388.0	59.80475340435098
2650463.0	59.812503377100555
2662538.0	59.88636765366881
2674613.0	59.891663766098155
2686688.0	59.82657385811908
2698763.0	59.901201201201204
2710838.0	59.74315838566218
2722913.0	59.85165060445545
2734988.0	59.833267761373286
2747063.0	59.83553558381525
2759138.0	59.80940705798548
2771213.0	59.834942385549674
2783288.0	59.66729294224265
2795363.0	59.60244458714377
2807438.0	59.84028393966282
2819513.0	59.78076487592851
2831588.0	59.856590820548995
2843663.0	59.84876597234378
2855738.0	59.90533698976901
2867813.0	59.820986847927315
2879888.0	59.64532982389732
2891963.0	0.0
2904038.0	0.0
2916113.0	59.76601561537893
2928188.0	59.875760964094916
2940263.0	59.86266563070914
2952338.0	59.79955669441499
2964413.0	59.89840410988473
2976488.0	59.724975292954966
2988563.0	59.743909793416826
3000638.0	59.861847336337135
3012713.0	59.85262495636923
3024788.0	59.87403691244355
3036863.0	59.85221800826693
3048938.0	59.811453254856396
3061013.0	59.74879532348527
3073088.0	59.82509247126342
3085163.0	59.736293704494585
3097238.0	59.84099182951096
3109313.0	59.862092956801554
3121388.0	59.8785561677724
3133463.0	59.72672349927481
3145538.0	59.770262614818115
3157613.0	59.796862656585034
3169688.0	59.87029874357084
3181763.0	59.890174511541616
3193838.0	59.81969863915401
3205913.0	59.83621629306668
3217988.0	59.74121450245407
3230063.0	59.81623524038526
3242138.0	59.74337367507664
3254213.0	59.88144311420174
3266288.0	59.859833475116034
3278363.0	59.70265021832591
3290438.0	59.85713745795382
3302513.0	59.83631335487032
3314588.0	59.82198272246918
3326663.0	59.70666677762013
3338738.0	59.84868726765799
3350813.0	59.87532773289101
3362888.0	59.79914883455152
3374963.0	59.81971587820031
3387038.0	59.83051970643296
3399113.0	59.777831161623276
3411188.0	59.88579005902986
3423263.0	59.86634039815158
3435338.0	59.87974009947117
3447413.0	59.87180839839628
3459488.0	59.75405578544592
3471563.0	59.81909597687344
3483638.0	59.84517888252077
3495713.0	59.91576628249355
3507788.0	59.851827790410034
3519863.0	59.831757285886304
3531938.0	59.91427684025261
3544013.0	59.860685427695735
3556088.0	59.77449598066324
3568163.0	59.81710275838901
3580238.0	59.816480010931315
3592313.0	59.79051910508834
3604388.0	59.8896839594514
3616463.0	59.86029324919432
3628538.0	59.82725863045307
3640613.0	59.84718028998472
3652688.0	59.84841582108097
3664763.0	59.8665602189781
3676838.0	59.7709401538715
3688913.0	59.885700086967326
3700988.0	59.86582517517269
3713063.0	59.859391414436175
3725138.0	59.86584030266826
3737213.0	59.87564516345633
3749288.0	59.90881421206286
3761363.0	59.813492332745284
3773438.0	59.79518523138331
3785513.0	59.756994553326194
3797588.0	59.832315124869
3809663.0	59.88097752487918
3821738.0	59.90438247011952
3833813.0	59.760296930950474
3845888.0	59.84635565629153
3857963.0	59.84693184845282
3870038.0	59.913534644117206
3882113.0	59.83251329456787
3894188.0	59.89939452842827
3906263.0	59.85606024038229
3918338.0	59.83252161812941
3930413.0	59.808489120833634
3942488.0	59.77953708285227
3954563.0	59.90366464883161
3966638.0	59.84656075826853
3978713.0	59.890698613541524
3990788.0	59.91045575723561
4002863.0	59.93650398406375
4014938.0	59.40777791405154
4027013.0	59.90461681128701
4039088.0	59.81363209780162
4051163.0	59.89476836206528
4063238.0	59.86491315845901
4075313.0	59.818707407358964
4087388.0	59.73403814605531
4099463.0	59.132693944386105
4111538.0	59.82407023937712
4123613.0	59.86283783224139
4135688.0	59.67015225077688
4147763.0	59.84552794642298
4159838.0	59.877484654070614
4171913.0	59.79505185401231
4183988.0	59.88977606613436
4196063.0	59.90071942446043
4208138.0	59.8742861968144
4220213.0	59.86380621476334
4232288.0	59.88497821794591
4244363.0	59.89375372590581
4256438.0	59.848005066497784
4268513.0	59.77315453064294
4280588.0	59.90653274523833
4292663.0	59.84514522821577
4304738.0	59.8722796264469
4316813.0	59.89354589868861
4328888.0	59.838078132016165
4340963.0	59.82001258653241
4353038.0	59.84394182756931
4365113.0	59.69649336588857
4377188.0	59.87551609470053
4389263.0	59.93736549641859
4401338.0	59.852151261269846
4413413.0	59.88946182728411
4425488.0	59.81689635523289
4437563.0	59.468120077195124
4449638.0	59.62478866183807
4461713.0	59.81283632913962
4473788.0	59.86913436709973
4485863.0	59.8195922187755
4497938.0	59.85514268321469
4510013.0	59.864833526586054
4522088.0	59.844615026750404
4534163.0	59.85350966429298
4546238.0	59.85239974654502
4558313.0	59.786507107578466
4570388.0	59.84304372622678
4582463.0	59.80443074935079
4594538.0	59.87034826253835
4606613.0	59.870271867612296
4618688.0	59.84196794632874
4630763.0	59.74482525791502
4642838.0	59.89912040948169
4651302.0	59.87010834662634
4657339.5	59.8569322812798
4666988.0	59.75870760272038
4679063.0	59.85264518052829
4691138.0	59.86955279384786
4703213.0	59.78619838367841
4715288.0	59.650230370512574
4722679.5	59.890253462241965
4728717.0	59.92789699570815
4739438.0	59.86429050779211
4751513.0	59.8970392442782
4763588.0	59.895042469928406
4775663.0	59.915987330128104
4787738.0	59.882691945170066
4799813.0	59.82754033560746
4811888.0	59.82829108748978
4819084.5	59.872639341751096
4825049.5	0.0
