#Position (bp)	mapping quality
6038.0	59.992041827470246
18113.0	60.0
30188.0	59.98975078217715
42263.0	59.996535269382804
54338.0	59.99527948355894
66413.0	59.98062079703183
78488.0	60.0
90563.0	59.99037999037999
102638.0	59.98667609469323
114713.0	59.810262036971366
126788.0	60.0
138863.0	59.979337416961435
150938.0	59.99503105590062
163013.0	59.98987256308549
175088.0	59.924952457126324
187163.0	59.95998151377014
199238.0	59.99527944446515
211313.0	59.98558988310414
223388.0	59.994619316653214
235463.0	59.99055892802425
247538.0	59.9938195302843
259613.0	59.98152966428689
271688.0	59.98980848443671
283763.0	59.98911452114441
295838.0	60.0
307913.0	59.84087465833659
319988.0	59.95597758614905
332063.0	60.0
344138.0	59.99503105590062
356213.0	59.990054825959454
368288.0	59.99946133749899
380363.0	59.98865918487891
392438.0	59.9947587893723
404513.0	59.98726315732178
416588.0	59.98965594981809
428663.0	59.995182535423154
440738.0	59.999230785666974
452813.0	60.0
464888.0	59.99503105590062
476963.0	59.90991178862636
489038.0	59.979989116888135
501113.0	60.0
513188.0	59.99008701398832
525263.0	59.99381950260432
537338.0	59.98608661084747
549413.0	59.990062111801244
561488.0	60.0
573563.0	60.0
585638.0	60.0
597713.0	59.973164923905166
609788.0	60.0
621863.0	59.99497702207907
633938.0	59.99471485727797
646013.0	59.99055892802425
658088.0	59.9976273800344
670163.0	59.99534398468688
682238.0	60.0
694313.0	59.779456306724065
706388.0	60.0
718463.0	59.877806037819305
730538.0	59.97997118216506
742613.0	59.99505828192935
754688.0	59.99425369918115
766763.0	59.995065191418625
778838.0	59.98990556962353
790913.0	59.47103262575998
802988.0	0.0
815063.0	60.0
827138.0	59.626056202554125
839213.0	59.92767071533911
851288.0	59.90988261024229
863363.0	59.98747097691577
875438.0	59.990552942882594
887513.0	59.9810791780242
899588.0	60.0
911663.0	59.993877134498945
923738.0	59.98509316770186
935813.0	59.99539205898164
947888.0	60.0
959963.0	60.0
972038.0	59.96538171565719
984113.0	60.0
996188.0	59.96537089593043
1008263.0	59.99383618939531
1020338.0	59.993786729489734
1032413.0	60.0
1044488.0	60.0
1056563.0	59.995183960052216
1068638.0	59.45196254861796
1080713.0	54.068413026903386
1092788.0	59.92350951583127
1104863.0	59.98861252913781
1116938.0	59.91739106267077
1129013.0	59.43650643037531
1141088.0	60.0
1153163.0	59.98982660610225
1165238.0	60.0
1177313.0	60.0
1189388.0	59.99527948355894
1201463.0	59.928413709106124
1213538.0	59.993872549019606
1225613.0	59.986227922005305
1237688.0	59.90503168339528
1249763.0	60.0
1261838.0	59.97909344712922
1273913.0	59.987548224025545
1285988.0	59.91787087617034
1298063.0	60.0
1310138.0	59.97016661188785
1322213.0	59.99114521841795
1334288.0	59.9976269890446
1346363.0	60.0
1358438.0	59.99535875133221
1370513.0	60.0
1382588.0	59.9893217933767
1394663.0	59.985259537430245
1406738.0	59.99460703242971
1418813.0	59.99427434477033
1430888.0	59.93978501758344
1442963.0	59.985589942773856
1455038.0	59.9663698881152
1467113.0	59.99005351548718
1479188.0	59.98737055967639
1491263.0	60.0
1503338.0	59.995195937135406
1515413.0	59.995120677626595
1527488.0	59.980008688207235
1539563.0	59.956872965377805
1551638.0	59.983078987468446
1563713.0	59.99473589548998
1575788.0	59.99005402280774
1587863.0	59.99108762485202
1599938.0	59.99452794871906
1612013.0	59.99486349744459
1624088.0	59.992088190305395
1636163.0	59.990364622952484
1648238.0	59.942900647126
1660313.0	59.320313469619336
1672388.0	59.80525765179106
1684463.0	59.9791738979521
1696538.0	59.9944049354359
1708613.0	59.929052556008365
1720688.0	59.98650496141125
1732763.0	59.98798558269924
1744838.0	59.993862684230656
1756913.0	59.98037258953453
1768988.0	59.9783789555167
1781063.0	59.91736176217585
1793138.0	59.99472666549482
1805213.0	59.889054122803586
1817288.0	59.94018760826697
1829363.0	59.98983928590938
1841438.0	59.98670736510437
1853513.0	59.99503105590062
1865588.0	59.9917880794702
1877663.0	59.98984920119615
1889738.0	59.82183330942476
1901813.0	59.91169556195904
1913888.0	59.971806863842964
1925963.0	59.914412150881006
1938038.0	59.912600145666424
1950113.0	59.90397596716944
1962188.0	59.99009896800782
1974263.0	59.99082652967618
1986338.0	59.932583147451474
1998413.0	59.98590481478713
2010488.0	59.99012641563571
2022563.0	59.985052380007346
2034638.0	59.98263118281645
2046713.0	59.994269395707775
2058788.0	59.99035806264722
2070863.0	59.99527948355894
2082938.0	59.98645939810697
2095013.0	59.9949204425453
2107088.0	59.99503105590062
2119163.0	59.98022344933864
2131238.0	59.993480670187104
2143313.0	59.984409160961974
2155388.0	59.984711629705124
2167463.0	59.99503105590062
2179538.0	59.98539616228847
2191613.0	59.98583833339545
2203688.0	60.0
2215763.0	59.99492338542504
2227838.0	59.95909632212078
2239913.0	59.753654025040895
2251988.0	59.99500319240485
2264063.0	59.98026090333783
2276138.0	59.99491160021246
2288213.0	60.0
2300288.0	59.973080192689146
2312363.0	59.989993286093664
2324438.0	59.962292089948
2336513.0	59.989519322070336
2348588.0	60.0
2360663.0	59.97608014703979
2372738.0	59.988908323023765
2384813.0	59.98972733538494
2396888.0	59.989175341427774
2408963.0	59.96941590688142
2421038.0	59.98918283160845
2433113.0	59.934041401704775
2445188.0	59.9923153948257
2457263.0	59.98949061761059
2469338.0	59.971356783919596
2481413.0	59.993227255953286
2493488.0	59.990830695338936
2505563.0	59.986334611530275
2517638.0	60.0
2529713.0	59.98517237118497
2541788.0	59.98440212554086
2553863.0	59.77230300002629
2565938.0	59.99234334072134
2578013.0	59.996444956069816
2590088.0	59.98348736250566
2602163.0	59.987570820429426
2614238.0	59.99458825651664
2626313.0	59.98176384175067
2638388.0	59.98790718766533
2650463.0	59.96260827460053
2662538.0	59.98648736746656
2674613.0	59.99142489638417
2686688.0	60.0
2698763.0	59.99403014775384
2710838.0	59.94930784080972
2722913.0	59.98964624676445
2734988.0	59.979198300755705
2747063.0	59.99431034237515
2759138.0	59.98583850931677
2771213.0	59.984301760952185
2783288.0	59.840372655293855
2795363.0	59.45017913679166
2807438.0	59.83895684410472
2819513.0	59.97895882133432
2831588.0	59.99078314795323
2843663.0	59.983243002644464
2855738.0	59.994651619890625
2867813.0	59.990111018607344
2879888.0	59.97758480869636
2891963.0	59.92103631018712
2904038.0	59.92322946300197
2916113.0	59.95128861495638
2928188.0	59.98556249287623
2940263.0	59.9898652599301
2952338.0	59.984534893711306
2964413.0	59.981727103745946
2976488.0	59.989299793504784
2988563.0	59.885399729660904
3000638.0	59.99080726309033
3012713.0	59.98998172341434
3024788.0	59.99046491884726
3036863.0	59.969228249673534
3048938.0	59.971231357819974
3061013.0	59.989709937582646
3073088.0	60.0
3085163.0	59.891955922601845
3097238.0	60.0
3109313.0	59.94699462112904
3121388.0	59.989067001551305
3133463.0	60.0
3145538.0	59.99285237037152
3157613.0	59.99082247408336
3169688.0	59.93235683043434
3181763.0	59.99011686375143
3193838.0	60.0
3205913.0	59.99474274013918
3217988.0	59.99425939697574
3230063.0	59.99091721896598
3242138.0	59.94938570075356
3254213.0	59.99453234787697
3266288.0	59.96993428112778
3278363.0	59.98728168283418
3290438.0	59.994289460882804
3302513.0	59.98032174364297
3314588.0	60.0
3326663.0	59.98476086808626
3338738.0	59.992814900790364
3350813.0	59.98406571518839
3362888.0	59.99714138452276
3374963.0	59.989609336391396
3387038.0	59.99325612460607
3399113.0	59.994220463063506
3411188.0	59.99468579779461
3423263.0	60.0
3435338.0	59.989904669975694
3447413.0	59.98880168171236
3459488.0	59.99458583926259
3471563.0	59.98558964442034
3483638.0	59.993942025180985
3495713.0	60.0
3507788.0	59.99453128560361
3519863.0	59.994258922591136
3531938.0	59.98632397820278
3544013.0	59.99939379243453
3556088.0	59.9894942420365
3568163.0	59.98558976376322
3580238.0	59.99684726579126
3592313.0	60.0
3604388.0	59.99027326311239
3616463.0	60.0
3628538.0	60.0
3640613.0	59.99503105590062
3652688.0	59.99005445187598
3664763.0	59.98957504287684
3676838.0	59.93778673897925
3688913.0	59.99478510277693
3700988.0	59.967489036016055
3713063.0	59.99468645418698
3725138.0	59.994318719818196
3737213.0	59.99527944446515
3749288.0	59.990184808559555
3761363.0	59.9947328686553
3773438.0	59.867600761544495
3785513.0	59.997509029767095
3797588.0	59.994862155925006
3809663.0	59.985838216112136
3821738.0	59.9972604115775
3833813.0	59.985347741387635
3845888.0	59.994960123079096
3857963.0	59.977135581518375
3870038.0	59.98509316770186
3882113.0	59.99552791327464
3894188.0	59.98974444381138
3906263.0	59.99577866113202
3918338.0	59.984340618545566
3930413.0	60.0
3942488.0	59.98408182308867
3954563.0	59.994034632273745
3966638.0	59.938372333816524
3978713.0	59.98177292593536
3990788.0	59.98633500763997
4002863.0	59.99361939703302
4014938.0	58.84667738448008
4027013.0	59.95503211991435
4039088.0	60.0
4051163.0	59.995104312499464
4063238.0	59.97779277000056
4075313.0	59.994680851063826
4087388.0	59.990062111801244
4099463.0	59.007597812182965
4111538.0	59.99058273676133
4123613.0	59.99527975719734
4135688.0	59.99274692197501
4147763.0	60.0
4159838.0	59.994900279209716
4171913.0	59.993029015195525
4183988.0	59.9934029686641
4196063.0	59.994623174119546
4208138.0	59.99707169467536
4220213.0	60.0
4232288.0	59.98814315579269
4244363.0	59.99467495007766
4256438.0	59.99552793179268
4268513.0	59.90919960644339
4280588.0	60.0
4292663.0	59.9992382048721
4304738.0	59.99516209116487
4316813.0	60.0
4328888.0	59.994258922591136
4340963.0	59.98439667128987
4353038.0	59.98427634083751
4365113.0	60.0
4377188.0	59.98477923440409
4389263.0	59.97957867583835
4401338.0	59.990062111801244
4413413.0	59.987800179786824
4425488.0	59.89053219983696
4437563.0	59.81507261484518
4449638.0	59.99503105590062
4461713.0	60.0
4473788.0	59.8778864334806
4485863.0	59.969933904285455
4497938.0	59.99055892802425
4510013.0	59.984616922254624
4522088.0	59.96595920262011
4534163.0	59.99492557510149
4546238.0	59.810519026785435
4558313.0	59.99471505328988
4570388.0	59.97742663656885
4582463.0	59.9908071869578
4594538.0	59.99476873446968
4606613.0	60.0
4618688.0	59.99527948355894
4630763.0	59.9972760208112
4642838.0	59.99494268374916
4651302.0	59.99937825122795
4657339.5	60.0
4666988.0	59.77434707456255
4679063.0	60.0
4691138.0	59.99031051888414
4703213.0	59.946050395599976
4715288.0	59.9736016191007
4722679.5	60.0
4728717.0	60.0
4739438.0	59.859473044792445
4751513.0	60.0
4763588.0	60.0
4775663.0	59.994812381117065
4787738.0	59.98847649685504
4799813.0	59.9945881537534
4811888.0	59.99503105590062
4819084.5	60.0
4825049.5	59.96122961357502
