#Position (bp)	Coverage	Std
6038.0	19.41623188405797	5.024206415297811
18113.0	8.502939958592133	10.064442461974403
30188.0	18.591304347826085	6.719398080111506
42263.0	16.563975155279504	8.522822849078244
54338.0	19.998509316770186	6.219844019533706
66413.0	19.999917184265012	6.244752662660497
78488.0	20.0	0.0
90563.0	20.0	0.0
102638.0	14.468488612836438	9.138216342897918
114713.0	19.986583850931677	6.170087462594535
126788.0	17.386832298136646	7.486639583733731
138863.0	19.62070393374741	5.3545824108917275
150938.0	20.0	0.0
163013.0	20.0	0.0
175088.0	19.8848033126294	5.81611240959772
187163.0	16.37399585921325	8.28234671338657
199238.0	19.999751552795033	6.241575688938278
211313.0	20.0	0.0
223388.0	18.582194616977226	6.7034183671752885
235463.0	20.0	0.0
247538.0	16.54824016563147	8.50185706178155
259613.0	20.0	0.0
271688.0	19.52298136645963	5.178431139671841
283763.0	19.942194616977226	6.0455209024009235
295838.0	18.448281573498964	6.498179391470098
307913.0	16.4472049689441	8.266222521963021
319988.0	20.1479917184265	3.526286969740361
332063.0	19.92910973084886	6.026504605820455
344138.0	20.0	0.0
356213.0	20.0	0.0
368288.0	18.446542443064182	6.472493159661382
380363.0	19.738302277432712	5.582440675219
392438.0	19.79047619047619	5.783427454917541
404513.0	16.10351966873706	7.876689407666442
416588.0	20.0	0.0
428663.0	19.981780538302278	6.188167430594321
440738.0	20.0	0.0
452813.0	20.0	0.0
464888.0	20.0	0.0
476963.0	19.92737060041408	6.02281377051339
489038.0	20.0	0.0
501113.0	20.0	0.0
513188.0	18.58136645962733	6.701997477344749
525263.0	18.44968944099379	6.5008360666315355
537338.0	20.0	0.0
549413.0	19.94815734989648	6.048725547199312
561488.0	20.0	0.0
573563.0	14.963146997929607	9.890246570519507
585638.0	18.035776397515527	5.5719052723811835
597713.0	20.0	0.0
609788.0	15.756521739130434	9.205385947084599
621863.0	19.648198757763975	5.411750117796843
633938.0	18.60687370600414	6.7446413051698855
646013.0	20.0	0.0
658088.0	17.586583850931678	7.527578006359145
670163.0	20.0	0.0
682238.0	20.0	0.0
694313.0	16.196273291925465	8.072907942625354
706388.0	20.0	0.0
718463.0	19.43271221532091	4.997846327059556
730538.0	20.0	0.0
742613.0	20.0	0.0
754688.0	17.42608695652174	7.538802316858483
766763.0	19.923892339544512	5.968086278718474
778838.0	19.730020703933747	5.5182512908065915
790913.0	18.366045548654245	6.258794227004385
802988.0	18.391138716356107	5.94253363508704
815063.0	16.899047619047618	8.807346829667482
827138.0	16.880993788819875	8.717911881731757
839213.0	19.609937888198758	5.313282703271689
851288.0	19.104347826086958	4.27290563519577
863363.0	17.07726708074534	6.973401105727855
875438.0	20.0	0.0
887513.0	19.608612836438922	5.3055461430258415
899588.0	20.0	0.0
911663.0	15.090683229813665	8.609326157976009
923738.0	20.0	0.0
935813.0	19.044306418219463	3.8022005179195757
947888.0	20.000993788819876	0.20226461154849282
959963.0	19.875776397515526	5.891320773433281
972038.0	20.0	0.0
984113.0	20.0	0.0
996188.0	20.0	0.0
1008263.0	18.513788819875778	6.701824478883023
1020338.0	16.210766045548656	7.97972067361919
1032413.0	20.0	0.0
1044488.0	19.999254658385095	6.237414657925736
1056563.0	20.0	0.0
1068638.0	13.487784679089026	9.402149439286474
1080713.0	8.476438923395445	9.348194320832308
1092788.0	19.932670807453416	6.05417912570551
1104863.0	17.39710144927536	7.499427169290655
1116938.0	19.963561076604556	6.14459987797867
1129013.0	18.688281573498966	6.373788197252624
1141088.0	17.836190476190477	8.146317233698285
1153163.0	18.549896480331263	6.754861756534805
1165238.0	20.0	0.0
1177313.0	18.028985507246375	5.589549550920418
1189388.0	20.0	0.0
1201463.0	19.973084886128365	6.128580839443179
1213538.0	15.97184265010352	9.649746024828078
1225613.0	14.526708074534161	9.656244828202869
1237688.0	16.386997929606625	8.179573609341858
1249763.0	18.60289855072464	6.737737116367434
1261838.0	20.0	0.0
1273913.0	16.6824016563147	8.733695249561627
1285988.0	19.643064182194617	5.364749602943032
1298063.0	20.0	0.0
1310138.0	9.756521739130434	10.62184553100223
1322213.0	10.521739130434783	10.446432420236059
1334288.0	19.997101449275362	6.2212618799470265
1346363.0	19.602070393374742	5.204823372161989
1358438.0	20.0	0.0
1370513.0	20.0	0.0
1382588.0	18.450848861283642	6.50156216297331
1394663.0	19.871635610766045	5.846688645373724
1406738.0	19.445962732919256	4.992557608078178
1418813.0	18.500207039337475	6.48406232096782
1430888.0	19.92472049689441	6.012423301336272
1442963.0	20.0	0.0
1455038.0	19.995776397515527	6.2124832587432905
1467113.0	20.0	0.0
1479188.0	20.0	0.0
1491263.0	20.0	0.0
1503338.0	16.381863354037268	8.300420304157667
1515413.0	20.0	0.0
1527488.0	20.0	0.0
1539563.0	18.598757763975154	6.729927597369716
1551638.0	19.845962732919254	5.690244457629008
1563713.0	20.0	0.0
1575788.0	19.948902691511385	6.052893153521737
1587863.0	18.60463768115942	6.748808651863062
1599938.0	19.93656314699793	6.046171555305925
1612013.0	19.96231884057971	6.126398095389199
1624088.0	13.730020703933748	9.874890255437567
1636163.0	19.667412008281573	5.419105837177771
1648238.0	20.0	0.0
1660313.0	8.548322981366459	9.659001744476132
1672388.0	16.977971014492752	8.94136871704559
1684463.0	20.0	0.0
1696538.0	17.607453416149067	7.776777023263891
1708613.0	19.993954451345754	6.194554477602361
1720688.0	19.43022774327122	5.1225559743300915
1732763.0	15.784844720496894	9.343471276059152
1744838.0	20.0	0.0
1756913.0	20.0	0.0
1768988.0	19.86169772256729	5.835615643433705
1781063.0	17.60910973084886	7.778906553209204
1793138.0	20.0	0.0
1805213.0	17.544099378881988	7.693604668491295
1817288.0	16.05689440993789	7.729961069542715
1829363.0	17.20248447204969	7.05004294951897
1841438.0	13.998343685300208	10.302332446112763
1853513.0	19.696728778467907	5.5003180785117625
1865588.0	19.62848861283644	5.36968717642572
1877663.0	19.94592132505176	6.076993917428567
1889738.0	19.620289855072464	5.35435814441996
1901813.0	17.186749482401655	7.023739691550251
1913888.0	20.0	0.0
1925963.0	16.50302277432712	8.357434299743801
1938038.0	19.96472049689441	6.10735564386605
1950113.0	20.0	0.0
1962188.0	20.0	0.0
1974263.0	13.913954451345756	10.192734797398758
1986338.0	19.99304347826087	6.224702010046074
1998413.0	16.38981366459627	8.319305792028782
2010488.0	20.0	0.0
2022563.0	19.67536231884058	5.465745011434463
2034638.0	18.225258799171844	5.925905509511645
2046713.0	18.935817805383024	7.214948824658639
2058788.0	20.0	0.0
2070863.0	19.999917184265012	6.244752662660497
2082938.0	19.83950310559006	5.7753169362629535
2095013.0	19.99983436853002	6.2418543191598825
2107088.0	20.0	0.0
2119163.0	19.639171842650104	5.206406310178517
2131238.0	16.695983436853002	8.665793872280426
2143313.0	19.676853002070395	5.584962062739192
2155388.0	20.0	0.0
2167463.0	20.0	0.0
2179538.0	20.0	0.0
2191613.0	20.0	0.0
2203688.0	19.446790890269153	5.028160862215396
2215763.0	20.0	0.0
2227838.0	19.974575569358176	6.138889372917489
2239913.0	16.037515527950312	9.453725152269785
2251988.0	18.486459627329193	6.584604667976685
2264063.0	19.0120082815735	4.227730597393924
2276138.0	20.0	0.0
2288213.0	18.91710144927536	7.279046191470208
2300288.0	14.502194616977226	9.340257709435804
2312363.0	19.304430641821945	4.602294863698148
2324438.0	19.269068322981365	4.3587849466543
2336513.0	19.627329192546583	5.350451307370865
2348588.0	20.0	0.0
2360663.0	16.563146997929607	8.521705328026929
2372738.0	17.629813664596274	7.809136232366047
2384813.0	18.868737060041408	7.211619333835437
2396888.0	19.582608695652173	5.408489607493811
2408963.0	17.610766045548655	7.781674070902462
2421038.0	20.0	0.0
2433113.0	20.0	0.0
2445188.0	15.035942028985508	8.306588968394614
2457263.0	18.359420289855073	6.468909559598834
2469338.0	17.59511387163561	7.736820089233543
2481413.0	19.999751552795033	6.241827783484173
2493488.0	20.0	0.0
2505563.0	20.0	0.0
2517638.0	19.864761904761906	5.835863988186566
2529713.0	20.0	0.0
2541788.0	20.0	0.0
2553863.0	10.298385093167703	10.188382943231453
2565938.0	14.464844720496895	9.443593027834389
2578013.0	19.997101449275362	6.21827933833843
2590088.0	20.000082815734988	0.05827044820980982
2602163.0	18.104761904761904	5.508758319209668
2614238.0	19.896811594202898	5.8777962377779325
2626313.0	20.0	0.0
2638388.0	18.399006211180126	6.212030003967006
2650463.0	18.63113871635611	6.759947811184484
2662538.0	16.382443064182194	8.301452889875105
2674613.0	20.0	0.0
2686688.0	18.400828157349896	6.32379580432047
2698763.0	16.735403726708075	8.796244257834035
2710838.0	19.891014492753623	5.8742163919506485
2722913.0	20.0	0.0
2734988.0	20.0	0.0
2747063.0	17.6096066252588	7.770161113304415
2759138.0	20.000082815734988	0.05827044820980982
2771213.0	18.886128364389233	6.78129201001194
2783288.0	19.503105590062113	4.8601561716083115
2795363.0	19.187577639751552	4.206718475398958
2807438.0	20.0	0.0
2819513.0	20.0	0.0
2831588.0	16.382608695652173	8.301562625734116
2843663.0	20.0	0.0
2855738.0	19.443478260869565	5.017113569716015
2867813.0	20.0	0.0
2879888.0	18.999089026915115	7.20630044097168
2891963.0	17.130600414078675	6.845221694102234
2904038.0	20.0	6.2423452088140845
2916113.0	19.99511387163561	6.206214744050945
2928188.0	20.0	0.0
2940263.0	19.789565217391303	5.747913475059463
2952338.0	18.534327122153208	6.5699989443198845
2964413.0	17.2703933747412	7.421835614747845
2976488.0	18.634368530020705	6.6900005725302805
2988563.0	17.463933747412007	7.308567252170777
3000638.0	20.0	0.0
3012713.0	20.0	0.0
3024788.0	19.96703933747412	6.143898992009597
3036863.0	20.0	0.0
3048938.0	16.485300207039337	8.427795872659798
3061013.0	18.874037267080745	6.957820272179973
3073088.0	20.0	0.0
3085163.0	19.306832298136644	4.602861653767874
3097238.0	18.14542443064182	5.901440326700478
3109313.0	19.922981366459627	5.957676815964277
3121388.0	17.459296066252588	7.580316670704289
3133463.0	17.609026915113873	7.775935698257595
3145538.0	16.54360248447205	8.492919959648377
3157613.0	18.542277432712215	6.570843434206374
3169688.0	20.0	0.0
3181763.0	20.0	0.0
3193838.0	17.5224016563147	7.5641192891914395
3205913.0	18.42848861283644	6.182189070040043
3217988.0	19.92182194616977	6.002877156954878
3230063.0	19.16935817805383	4.080179836088604
3242138.0	18.346997929606626	6.159185770714993
3254213.0	18.884472049689442	7.234836359093214
3266288.0	19.7175983436853	5.658647352068554
3278363.0	15.023354037267081	8.345460327299756
3290438.0	17.638343685300207	7.842212051141724
3302513.0	19.947080745341616	6.080754012306209
3314588.0	19.65714285714286	5.431333066751438
3326663.0	19.857308488612837	5.798064930286465
3338738.0	17.7879917184265	7.753933083337097
3350813.0	18.59296066252588	6.721862602954786
3362888.0	19.436024844720496	5.002980478134633
3374963.0	19.999751552795033	6.241575688938278
3387038.0	19.999006211180124	6.227069737487123
3399113.0	20.0	0.0
3411188.0	20.0	0.0
3423263.0	17.232298136645962	7.09640797947667
3435338.0	20.0	0.0
3447413.0	19.311801242236026	4.751331947938717
3459488.0	19.947743271221533	6.043993305130621
3471563.0	19.999751552795033	6.241827783484173
3483638.0	16.40463768115942	8.32688777643892
3495713.0	20.0	0.0
3507788.0	20.0	0.0
3519863.0	20.0	0.0
3531938.0	20.0	0.0
3544013.0	17.193374741200827	7.035520643466101
3556088.0	18.39817805383023	6.328704857708519
3568163.0	19.998923395445136	6.24163539646143
3580238.0	16.137556935817805	7.806399667990201
3592313.0	20.0	0.0
3604388.0	19.980207039337476	6.182899009819865
3616463.0	20.0	0.0
3628538.0	16.542443064182194	8.49401201821798
3640613.0	20.0	0.0
3652688.0	10.320496894409938	10.18414307570035
3664763.0	14.686045548654244	9.608769286696862
3676838.0	16.499958592132504	8.031908415503194
3688913.0	20.0	0.0
3700988.0	19.925797101449277	6.015982853153837
3713063.0	18.428985507246377	6.467309097029594
3725138.0	19.946418219461698	6.0780567887378405
3737213.0	20.0	0.0
3749288.0	19.622360248447205	5.358602147689793
3761363.0	19.945341614906834	6.075065285201606
3773438.0	19.631304347826088	5.325892843042316
3785513.0	20.0	0.0
3797588.0	19.998757763975156	6.231569928045094
3809663.0	20.0	0.0
3821738.0	18.561656314699793	6.627803910730087
3833813.0	15.1768115942029	8.55741781064366
3845888.0	20.0	0.0
3857963.0	20.0	0.0
3870038.0	20.0	0.0
3882113.0	20.0	0.0
3894188.0	20.0	0.0
3906263.0	17.30335403726708	7.2518320666560765
3918338.0	20.0	0.0
3930413.0	19.44182194616977	5.015792863927918
3942488.0	18.620289855072464	6.7655196939169775
3954563.0	15.682401656314699	9.123818168454175
3966638.0	19.99718426501035	6.215068844778924
3978713.0	18.588819875776398	6.715144652340958
3990788.0	20.0	0.0
4002863.0	16.03271221532091	7.869931245276734
4014938.0	17.970186335403728	7.889689789145332
4027013.0	18.467908902691512	6.060044619204508
4039088.0	19.966045548654243	6.138100137007007
4051163.0	20.0	0.0
4063238.0	18.602070393374742	6.734479126831626
4075313.0	19.785672877846793	5.599001685637929
4087388.0	20.0	0.0
4099463.0	14.29648033126294	9.22045614892251
4111538.0	20.000082815734988	0.05827044820980982
4123613.0	20.0	0.0
4135688.0	14.49888198757764	9.551061424110003
4147763.0	19.889689440993788	5.910337646641561
4159838.0	20.0	0.0
4171913.0	15.425590062111802	9.060061837365925
4183988.0	15.393788819875777	9.028938981432692
4196063.0	18.448447204968943	6.5000398151352625
4208138.0	16.5175983436853	8.46353767518619
4220213.0	10.275693581780539	10.09014852757325
4232288.0	15.947080745341616	9.531492966899457
4244363.0	19.118592132505174	4.472432235766091
4256438.0	20.0	0.0
4268513.0	19.937474120082815	6.013731698712487
4280588.0	18.613664596273292	6.7531451149889685
4292663.0	19.523478260869567	4.978637594577118
4304738.0	20.0	0.0
4316813.0	20.0	0.0
4328888.0	18.612008281573498	6.752899844859226
4340963.0	19.6968115942029	5.468358067884009
4353038.0	17.60910973084886	7.778267755442876
4365113.0	18.061283643892338	5.8766478240603375
4377188.0	20.0	0.0
4389263.0	10.225424430641821	10.091490378226114
4401338.0	20.0	0.0
4413413.0	16.51345755693582	8.307466271927515
4425488.0	19.63536231884058	5.382065148137765
4437563.0	17.984761904761903	8.043551227915916
4449638.0	20.0	0.0
4461713.0	20.0	0.0
4473788.0	18.603726708074536	6.739887755483894
4485863.0	19.99701863354037	6.222945585479142
4497938.0	20.0	0.0
4510013.0	20.0	0.0
4522088.0	16.38169772256729	8.301557637771994
4534163.0	20.0	0.0
4546238.0	20.0	0.0
4558313.0	19.28198757763975	4.830416053991458
4570388.0	17.6968115942029	7.973699002119249
4582463.0	20.0	0.0
4594538.0	18.97888198757764	7.0893148535784265
4606613.0	16.933084886128363	8.917616965285315
4618688.0	19.659544513457558	5.469130384582276
4630763.0	19.448447204968943	5.032441339798143
4642838.0	20.0	0.0
4651302.0	19.884607459303524	5.925685114468149
4657339.5	13.381473276100802	9.584796243280332
4666988.0	18.277432712215322	6.062340049329633
4679063.0	20.0	0.0
4691138.0	20.0	0.0
4703213.0	18.39089026915114	5.969348900340461
4715288.0	17.43337474120083	7.293645664600478
4722679.5	16.07496307237814	7.366312197526845
4728717.0	15.674175296252802	9.314700118881264
4739438.0	20.0	0.0
4751513.0	19.690103519668735	5.444962722335118
4763588.0	18.59304347826087	6.720636615807993
4775663.0	19.20679089026915	4.65705902450935
4787738.0	17.328364389233954	7.500200135355949
4799813.0	17.530269151138718	7.673584060889963
4811888.0	20.0	0.0
4819084.5	19.473684210526315	4.789710714820388
4825049.5	15.596545984186434	9.144878202396274
