# Position (bp)	A	C	G	T	N
0.0	26.6443518119964	26.626039283206087	24.776222156775386	21.953386748022123	0.0
1.0	26.345293525738526	17.916060706938683	28.389624920630023	27.349020846692767	0.0
2.0	30.142969786863695	23.31107932466457	21.23037461369084	25.315576274780895	0.0
3.0	31.179149167001242	20.89148550291427	20.40478818535025	27.52457714473424	0.0
4.0	29.608660110667877	21.362436983938498	20.97321781988183	28.055685085511794	0.0
5.0	27.38240200770383	22.16359287360792	21.648451713225082	28.804609462462217	9.439430009458309E-4
6.0	27.316200138570835	22.115137132892702	23.18670122756641	27.38196150097006	0.0
7.0	25.044569842027993	24.145118021193408	22.467605449445873	28.342706687332726	0.0
8.0	24.03845246208653	24.698772056014835	23.545840074659598	27.716935407239035	0.0
9.0	25.136698678920304	24.313265734428562	24.22824793481004	26.3217876518411	0.0
10.0	25.768574123753446	23.877730433792152	24.110632636892188	26.243062805562218	0.0
11.0	25.799787172318055	24.02190199480328	23.758730686139582	26.419580146739087	0.0
12.0	26.02218014334089	23.671573282385584	23.55049686013093	26.755749714142596	0.0
13.0	25.493257415144242	24.10465433121953	23.922599191103778	26.479426132999052	6.292953339638872E-5
14.0	25.24607020796323	24.691157582473874	24.69229031407501	25.370481895487888	0.0
15.0	25.594888611579414	24.629109062545034	25.286030461669935	24.489971864205618	0.0
16.0	25.709357432827446	24.603811390119688	25.147396699597692	24.53943447745518	0.0
17.0	25.719426158170865	24.7638411935467	24.890518344273634	24.6262143040088	0.0
18.0	26.07170568612385	24.42880435774433	24.496453606145447	25.002973420452978	6.292953339638872E-5
19.0	25.85629789330801	24.29935830754796	24.33975906798844	25.504584731155592	0.0
20.0	25.442221563559777	24.72237063103848	24.324467191373117	25.510940614028627	0.0
21.0	25.357707200208424	24.677061366993083	24.516528127298894	25.4487033054996	0.0
22.0	25.118889620969124	24.689080907871794	24.803990235853597	25.38803923530548	0.0
23.0	25.152179344135817	25.032487371615886	25.057470396374253	24.757862887874047	0.0
24.0	25.657818144975803	24.58392565756643	25.07773370612789	24.680522491329885	0.0
25.0	25.55486542833931	24.575241381957724	24.88567277020211	24.984094560434063	1.2585906679277745E-4
26.0	25.511066473095422	24.94061025285716	24.514577311763606	25.033683032750414	6.292953339638872E-5
27.0	25.76114843881267	24.72451023517396	24.281297531463196	25.23285500594999	1.8878860018916617E-4
28.0	25.6578810745092	24.518101365633804	24.176205210691222	25.647623560565584	1.8878860018916617E-4
29.0	25.42390906934142	24.6192291258018	24.23793908295308	25.718733933303504	1.8878860018916617E-4
30.0	25.868946729520687	24.258202392706718	24.04927634183071	25.82357453594189	0.0
31.0	25.71168582556311	24.312699368627992	23.904790133152602	26.070698813589505	1.2585906679277745E-4
32.0	25.798528581650125	24.49393642480959	23.886037132200478	25.821434931806408	6.292953339638872E-5
33.0	26.343183693195872	24.029138891143866	23.855893885703605	25.77165767088987	1.2585906679277745E-4
34.0	26.297811499617076	23.929018003510212	23.75526956180278	26.01790093506994	0.0
35.0	26.293634615163135	24.157507540363497	23.57648046415624	25.972185432158483	1.9194815864131414E-4
36.0	26.63629158771212	23.748463036225054	23.606980832390228	26.0082645436726	0.0
37.0	26.53092763590001	23.657320009006042	23.630408456089537	26.181343899004407	0.0
38.0	26.340698306924036	24.014712678779087	23.62160658853169	26.02291426101917	6.816474601133988E-5
39.0	26.71507544361123	23.741919251923655	23.514155723440982	26.028570030820408	2.7955020372221097E-4
40.0	26.68109635985376	23.71312295376873	23.290357838677085	26.3153510343634	7.181333702932642E-5
41.0	26.662146284401057	23.86236840918283	23.18867370653353	26.286811599882576	0.0
42.0	26.99672365411803	23.481674753205354	23.14678823446789	26.374813358208726	0.0
43.0	26.99982144804059	23.319438936019935	22.996149282078914	26.684353317985238	2.3701587532332915E-4
44.0	26.929770746942417	23.562329405280565	22.8771619600021	26.63073788777492	0.0
45.0	27.084322817184386	23.336300361168725	22.95437383183957	26.62491756674104	8.542306627804867E-5
46.0	27.018032494197463	23.273165506159614	23.047402249598285	26.66131048027138	8.926977325477594E-5
47.0	26.88072467672414	23.548158375239463	23.01132962164751	26.55978732638889	0.0
48.0	27.11179105034891	23.296565520792186	23.06841249909112	26.523230929767777	0.0
49.0	27.14527332819555	23.3126270436901	22.886742974774876	26.655253208095626	1.0344524384630104E-4
50.0	27.139001688261942	23.464221833472113	22.686551853213974	26.710224625051975	0.0
51.0	27.500746870353687	23.14271510154553	22.470358763067345	26.886179265033434	0.0
52.0	27.333937430678606	23.05878698720512	22.341329674508927	27.265945907607346	0.0
53.0	27.294375021922335	23.217795607219365	22.172928550735747	27.314900820122556	0.0
54.0	27.370209254608334	23.024514106756676	22.271756858162647	27.333519780472336	0.0
55.0	27.350237675704705	23.00875398160436	22.42673330167283	27.21412709473444	1.479462836633275E-4
56.0	27.38632886992278	23.173962047007688	22.34236319279429	27.096870328597266	4.7556167797182456E-4
57.0	27.48887104020039	23.01686701063207	22.382992771281156	27.110588507562248	6.806703241352083E-4
58.0	27.579792925219337	22.961670498336563	22.298855620117823	27.159680956326277	0.0
59.0	27.56497006223593	23.085123960439663	22.176172529642713	27.172946647049105	7.868006325877086E-4
60.0	27.740809979400126	22.892323847793826	22.05435571937595	27.31229873839008	2.117150400247283E-4
61.0	27.77106593662097	22.752077758072826	21.939210474727258	27.537645830578946	0.0
62.0	27.721511519287308	22.9299206481873	21.932369049843164	27.416198782682226	0.0
63.0	27.953296703296704	22.73325130467988	21.922334422334423	27.391117569689	0.0
64.0	27.74062543854876	22.738090805726838	21.89664998868723	27.62463376703717	0.0
65.0	27.814098260226544	22.912844249589266	21.86087381614651	27.412183674037678	0.0
66.0	27.964825129880566	22.63336189813079	22.050573081248995	27.35123989073965	0.0
67.0	28.006437511553813	22.51244186847323	21.976345044819727	27.504775575153236	0.0
68.0	27.759407226098997	22.765624448393133	21.895997834759175	27.578970490748695	0.0
69.0	27.9761272646178	22.64214259923964	21.848650255931016	27.53307988021154	0.0
70.0	28.0149489061832	22.46151300214672	21.888747408534485	27.63479068313559	0.0
71.0	27.929110600590747	22.71086314407614	21.667611460850715	27.6924147944824	0.0
72.0	28.220478720537994	22.433693649031675	21.62055847137053	27.725269159059803	0.0
73.0	28.219598597015448	22.282592836841765	21.73342126303626	27.764387303106524	0.0
74.0	28.194158782394073	22.63898996930671	21.551118564693226	27.615732683605987	0.0
75.0	28.181038328243492	22.634594928456234	21.51185533404248	27.6725114092578	0.0
76.0	28.401132469080615	22.136045298763225	21.694233348234242	27.768588883921918	0.0
77.0	28.210563790536604	22.42944527153861	21.58473040326235	27.775260534662436	0.0
78.0	28.4865711570277	22.56415220528706	21.43334858671548	27.515928050969762	0.0
79.0	28.272056010406306	22.226260616726602	21.648557655520698	27.853125717346394	0.0
80.0	28.248111381656987	22.491727539489293	21.501113400345467	27.759047678508253	0.0
81.0	28.545697584847524	21.97199691875481	21.442974307852644	28.03933118854502	0.0
82.0	28.33536954080436	22.202065825034246	21.476435526267075	27.986129107894314	0.0
83.0	28.45434513892621	22.20132208308701	21.298436072445853	28.045896705540923	0.0
84.0	29.02546401251993	22.061985344663672	21.038159453569495	27.874391189246907	0.0
85.0	28.137325349301396	22.035928143712574	21.62395209580838	28.202794411177646	0.0
86.0	28.1118345461509	22.57233383238745	21.475575362974826	27.84025625848682	0.0
87.0	28.08355626387387	22.528316921850987	21.283700457244766	28.104426357030377	0.0
88.0	28.188281136650982	22.057329989429395	21.41273032520157	28.34165854871806	0.0
89.0	28.44944429384657	22.09044908285895	21.241077075991686	28.219029547302792	0.0
90.0	28.312464498283568	22.424736361166676	21.296090489244524	27.96670865130523	0.0
91.0	27.920711974110034	22.233009708737864	21.50485436893204	28.34142394822006	0.0
92.0	28.11163229784347	22.503466383455763	21.264418680119185	28.120482638581585	0.0
93.0	28.485083551504577	22.091858172533048	20.99938588836097	28.42367238760141	0.0
94.0	28.517889973129684	22.02305190213548	21.482110026870316	27.97694809786452	0.0
95.0	27.983808789514264	22.45566692367001	21.222050886661524	28.3384734001542	0.0
96.0	28.431619623655912	22.295026881720432	21.614583333333336	27.658770161290324	0.0
97.0	28.234809663250367	22.506405563689604	21.16123718887262	28.09754758418741	0.0
98.0	28.449267390108517	22.11331699754963	21.11316697504626	28.324248637295597	0.0
99.0	28.250506821544025	21.998794586597995	21.28650484904937	28.464193742808614	0.0
100.0	28.71044776119403	22.35223880597015	20.961194029850745	27.976119402985073	0.0
101.0	28.52303081633983	21.871131669815625	21.343409994136426	28.262427519708123	0.0
102.0	28.24258836944128	22.755131128848348	21.301311288483465	27.700969213226912	0.0
103.0	28.593713438889324	21.99516418376102	20.809609234849074	28.601513142500583	0.0
104.0	28.486242439730812	21.82468694096601	20.870602265951103	28.818468353352074	0.0
105.0	28.2220569090571	21.57336804909801	21.294402082945883	28.910172958899018	0.0
106.0	28.350463010074282	22.865574437773482	20.881245547980054	27.902717004172178	0.0
107.0	28.085907229049038	22.32923724122661	20.701870917746042	28.8829846119783	0.0
108.0	28.483383685800607	22.090634441087616	21.595166163141993	27.830815709969787	0.0
109.0	28.64879144102496	22.335226522255976	21.68802007660811	27.327961960110947	0.0
110.0	28.170237405906196	22.596988998262884	20.903300521134916	28.329473074696004	0.0
111.0	29.181775185243573	21.772032161437803	20.826107520100898	28.220085133217722	0.0
112.0	29.06877036528897	21.14560109758189	21.540044589264276	28.245583947864862	0.0
113.0	27.893950709484688	22.0873786407767	22.12471994025392	27.893950709484688	0.0
114.0	27.857576370625125	22.051385798098323	22.294153348169125	27.796884483107426	0.0
115.0	28.58080034987973	22.06429040017494	21.408265908593922	27.94664334135141	0.0
116.0	28.619127116622945	21.488194610064394	22.251371333174337	27.64130694013833	0.0
117.0	30.213208528341134	21.39885595423817	20.436817472698905	27.951118044721788	0.0
118.0	27.98191068400226	21.82023742227247	22.046353872244207	28.151498021481064	0.0
119.0	29.001536098310293	22.764976958525345	20.55299539170507	27.68049155145929	0.0
120.0	29.27807486631016	21.022727272727273	21.724598930481285	27.97459893048128	0.0
121.0	28.08988764044944	21.67451975353389	21.2395795578108	28.99601304820587	0.0
122.0	27.742699289660617	21.704814522494082	20.2052091554854	30.347277032359905	0.0
123.0	28.626609442060087	22.78969957081545	22.06008583690987	26.523605150214593	0.0
124.0	27.958993476234856	21.57502329916123	21.808014911463186	28.657968313140724	0.0
125.0	30.983772819472616	20.588235294117645	21.50101419878296	26.926977687626774	0.0
126.0	28.280044101433297	21.05843439911797	20.562293274531424	30.099228224917308	0.0
127.0	27.96352583586626	22.735562310030392	21.15501519756839	28.14589665653495	0.0
128.0	29.595827900912646	22.88135593220339	20.73011734028683	26.79269882659713	0.0
129.0	29.82456140350877	21.614035087719298	20.56140350877193	28.000000000000004	0.0
130.0	28.35249042145594	24.061302681992338	20.383141762452105	27.203065134099617	0.0
131.0	29.96632996632997	23.82154882154882	17.59259259259259	28.619528619528616	0.0
132.0	28.49213691026827	18.87141535615171	22.571692876965773	30.064754856614247	0.0
133.0	27.056491575817642	24.182358771060457	20.01982160555005	28.74132804757185	0.0
134.0	26.79528403001072	23.04394426580922	22.186495176848876	27.974276527331188	0.0
135.0	30.128956623681123	21.805392731535754	21.219226260257916	26.846424384525204	0.0
136.0	30.970149253731343	20.149253731343283	20.771144278606965	28.109452736318406	0.0
137.0	27.371273712737125	22.22222222222222	21.40921409214092	28.997289972899733	0.0
138.0	27.40740740740741	22.962962962962962	18.666666666666668	30.962962962962965	0.0
139.0	26.26427406199021	22.02283849918434	21.69657422512235	30.0163132137031	0.0
140.0	26.559714795008915	24.9554367201426	20.677361853832444	27.807486631016044	0.0
141.0	25.1937984496124	23.837209302325583	21.31782945736434	29.651162790697676	0.0
142.0	30.107526881720432	21.0752688172043	18.27956989247312	30.53763440860215	0.0
143.0	28.504672897196258	21.02803738317757	21.261682242990652	29.205607476635514	0.0
144.0	27.66497461928934	24.61928934010152	20.304568527918782	27.411167512690355	0.0
145.0	27.445652173913043	22.282608695652172	20.380434782608695	29.891304347826086	0.0
146.0	25.958702064896755	25.663716814159294	19.174041297935105	29.20353982300885	0.0
147.0	24.437299035369776	24.115755627009648	20.257234726688104	31.189710610932476	0.0
148.0	26.041666666666668	22.569444444444446	19.444444444444446	31.944444444444443	0.0
149.0	27.509293680297397	18.587360594795538	23.42007434944238	30.483271375464682	0.0
150.0	25.71428571428571	23.26530612244898	20.408163265306122	30.612244897959183	0.0
151.0	29.257641921397383	22.270742358078603	24.017467248908297	24.45414847161572	0.0
152.0	24.170616113744074	18.48341232227488	21.80094786729858	35.54502369668246	0.0
153.0	28.497409326424872	18.134715025906736	21.243523316062177	32.12435233160622	0.0
154.0	26.111111111111114	18.88888888888889	24.444444444444443	30.555555555555557	0.0
155.0	36.09467455621302	23.076923076923077	13.017751479289942	27.810650887573964	0.0
156.0	25.624999999999996	28.749999999999996	21.25	24.375	0.0
157.0	28.87323943661972	23.943661971830984	22.535211267605636	24.647887323943664	0.0
158.0	26.153846153846157	20.0	22.30769230769231	31.538461538461537	0.0
159.0	25.423728813559322	22.88135593220339	22.033898305084744	29.66101694915254	0.0
160.0	27.61904761904762	27.61904761904762	20.952380952380953	23.809523809523807	0.0
161.0	26.041666666666668	20.833333333333336	19.791666666666664	33.33333333333333	0.0
162.0	27.27272727272727	18.181818181818183	20.454545454545457	34.090909090909086	0.0
163.0	20.253164556962027	22.78481012658228	25.31645569620253	31.645569620253166	0.0
164.0	24.0	20.0	29.333333333333332	26.666666666666668	0.0
165.0	31.88405797101449	21.73913043478261	14.492753623188406	31.88405797101449	0.0
166.0	25.757575757575758	21.21212121212121	21.21212121212121	31.818181818181817	0.0
167.0	29.6875	17.1875	21.875	31.25	0.0
168.0	29.508196721311474	18.0327868852459	24.59016393442623	27.86885245901639	0.0
169.0	28.57142857142857	25.0	19.642857142857142	26.785714285714285	0.0
170.0	48.07692307692308	13.461538461538462	19.230769230769234	19.230769230769234	0.0
171.0	29.78723404255319	21.27659574468085	19.148936170212767	29.78723404255319	0.0
172.0	24.390243902439025	26.82926829268293	7.317073170731707	41.46341463414634	0.0
173.0	23.684210526315788	28.947368421052634	26.31578947368421	21.052631578947366	0.0
174.0	33.33333333333333	22.22222222222222	30.555555555555557	13.88888888888889	0.0
175.0	31.428571428571427	31.428571428571427	11.428571428571429	25.71428571428571	0.0
176.0	23.333333333333332	16.666666666666664	20.0	40.0	0.0
177.0	34.48275862068966	24.137931034482758	27.586206896551722	13.793103448275861	0.0
178.0	35.714285714285715	17.857142857142858	21.428571428571427	25.0	0.0
179.0	26.923076923076923	11.538461538461538	19.230769230769234	42.30769230769231	0.0
180.0	30.434782608695656	17.391304347826086	13.043478260869565	39.130434782608695	0.0
181.0	36.36363636363637	13.636363636363635	27.27272727272727	22.727272727272727	0.0
182.0	33.33333333333333	23.809523809523807	14.285714285714285	28.57142857142857	0.0
183.0	38.095238095238095	23.809523809523807	23.809523809523807	14.285714285714285	0.0
184.0	42.857142857142854	28.57142857142857	9.523809523809524	19.047619047619047	0.0
185.0	28.57142857142857	4.761904761904762	14.285714285714285	52.38095238095239	0.0
186.0	9.523809523809524	19.047619047619047	38.095238095238095	33.33333333333333	0.0
187.0	22.22222222222222	22.22222222222222	22.22222222222222	33.33333333333333	0.0
188.0	38.88888888888889	16.666666666666664	22.22222222222222	22.22222222222222	0.0
189.0	37.5	18.75	12.5	31.25	0.0
190.0	46.666666666666664	13.333333333333334	0.0	40.0	0.0
191.0	42.857142857142854	14.285714285714285	14.285714285714285	28.57142857142857	0.0
192.0	38.46153846153847	7.6923076923076925	23.076923076923077	30.76923076923077	0.0
193.0	25.0	8.333333333333332	33.33333333333333	33.33333333333333	0.0
194.0	16.666666666666664	41.66666666666667	8.333333333333332	33.33333333333333	0.0
195.0	16.666666666666664	41.66666666666667	16.666666666666664	25.0	0.0
196.0	41.66666666666667	8.333333333333332	25.0	25.0	0.0
197.0	16.666666666666664	41.66666666666667	16.666666666666664	25.0	0.0
198.0	33.33333333333333	8.333333333333332	16.666666666666664	41.66666666666667	0.0
199.0	33.33333333333333	25.0	25.0	16.666666666666664	0.0
200.0	45.45454545454545	18.181818181818183	18.181818181818183	18.181818181818183	0.0
201.0	25.0	12.5	37.5	25.0	0.0
202.0	50.0	0.0	25.0	25.0	0.0
203.0	57.14285714285714	28.57142857142857	14.285714285714285	0.0	0.0
204.0	20.0	60.0	0.0	20.0	0.0
205.0	20.0	60.0	20.0	0.0	0.0
206.0	20.0	20.0	20.0	40.0	0.0
207.0	25.0	25.0	50.0	0.0	0.0
208.0	0.0	50.0	25.0	25.0	0.0
209.0	0.0	50.0	25.0	25.0	0.0
210.0	33.33333333333333	33.33333333333333	0.0	33.33333333333333	0.0
211.0	66.66666666666666	0.0	0.0	33.33333333333333	0.0
212.0	0.0	33.33333333333333	0.0	66.66666666666666	0.0
213.0	0.0	33.33333333333333	0.0	66.66666666666666	0.0
214.0	33.33333333333333	33.33333333333333	33.33333333333333	0.0	0.0
215.0	66.66666666666666	0.0	33.33333333333333	0.0	0.0
216.0	0.0	33.33333333333333	66.66666666666666	0.0	0.0
217.0	33.33333333333333	0.0	33.33333333333333	33.33333333333333	0.0
218.0	50.0	0.0	50.0	0.0	0.0
219.0	0.0	0.0	50.0	50.0	0.0
220.0	0.0	0.0	100.0	0.0	0.0
221.0	0.0	0.0	0.0	100.0	0.0
222.0	0.0	50.0	0.0	50.0	0.0
223.0	0.0	100.0	0.0	0.0	0.0
224.0	50.0	0.0	50.0	0.0	0.0
225.0	100.0	0.0	0.0	0.0	0.0
226.0	0.0	50.0	50.0	0.0	0.0
227.0	50.0	0.0	50.0	0.0	0.0
228.0	50.0	0.0	0.0	50.0	0.0
229.0	0.0	50.0	50.0	0.0	0.0
230.0	0.0	0.0	0.0	100.0	0.0
