#Position (bp)	Coverage	Std
6038.0	19.935652173913045	10.683525755446455
18113.0	8.593126293995859	11.857406766999908
30188.0	20.822691511387163	11.589843486850436
42263.0	17.341946169772257	11.493449390065091
54338.0	21.87254658385093	10.46910865474443
66413.0	21.88770186335404	10.761591083576047
78488.0	22.11296066252588	8.917259418002278
90563.0	21.34120082815735	9.240777395528257
102638.0	15.992298136645962	12.634990358779845
114713.0	19.9320082815735	10.639934151946804
126788.0	19.099958592132506	10.84842681632844
138863.0	21.43006211180124	9.803417665773845
150938.0	21.290186335403728	9.360947024342492
163013.0	21.433788819875776	9.138828045971222
175088.0	22.085714285714285	8.360723516692039
187163.0	17.354202898550724	11.189613640164216
199238.0	21.37664596273292	9.161549861197791
211313.0	22.005797101449275	8.344720997733877
223388.0	21.34633540372671	10.786261486400287
235463.0	20.839254658385094	10.432271954691652
247538.0	16.429068322981365	11.490365033924572
259613.0	20.647370600414078	9.698024387401464
271688.0	20.102028985507246	9.100801957700869
283763.0	21.002898550724638	8.639995590827796
295838.0	20.865424430641824	11.596083439623758
307913.0	16.154202898550725	10.29622536315025
319988.0	20.38616977225673	10.265756459880672
332063.0	22.21407867494824	9.084753910986718
344138.0	19.081573498964804	9.100710958963159
356213.0	21.894658385093166	10.675239825953089
368288.0	21.154202898550725	10.023128533051052
380363.0	21.152215320910972	8.712300625817326
392438.0	22.35014492753623	9.453488626161715
404513.0	15.867246376811595	12.407190862284972
416588.0	19.80919254658385	10.788226847323743
428663.0	21.867080745341614	10.62042253119907
440738.0	20.132587991718427	9.266788804175956
452813.0	22.080579710144928	9.259569500208558
464888.0	21.892422360248446	10.309500332288138
476963.0	21.4	10.354759060291425
489038.0	21.297888198757764	9.749495925813468
501113.0	20.501863354037265	9.868703275903378
513188.0	20.770186335403725	11.433994572504306
525263.0	18.466418219461698	11.060739513799813
537338.0	20.834037267080745	10.605139579809707
549413.0	23.11494824016563	9.01577177987273
561488.0	22.015734989648035	9.237151560091423
573563.0	16.170848861283645	11.965329486932186
585638.0	19.133498964803312	10.729993179083966
597713.0	23.404140786749483	9.385743119915622
609788.0	18.54534161490683	12.503425617562295
621863.0	21.73391304347826	10.292975352875711
633938.0	18.517184265010354	10.612169271452597
646013.0	20.62385093167702	10.426725495325242
658088.0	18.419213250517597	10.146786046859633
670163.0	20.589896480331262	9.462437453811138
682238.0	20.199089026915114	8.872779225255423
694313.0	16.85631469979296	12.873520739560101
706388.0	22.467908902691512	9.706666723545608
718463.0	21.383850931677017	10.004868380161124
730538.0	21.990724637681158	10.608169046428248
742613.0	20.73896480331263	10.418755980944953
754688.0	13.808612836438924	10.335726698051358
766763.0	19.06327122153209	9.043181433255809
778838.0	20.85399585921325	10.032947792541705
790913.0	18.114120082815734	10.681308532519491
802988.0	16.97209109730849	11.75293981108125
815063.0	17.297805383022773	11.064040946706287
827138.0	16.678509316770185	11.645079110715564
839213.0	20.03296066252588	8.741003064612745
851288.0	21.594285714285714	10.63266578899846
863363.0	17.809772256728778	12.00950968946553
875438.0	22.001821946169773	8.588393149734701
887513.0	13.839585921325051	9.322929723726356
899588.0	16.36463768115942	9.971300431645647
911663.0	16.83494824016563	13.111728822402304
923738.0	20.18393374741201	8.311368153301244
935813.0	20.262774327122152	8.889424241987626
947888.0	19.3975983436853	9.461724134769756
959963.0	19.676190476190477	10.037581555248298
972038.0	21.066666666666666	9.375290195646636
984113.0	19.239420289855072	8.764496421103038
996188.0	21.425258799171843	9.947198071939738
1008263.0	20.50144927536232	11.13665910331446
1020338.0	18.59991718426501	11.991853687625799
1032413.0	21.445879917184264	9.502446018329332
1044488.0	15.654989648033126	9.443636875309863
1056563.0	21.52935817805383	9.573855877132665
1068638.0	11.382443064182194	11.52068982291682
1080713.0	7.272463768115942	10.668511745184652
1092788.0	18.142111801242237	9.0025761208442
1104863.0	19.42550724637681	11.936078891162971
1116938.0	19.335238095238097	9.541705339547512
1129013.0	14.207287784679089	10.649285787538952
1141088.0	16.338302277432714	10.934281380903375
1153163.0	20.247453416149067	10.25181496833256
1165238.0	20.43006211180124	9.34479627339753
1177313.0	19.86848861283644	11.564943099846687
1189388.0	22.114865424430644	8.351699843094885
1201463.0	21.908985507246378	10.301186890147935
1213538.0	17.212670807453417	11.539468682487946
1225613.0	15.22335403726708	12.195138698165545
1237688.0	15.484057971014492	11.36123225463177
1249763.0	19.64712215320911	10.813169640820375
1261838.0	22.33399585921325	9.499874685890287
1273913.0	18.438923395445133	12.256401547027886
1285988.0	21.012422360248447	8.512151830087847
1298063.0	20.942111801242238	10.128004755689194
1310138.0	20.625672877846792	11.292497371901838
1322213.0	17.53879917184265	9.989182554941223
1334288.0	19.480662525879918	9.647917850011977
1346363.0	19.577888198757766	9.904232944945473
1358438.0	21.149316770186335	8.847593864111591
1370513.0	21.337888198757764	9.195912315405653
1382588.0	18.396438923395444	10.731451810962694
1394663.0	20.114865424430644	9.268598335987576
1406738.0	20.438260869565216	9.998376679835786
1418813.0	19.20662525879917	10.71507905965506
1430888.0	20.51055900621118	9.86716746532762
1442963.0	21.349482401656314	9.067006143930792
1455038.0	22.62542443064182	9.811895429806917
1467113.0	18.840828157349897	10.775472493279176
1479188.0	20.791221532091097	10.009084900144583
1491263.0	19.925051759834368	10.715898291346189
1503338.0	17.412339544513458	11.870076510120214
1515413.0	22.17250517598344	8.79271296257509
1527488.0	21.335983436853002	9.048660722425458
1539563.0	20.288861283643893	10.223518536342564
1551638.0	20.85871635610766	10.39394631902704
1563713.0	19.99685300207039	10.696707180878494
1575788.0	21.029648033126293	8.207545889229591
1587863.0	20.58418219461698	10.57341092711053
1599938.0	20.6279917184265	9.865849666806865
1612013.0	21.796521739130434	9.918145321846158
1624088.0	14.804389233954451	12.425719669973654
1636163.0	19.59304347826087	9.855170685176104
1648238.0	18.474451345755693	9.435012543591164
1660313.0	8.124140786749482	10.920753506185237
1672388.0	14.168198757763975	10.512628706410236
1684463.0	21.10086956521739	8.71520410596881
1696538.0	15.180289855072465	10.880830104735388
1708613.0	19.359751552795032	9.56534029659416
1720688.0	18.387246376811593	9.52255250503667
1732763.0	17.1663768115942	12.246894227495464
1744838.0	20.6216149068323	9.594093248389822
1756913.0	20.830393374741202	10.32414204196608
1768988.0	21.888033126293998	10.826713377904106
1781063.0	17.170186335403727	10.310901987360788
1793138.0	20.616645962732917	9.921059016470045
1805213.0	17.573167701863355	11.051990817730383
1817288.0	18.96687370600414	12.939560089930067
1829363.0	17.95320910973085	11.67571137125463
1841438.0	15.081407867494825	11.715594533761534
1853513.0	21.255320910973087	8.747419613604938
1865588.0	21.031387163561078	8.700919729591046
1877663.0	18.974989648033127	10.261213630754572
1889738.0	19.436521739130434	9.897248504019213
1901813.0	17.255320910973087	10.891104125309012
1913888.0	21.287536231884058	9.35567718832656
1925963.0	15.015652173913043	9.830505611600561
1938038.0	19.098136645962732	8.764590910603173
1950113.0	19.611097308488613	9.745141593588523
1962188.0	19.069399585921325	8.85657515044304
1974263.0	14.512049689440994	11.967692880327721
1986338.0	18.045714285714286	9.042274764640512
1998413.0	16.25151138716356	11.034149888782368
2010488.0	21.619296066252588	10.151363767268107
2022563.0	20.959668737060042	10.742732147636335
2034638.0	18.568115942028985	10.508161079625793
2046713.0	20.797101449275363	10.849545124086351
2058788.0	20.944927536231884	10.562333953758735
2070863.0	22.965879917184264	10.592430595539676
2082938.0	19.542028985507248	10.029789996335936
2095013.0	20.374658385093166	9.28540340298189
2107088.0	18.563395445134574	9.431123313610195
2119163.0	19.38815734989648	10.101624410706906
2131238.0	17.29159420289855	11.540021278026678
2143313.0	21.966293995859214	11.43021313260294
2155388.0	24.20737060041408	8.691363124427754
2167463.0	22.290848861283642	9.523413449320996
2179538.0	20.846211180124225	10.219479633286388
2191613.0	20.248861283643894	9.794421025758167
2203688.0	19.874120082815736	10.333294596868553
2215763.0	20.22360248447205	8.906972633318418
2227838.0	21.19950310559006	9.120295661910449
2239913.0	15.782194616977225	11.454379762125475
2251988.0	18.250351966873705	10.057169913383518
2264063.0	16.955362318840578	10.613339783803195
2276138.0	20.679420289855074	9.989605363622278
2288213.0	20.76198757763975	11.028827274733278
2300288.0	16.05233954451346	12.075538643902087
2312363.0	18.712463768115942	10.228523427718548
2324438.0	20.03768115942029	9.319522464418618
2336513.0	21.408695652173915	9.696619547131977
2348588.0	19.805631469979296	10.567382136432434
2360663.0	17.535983436853	11.752259815288529
2372738.0	19.701946169772256	11.705598455298531
2384813.0	21.554037267080744	10.517023565585895
2396888.0	19.67254658385093	9.836325123005329
2408963.0	17.260372670807453	10.464254446352708
2421038.0	20.528530020703933	9.337224861592551
2433113.0	21.302111801242237	9.875246675117028
2445188.0	13.004472049689442	10.41886328806175
2457263.0	18.081159420289854	10.434093662556716
2469338.0	15.919585921325051	11.19401644365358
2481413.0	21.061614906832297	9.043341693506184
2493488.0	19.5127950310559	9.927697207441922
2505563.0	20.26575569358178	9.007142323536304
2517638.0	20.895983436853	10.196833024361439
2529713.0	21.293498964803312	9.469375286838165
2541788.0	20.51494824016563	10.05609113642569
2553863.0	9.75544513457557	11.809775927316155
2565938.0	14.954699792960662	12.268213738070484
2578013.0	20.45623188405797	10.021397397424245
2590088.0	20.766128364389235	10.146051460959933
2602163.0	18.568530020703935	11.044911140964478
2614238.0	21.88737060041408	10.77807758933564
2626313.0	19.756521739130434	10.347366414620994
2638388.0	20.34790890269151	10.817882595542056
2650463.0	19.728198757763977	11.066761455354989
2662538.0	17.179461697722566	11.094694981331324
2674613.0	19.708737060041408	10.123281491559439
2686688.0	19.28256728778468	10.286359538076814
2698763.0	18.213333333333335	11.398913899808091
2710838.0	20.697722567287784	10.030553737534806
2722913.0	20.28728778467909	9.734781082947848
2734988.0	21.205383022774328	9.401361074978015
2747063.0	16.686376811594204	11.058635365589568
2759138.0	19.377888198757763	9.161798443790264
2771213.0	20.707329192546585	10.423563844953108
2783288.0	17.67296066252588	10.373233592052166
2795363.0	18.81846790890269	10.712988189204214
2807438.0	20.495486542443064	10.07969075078546
2819513.0	18.841325051759835	11.043913850003268
2831588.0	17.88977225672878	12.794651444649134
2843663.0	19.832795031055902	10.554196127636681
2855738.0	20.763892339544512	10.279405127353273
2867813.0	21.63734989648033	9.639918730274335
2879888.0	20.161987577639753	9.18245243451962
2891963.0	18.79262939958592	11.581151245977
2904038.0	22.36438923395445	9.444377866854197
2916113.0	18.892339544513458	10.604553887222128
2928188.0	21.42848861283644	9.304265590472673
2940263.0	20.890766045548656	10.27887338647763
2952338.0	20.725797101449274	11.362088718251053
2964413.0	18.029399585921325	10.9545947893078
2976488.0	18.304430641821945	10.671977197712176
2988563.0	18.862443064182195	11.794222539031855
3000638.0	19.388985507246378	9.436807369726974
3012713.0	21.46327122153209	9.20159316478328
3024788.0	21.146252587991718	8.501550217910877
3036863.0	20.55776397515528	10.412538229507366
3048938.0	18.312629399585923	11.61659767810295
3061013.0	18.88952380952381	10.890206818736981
3073088.0	21.72662525879917	10.017764758969214
3085163.0	21.93631469979296	10.893571337276464
3097238.0	19.851511387163562	11.719223824099338
3109313.0	20.723395445134575	9.915209890040707
3121388.0	15.084223602484473	10.183622625188775
3133463.0	19.042567287784678	10.243462794421813
3145538.0	19.362567287784678	12.405775720265627
3157613.0	19.875113871635612	10.896368608912036
3169688.0	22.263188405797102	8.981038226121058
3181763.0	21.729855072463767	10.257375269142115
3193838.0	17.952049689440994	11.924844014154012
3205913.0	17.622857142857143	11.611955715035702
3217988.0	19.68173913043478	10.594885285027798
3230063.0	23.669813664596273	11.652195698505638
3242138.0	20.882898550724637	11.626606169234973
3254213.0	19.513540372670807	10.24670830344558
3266288.0	20.05879917184265	9.628593545507893
3278363.0	16.180124223602483	11.644855091563814
3290438.0	18.16968944099379	10.768437893138683
3302513.0	19.647701863354037	9.987611373715989
3314588.0	18.34153209109731	9.662417856860657
3326663.0	20.840993788819876	10.52821114024907
3338738.0	19.690683229813665	11.156292266826696
3350813.0	18.695320910973084	11.058369510551005
3362888.0	18.801490683229815	10.614408738966425
3374963.0	19.90815734989648	10.43254979562021
3387038.0	21.113788819875776	9.508244216180724
3399113.0	19.49904761904762	9.688754660621045
3411188.0	20.688033126293995	9.43118478118267
3423263.0	17.572587991718425	10.773762316449428
3435338.0	22.191387163561078	9.05756149798913
3447413.0	19.17209109730849	9.515340126478259
3459488.0	14.507826086956522	9.647789092249583
3471563.0	17.60033126293996	9.81789046001666
3483638.0	17.95213250517598	12.306947321775306
3495713.0	20.475776397515528	9.382685255762107
3507788.0	20.73929606625259	10.42681286400764
3519863.0	21.627743271221533	9.76153349796455
3531938.0	20.476438923395445	9.396351875671142
3544013.0	18.637432712215322	12.1341500874056
3556088.0	19.522898550724637	10.31787530088621
3568163.0	21.450600414078675	9.283735415834593
3580238.0	16.17457556935818	11.542087894339677
3592313.0	18.324223602484473	10.10709526724671
3604388.0	20.240496894409937	8.835524943951924
3616463.0	18.987163561076606	10.43762504419214
3628538.0	17.83718426501035	12.788682237617024
3640613.0	21.754202898550723	10.157378576410029
3652688.0	11.714948240165631	13.505493093008498
3664763.0	16.132753623188407	11.744086217182014
3676838.0	17.88215320910973	12.539322827697902
3688913.0	22.40679089026915	9.394981260111527
3700988.0	21.07544513457557	8.555806329398166
3713063.0	19.58848861283644	10.444232263677392
3725138.0	20.25465838509317	9.436605523678724
3737213.0	19.733333333333334	10.070048655154764
3749288.0	23.337805383022776	9.368503684348099
3761363.0	21.758509316770187	11.21299527066513
3773438.0	21.573830227743272	9.92951557242878
3785513.0	21.104099378881987	8.171393823493858
3797588.0	22.007784679089028	8.790584083553307
3809663.0	21.21664596273292	8.547390724587109
3821738.0	20.03486542443064	9.958597521552585
3833813.0	16.256645962732918	11.780761240417645
3845888.0	21.881739130434784	10.442396463089283
3857963.0	20.596190476190475	9.93109177537554
3870038.0	22.749979296066254	9.909745919154263
3882113.0	20.893250517598343	10.217891181992462
3894188.0	22.18997929606625	9.187370934009849
3906263.0	19.834451345755692	12.260100411978739
3918338.0	21.456977225672876	9.518498933454257
3930413.0	20.050269151138718	9.033950228376202
3942488.0	20.259047619047617	10.530342631748931
3954563.0	17.593457556935817	12.233369156163526
3966638.0	22.120993788819877	9.074506414492564
3978713.0	20.177888198757763	9.995966060072437
3990788.0	21.596853002070393	9.674863377146968
4002863.0	18.259792960662526	11.90919404038373
4014938.0	19.410351966873705	11.516695954755676
4027013.0	17.6824016563147	11.250095007650353
4039088.0	21.408281573498964	9.920875370447007
4051163.0	21.48894409937888	9.912967018701899
4063238.0	19.27312629399586	10.489951812421024
4075313.0	19.687867494824015	10.920965837507989
4087388.0	21.62600414078675	9.617496133820794
4099463.0	15.592629399585922	11.567012423159037
4111538.0	18.896811594202898	10.517637754445976
4123613.0	20.754368530020702	10.130641464405462
4135688.0	15.874699792960662	13.131628563779135
4147763.0	21.751221532091098	10.51394420635411
4159838.0	21.267163561076604	9.251149556457403
4171913.0	16.069151138716357	11.910164074502648
4183988.0	17.67503105590062	13.74407608132291
4196063.0	22.44496894409938	11.173356359641648
4208138.0	18.59511387163561	12.622173135335496
4220213.0	9.829233954451345	11.773145566149225
4232288.0	16.709648033126292	11.894776764854155
4244363.0	20.079668737060043	9.196925402165773
4256438.0	22.050351966873706	8.149193713371515
4268513.0	19.866997929606626	10.749733493735341
4280588.0	19.780786749482402	11.284651259000745
4292663.0	21.356935817805383	10.092708968712122
4304738.0	21.822277432712216	10.524450483090055
4316813.0	22.742608695652173	10.785489830799026
4328888.0	19.186418219461697	10.339676140552537
4340963.0	21.871966873706004	10.669540244402056
4353038.0	16.655652173913044	11.113161577537113
4365113.0	18.064679089026914	10.550491829615854
4377188.0	21.648447204968946	9.89588868351089
4389263.0	10.862194616977225	12.773614108438705
4401338.0	20.5903933747412	9.995700939257874
4413413.0	18.21142857142857	11.265914439465174
4425488.0	20.71710144927536	9.990931706107677
4437563.0	20.72024844720497	11.871381109247306
4449638.0	19.26086956521739	9.43796131967257
4461713.0	22.5248033126294	9.364020831264975
4473788.0	20.393374741200827	11.08184122648146
4485863.0	18.996604554865424	10.660357865178101
4497938.0	20.053002070393376	8.350291647626092
4510013.0	21.47809523809524	9.883868112297108
4522088.0	16.151138716356108	11.1844760796375
4534163.0	19.304844720496895	8.879105209240972
4546238.0	18.99080745341615	10.777432137492719
4558313.0	17.885217391304348	10.90510545807604
4570388.0	19.56248447204969	11.797329241216966
4582463.0	22.373250517598343	10.536027121017867
4594538.0	21.45664596273292	9.799150679383752
4606613.0	17.140289855072464	11.12156802624157
4618688.0	22.073623188405797	8.795556943489697
4630763.0	18.546666666666667	10.030078986331548
4642838.0	21.328198757763975	9.274346282342668
4651302.0	20.042447970327633	8.725547210295844
4657339.5	25.588479645527556	21.118728473300536
4666988.0	26.68745341614907	18.4297805628337
4679063.0	38.51503105590062	13.385279761204632
4691138.0	36.445879917184264	13.499927152629162
4703213.0	33.12919254658385	15.523459839321347
4715288.0	33.72265010351967	19.046192079053895
4722679.5	30.598227474150665	19.21928960855752
4728717.0	12.427991886409737	9.37796321626502
4739438.0	16.74550724637681	8.309076082309929
4751513.0	16.925962732919256	8.686988437654444
4763588.0	14.495155279503106	8.737136655439116
4775663.0	15.643561076604556	8.729417673548143
4787738.0	0.0	0.0
4799813.0	0.5725051759834369	2.708991240364699
4811888.0	13.767950310559007	8.098896993120482
4819084.5	16.01337359792925	6.625440548948013
4825049.5	20.555347482313774	15.333842199665574
