#Position (bp)	Coverage	Std
6038.0	19.04438923395445	3.895923441457458
18113.0	8.617722567287785	10.206939546545394
30188.0	18.47337474120083	6.539701970530006
42263.0	16.428985507246377	8.363085604497742
54338.0	20.0	0.0
66413.0	20.0	0.0
78488.0	20.0	0.0
90563.0	20.0	0.0
102638.0	14.497142857142856	9.263284903584093
114713.0	19.98815734989648	6.172429180442463
126788.0	17.266997929606624	7.327002725814926
138863.0	20.0	0.0
150938.0	20.0	6.2423452088140845
163013.0	20.0	0.0
175088.0	19.865921325051758	5.703059365670711
187163.0	16.34169772256729	8.19382184063747
199238.0	20.0	0.0
211313.0	20.0	0.0
223388.0	18.46873706004141	6.533684023207264
235463.0	20.0	0.0
247538.0	16.40496894409938	8.329995190621444
259613.0	19.999585921325053	6.235834464606904
271688.0	20.0	0.0
283763.0	20.0	6.2423452088140845
295838.0	18.44927536231884	6.500396547865609
307913.0	17.411097308488614	7.492859264565973
319988.0	19.759254658385093	6.638329007233791
332063.0	19.69109730848861	5.494216797639287
344138.0	20.0	6.2423452088140845
356213.0	20.0	0.0
368288.0	18.450931677018634	6.502714833593682
380363.0	19.101532091097308	3.633431153354882
392438.0	20.0	0.0
404513.0	16.40662525879917	8.33436846573076
416588.0	20.0	0.0
428663.0	20.0	6.242391642323402
440738.0	20.0	0.0
452813.0	19.768778467908902	5.614658425403492
464888.0	20.0	0.0
476963.0	19.856728778467907	5.7551992876511004
489038.0	19.999917184265012	6.2423452088140845
501113.0	20.0	0.0
513188.0	18.47287784679089	6.541727822108677
525263.0	18.47784679089027	6.551974083376241
537338.0	20.0	0.0
549413.0	20.0	0.0
561488.0	20.0	0.0
573563.0	14.847536231884058	9.776313962828372
585638.0	18.455900621118012	6.475582421826113
597713.0	20.0	0.0
609788.0	16.21614906832298	8.101989633716196
621863.0	19.982277432712216	6.194186815923381
633938.0	18.198674948240164	5.912256980941852
646013.0	19.999917184265012	6.242093135165042
658088.0	17.999171842650103	8.099817240992177
670163.0	20.0	0.0
682238.0	19.65383022774327	5.421260195913975
694313.0	15.879751552795032	9.338927634272475
706388.0	20.0	0.0
718463.0	19.47544513457557	4.886479423820412
730538.0	20.0	0.0
742613.0	20.0	0.0
754688.0	17.29846790890269	7.367923316366643
766763.0	19.744265010351967	5.571005982805575
778838.0	19.730683229813664	5.520111920130428
790913.0	17.746749482401658	7.843648113919291
802988.0	0.0	0.0
815063.0	15.129523809523809	8.396982599135617
827138.0	18.356853002070395	6.283054208451125
839213.0	19.992298136645964	6.186835686989383
851288.0	18.825175983436853	6.866318912177522
863363.0	17.074120082815735	6.979799305401648
875438.0	20.0	0.0
887513.0	19.999751552795033	6.2389214441880485
899588.0	20.0	6.2423452088140845
911663.0	15.316770186335404	8.868746156311678
923738.0	20.0	6.2423452088140845
935813.0	19.599503105590063	5.288410704992486
947888.0	20.000828157349897	0.18516401995451381
959963.0	19.875610766045547	5.89082874933886
972038.0	19.670062111801244	5.4526381633076095
984113.0	20.0	0.0
996188.0	19.945424430641822	6.036863979590273
1008263.0	18.4944099378882	6.674881067635642
1020338.0	16.62335403726708	8.556672598781194
1032413.0	20.0	0.0
1044488.0	19.999917184265012	6.242093135165042
1056563.0	20.0	0.0
1068638.0	11.922567287784679	10.104005724316403
1080713.0	9.266666666666667	8.366224118689434
1092788.0	19.697142857142858	5.563411974232273
1104863.0	17.21159420289855	7.228692541477557
1116938.0	19.993374741200828	6.190000618776664
1129013.0	19.213084886128364	4.030268500012703
1141088.0	17.836853002070395	8.147272784817492
1153163.0	18.551552795031057	6.757190786798355
1165238.0	20.0	0.0
1177313.0	18.127867494824017	5.7622746831272735
1189388.0	19.999917184265012	6.242093135165042
1201463.0	19.992795031055902	6.189826689928059
1213538.0	15.893167701863353	9.567218875861133
1225613.0	14.67991718426501	9.809067508332419
1237688.0	16.41656314699793	8.308632543397309
1249763.0	18.473706004140787	6.541664523743235
1261838.0	20.0	0.0
1273913.0	16.373167701863355	8.208312708195757
1285988.0	19.659958592132504	5.414305107117686
1298063.0	19.94120082815735	6.062114643789853
1310138.0	9.681987577639752	10.54932219423428
1322213.0	10.4472049689441	10.373880243397252
1334288.0	19.674037267080745	5.455249907455664
1346363.0	19.88753623188406	5.879486745391469
1358438.0	20.0	0.0
1370513.0	20.0	0.0
1382588.0	18.478757763975157	6.552549169683356
1394663.0	19.848778467908904	5.767625789384812
1406738.0	20.0	0.0
1418813.0	18.347412008281573	6.206348182625201
1430888.0	19.972422360248448	6.126817134431037
1442963.0	19.852587991718426	5.837446050929768
1455038.0	19.99734989648033	6.217406940865539
1467113.0	20.0	0.0
1479188.0	19.84679089026915	5.822687120239849
1491263.0	20.0	0.0
1503338.0	16.381780538302277	8.301283295239724
1515413.0	19.651842650103518	5.41704235040552
1527488.0	20.0	0.0
1539563.0	18.463768115942027	6.525313030416822
1551638.0	19.66583850931677	5.44363932583073
1563713.0	20.00016563146998	0.08240685814387208
1575788.0	19.86409937888199	5.818553888912438
1587863.0	18.483809523809523	6.577570268862352
1599938.0	19.358592132505176	4.7964790398921
1612013.0	19.961490683229815	6.124032014607861
1624088.0	13.342443064182195	9.476111405560848
1636163.0	19.662194616977224	5.39314801842618
1648238.0	19.999917184265012	6.242093135165042
1660313.0	5.898136645962733	8.950126362502482
1672388.0	15.489855072463769	8.839329579329435
1684463.0	19.99983436853002	6.241847685251532
1696538.0	17.667080745341615	7.853392667982132
1708613.0	19.993871635610766	6.193959523242734
1720688.0	19.373084886128364	5.013480791629018
1732763.0	15.699378881987577	9.240459239481648
1744838.0	20.0	0.0
1756913.0	19.643892339544514	5.400138024461025
1768988.0	19.99983436853002	6.2418543191598825
1781063.0	17.46832298136646	7.552674926853707
1793138.0	20.0	0.0
1805213.0	17.411180124223602	7.4179514787296075
1817288.0	15.937474120082816	9.387432680959396
1829363.0	17.228737060041407	7.085973080160102
1841438.0	14.201573498964803	9.149614480106557
1853513.0	20.0	0.0
1865588.0	20.0	0.0
1877663.0	19.966128364389235	6.138444175392486
1889738.0	20.0	0.0
1901813.0	17.067494824016563	6.850156033344016
1913888.0	20.000414078674947	0.13093073414159792
1925963.0	14.645383022774327	9.124267462584516
1938038.0	19.98873706004141	6.171362433508041
1950113.0	19.949151138716356	6.055416957911442
1962188.0	20.0	0.0
1974263.0	13.896066252587993	10.177269358438094
1986338.0	19.980372670807455	6.147759611449169
1998413.0	16.39527950310559	8.328180601578305
2010488.0	20.0	0.0
2022563.0	20.0	0.0
2034638.0	18.47784679089027	6.550836401325852
2046713.0	18.775983436853004	6.988307300297795
2058788.0	20.0	0.0
2070863.0	20.0	0.0
2082938.0	19.839171842650103	5.7745282044022295
2095013.0	19.634699792960664	5.380703195095043
2107088.0	20.0	0.0
2119163.0	19.845714285714287	5.794421533766167
2131238.0	16.810351966873707	8.869222377980051
2143313.0	18.069565217391304	5.037745724783819
2155388.0	18.672463768115943	6.425557149313128
2167463.0	20.0	0.0
2179538.0	19.999751552795033	6.238954629216697
2191613.0	20.0	0.0
2203688.0	20.0	0.0
2215763.0	20.0	0.0
2227838.0	19.99751552795031	6.221215288730735
2239913.0	16.316438923395445	8.064250275454997
2251988.0	18.525879917184266	6.723710402262945
2264063.0	18.952380952380953	7.328777052475134
2276138.0	20.0	0.0
2288213.0	18.935817805383024	7.306141946672506
2300288.0	14.391304347826088	9.218138568873233
2312363.0	19.20662525879917	4.5176900966670805
2324438.0	19.961159420289857	6.138039422349007
2336513.0	19.064927536231885	4.261221940049618
2348588.0	19.999171842650103	6.229981605707468
2360663.0	16.41656314699793	8.34598625343003
2372738.0	17.46335403726708	7.5879112748850694
2384813.0	18.867329192546585	7.209569210345216
2396888.0	19.582525879917185	5.404867065129207
2408963.0	17.47320910973085	7.600572060850019
2421038.0	20.0	0.0
2433113.0	19.972008281573498	6.129533434464942
2445188.0	15.195610766045549	8.452551772688487
2457263.0	18.29896480331263	6.376522673673127
2469338.0	17.52521739130435	7.730780616735893
2481413.0	19.928447204968943	6.024635415032016
2493488.0	19.99983436853002	6.242093135165042
2505563.0	20.0	0.0
2517638.0	19.880745341614908	5.894117501205115
2529713.0	19.99983436853002	6.239186919475093
2541788.0	20.0	6.2423452088140845
2553863.0	10.299710144927536	10.165166029833388
2565938.0	14.459378881987577	9.435692774600389
2578013.0	20.001987577639753	0.2863347300621763
2590088.0	20.0	0.0
2602163.0	16.393623188405797	7.909823019956852
2614238.0	19.90757763975155	5.963567790069085
2626313.0	20.0	0.0
2638388.0	18.476853002070392	6.549268604558711
2650463.0	18.48414078674948	6.540132516496383
2662538.0	14.626501035196688	9.613245692981282
2674613.0	12.226335403726708	9.819079749251108
2686688.0	18.165631469979296	5.9513556052695
2698763.0	16.749979296066254	8.923470344062698
2710838.0	20.0	0.0
2722913.0	19.99983436853002	6.241867586955436
2734988.0	20.0	0.0
2747063.0	17.469151138716356	7.5966920991219125
2759138.0	20.00016563146998	6.2428891225355985
2771213.0	19.015403726708076	3.772099821060068
2783288.0	18.79006211180124	6.772823540913795
2795363.0	18.42335403726708	6.244421112565671
2807438.0	19.725631469979295	5.4587783312354095
2819513.0	20.0	0.0
2831588.0	16.4	8.323132472902897
2843663.0	20.0	0.0
2855738.0	19.21407867494824	4.226163211063013
2867813.0	20.0	6.239691291402829
2879888.0	19.56687370600414	5.382472897540091
2891963.0	17.189399585921326	6.731619403454168
2904038.0	19.97184265010352	6.11945274214566
2916113.0	19.99585921325052	6.205073727087548
2928188.0	20.0	0.0
2940263.0	19.821946169772257	5.811026856442325
2952338.0	18.395693581780538	6.344819050096535
2964413.0	17.208281573498965	7.338516895650189
2976488.0	18.513540372670807	6.455286565109339
2988563.0	17.62824016563147	7.6459328963228845
3000638.0	20.0	0.0
3012713.0	19.73416149068323	5.577825069431271
3024788.0	19.94592132505176	6.076844010363767
3036863.0	19.999585921325053	6.23891480716114
3048938.0	16.401656314699792	8.326017492642247
3061013.0	18.830890269151137	6.766211266789733
3073088.0	20.0	0.0
3085163.0	19.466501035196686	4.894235422685634
3097238.0	18.08695652173913	5.800192757559415
3109313.0	19.99478260869565	6.193712165848097
3121388.0	17.466832298136644	7.591970259580859
3133463.0	17.466666666666665	7.59293013215046
3145538.0	16.42376811594203	8.353692728046498
3157613.0	18.474534161490684	6.541981009445865
3169688.0	20.0	0.0
3181763.0	20.0	0.0
3193838.0	17.399585921325052	7.417594214686284
3205913.0	18.468985507246376	6.512920746175464
3217988.0	19.942608695652172	6.066088749121242
3230063.0	19.01457556935818	3.729197650148308
3242138.0	18.382691511387165	6.261691342433682
3254213.0	18.467908902691512	6.430942281931968
3266288.0	19.657971014492755	5.553615948507751
3278363.0	14.829979296066252	9.72164135107885
3290438.0	17.52033126293996	7.70933128227577
3302513.0	19.906832298136646	5.953859857686352
3314588.0	19.773498964803313	5.654496735637342
3326663.0	19.87271221532091	5.846497420772314
3338738.0	17.808198757763975	7.8616663056536105
3350813.0	18.467080745341615	6.53152888420601
3362888.0	20.0	0.0
3374963.0	20.035942028985506	1.2150880311300285
3387038.0	19.999006211180124	6.227801156618347
3399113.0	20.0	0.0
3411188.0	20.0	6.2423452088140845
3423263.0	16.949813664596274	8.810543279381061
3435338.0	20.0	0.0
3447413.0	19.454244306418218	5.04173061746139
3459488.0	20.000082815734988	0.05827044820980982
3471563.0	19.999171842650103	6.2371557461107425
3483638.0	16.385010351966873	8.301821995634752
3495713.0	20.0	0.0
3507788.0	19.65888198757764	5.429609794992628
3519863.0	20.0	6.2423452088140845
3531938.0	20.0	0.0
3544013.0	16.916770186335405	8.775601410970282
3556088.0	18.488695652173913	6.6254293973894995
3568163.0	19.999089026915115	6.242152837738711
3580238.0	15.855983436853002	9.35953140693218
3592313.0	20.0	0.0
3604388.0	19.9807867494824	6.182041713831506
3616463.0	20.0	0.0
3628538.0	16.420538302277432	8.351372607580256
3640613.0	20.0	0.0
3652688.0	10.19296066252588	10.059203628506163
3664763.0	14.584679089026915	9.500851002529021
3676838.0	16.286625258799173	7.795231328830419
3688913.0	20.0	0.0
3700988.0	19.999171842650103	6.229742325409117
3713063.0	18.478674948240165	6.551531674943246
3725138.0	20.0	0.0
3737213.0	20.0	0.0
3749288.0	19.860041407867495	5.827812234890084
3761363.0	19.893830227743273	5.87788077470582
3773438.0	19.946749482401657	6.007090358532106
3785513.0	20.0	0.0
3797588.0	19.999917184265012	6.244752662660497
3809663.0	20.0	6.2423452088140845
3821738.0	18.450269151138716	6.48743968804367
3833813.0	15.452587991718426	9.021965374199267
3845888.0	19.843312629399588	5.87804984491422
3857963.0	19.1248033126294	4.17129101562814
3870038.0	20.082815734989648	1.904032986822145
3882113.0	19.99966873706004	6.243963544523754
3894188.0	19.347412008281573	4.821836114974124
3906263.0	17.142608695652175	7.023156021112904
3918338.0	20.0	0.0
3930413.0	20.0	0.0
3942488.0	18.48033126293996	6.55178448342009
3954563.0	15.763975155279503	9.215096983882493
3966638.0	19.998509316770186	6.217926398378497
3978713.0	18.462028985507246	6.519993141024475
3990788.0	20.0	0.0
4002863.0	15.976811594202898	9.583737951670736
4014938.0	16.92687370600414	8.738387739729513
4027013.0	16.1407867494824	7.511481894303361
4039088.0	19.965217391304346	6.135563101751084
4051163.0	20.0	0.0
4063238.0	18.479503105590062	6.5507099800125514
4075313.0	19.586915113871637	5.125513659054198
4087388.0	20.0	6.2423452088140845
4099463.0	17.455900621118012	7.21487421497341
4111538.0	20.000082815734988	0.05827044820980982
4123613.0	19.961159420289857	6.119994045924652
4135688.0	14.451428571428572	9.505630890874121
4147763.0	19.928364389233955	6.023487499473596
4159838.0	20.000414078674947	0.13093073414159792
4171913.0	14.711387163561076	9.7029589305676
4183988.0	15.064182194616977	8.65877168668589
4196063.0	18.471221532091096	6.53995523629586
4208138.0	16.4	8.322037893436494
4220213.0	10.139544513457556	9.947252187763038
4232288.0	15.868737060041408	9.460170401032062
4244363.0	19.12712215320911	4.492598007055839
4256438.0	20.0	0.0
4268513.0	19.51304347826087	4.912981915735883
4280588.0	18.43991718426501	6.413443437715693
4292663.0	19.94608695652174	6.0736746545665286
4304738.0	20.0	0.0
4316813.0	20.0	6.2423452088140845
4328888.0	18.476190476190474	6.548307511329926
4340963.0	19.999917184265012	6.242093135165042
4353038.0	17.47743271221532	7.6070415238344555
4365113.0	17.901780538302276	7.939142226718592
4377188.0	20.0	0.0
4389263.0	10.294658385093168	10.15611474268909
4401338.0	20.0	0.0
4413413.0	16.94327122153209	8.951074747226434
4425488.0	19.59229813664596	5.167504774072506
4437563.0	19.608281573498964	6.278590919445811
4449638.0	20.0	0.0
4461713.0	20.0	0.0
4473788.0	18.403892339544512	6.275173733293983
4485863.0	19.998674948240165	6.2250878248022365
4497938.0	20.0	0.0
4510013.0	20.0	0.0
4522088.0	16.424016563147	8.356250062909297
4534163.0	20.0	0.0
4546238.0	20.0	0.0
4558313.0	19.20662525879917	4.671529557414479
4570388.0	17.63031055900621	7.888188617720616
4582463.0	20.0	0.0
4594538.0	19.95072463768116	6.055348575995571
4606613.0	17.12496894409938	7.130740032854168
4618688.0	20.0	6.2423452088140845
4630763.0	20.0	0.0
4642838.0	20.0	0.0
4651302.0	19.888316505254483	5.93537905279091
4657339.5	14.07449459983384	8.949007825952325
4666988.0	18.053002070393376	5.4645251574759355
4679063.0	20.0	0.0
4691138.0	20.0	0.0
4703213.0	18.480745341614906	6.205854445568791
4715288.0	16.97623188405797	8.610562149958751
4722679.5	16.324224519940916	7.8244211115690145
4728717.0	15.599444859613538	9.233082539104068
4739438.0	20.0	0.0
4751513.0	19.674451345755692	5.412308646606213
4763588.0	18.47304347826087	6.538448160521431
4775663.0	18.646459627329193	6.549711165853627
4787738.0	16.403643892339545	8.090748237297802
4799813.0	17.460455486542443	7.582042640371661
4811888.0	20.0	6.2423452088140845
4819084.5	19.732528041415012	5.486354553004842
4825049.5	15.504993757802746	9.035896186422347
