#Position (bp)	mapping quality
6038.0	59.99712994812164
18113.0	60.0
30188.0	59.99515838361741
42263.0	60.0
54338.0	60.0
66413.0	60.0
78488.0	60.0
90563.0	60.0
102638.0	60.0
114713.0	59.9463036083478
126788.0	60.0
138863.0	60.0
150938.0	59.99503105590062
163013.0	60.0
175088.0	59.789895823345745
187163.0	59.967160941791754
199238.0	60.0
211313.0	60.0
223388.0	60.0
235463.0	60.0
247538.0	60.0
259613.0	59.98658357315887
271688.0	60.0
283763.0	59.99503105590062
295838.0	60.0
307913.0	59.630201817931024
319988.0	59.9568973104827
332063.0	60.0
344138.0	59.99503105590062
356213.0	60.0
368288.0	60.0
380363.0	59.95735982068146
392438.0	60.0
404513.0	60.0
416588.0	60.0
428663.0	59.99527950310559
440738.0	60.0
452813.0	60.0
464888.0	60.0
476963.0	59.90966342745131
489038.0	59.99527948355894
501113.0	60.0
513188.0	60.0
525263.0	60.0
537338.0	60.0
549413.0	60.0
561488.0	60.0
573563.0	60.0
585638.0	60.0
597713.0	60.0
609788.0	60.0
621863.0	60.0
633938.0	59.98566091313271
646013.0	59.99527948355894
658088.0	60.0
670163.0	60.0
682238.0	59.99494353615372
694313.0	59.77371341552454
706388.0	60.0
718463.0	59.87855387258362
730538.0	60.0
742613.0	60.0
754688.0	59.99454229482141
766763.0	60.0
778838.0	60.0
790913.0	59.46390905866761
802988.0	0.0
815063.0	60.0
827138.0	59.640709377918334
839213.0	59.937367184878646
851288.0	59.90180983133463
863363.0	60.0
875438.0	60.0
887513.0	59.99031043863899
899588.0	59.99503105590062
911663.0	60.0
923738.0	59.99503105590062
935813.0	60.0
947888.0	60.0
959963.0	59.94166618055151
972038.0	59.994947708785936
984113.0	60.0
996188.0	59.916293322150295
1008263.0	60.0
1020338.0	60.0
1032413.0	60.0
1044488.0	59.99527948355894
1056563.0	60.0
1068638.0	59.887125342965305
1080713.0	55.63879529916439
1092788.0	59.9380557762894
1104863.0	59.982678150411395
1116938.0	59.9403529119377
1129013.0	58.579944654695296
1141088.0	60.0
1153163.0	60.0
1165238.0	60.0
1177313.0	60.0
1189388.0	59.99527948355894
1201463.0	59.944079233512696
1213538.0	60.0
1225613.0	59.986460566399636
1237688.0	59.923724965948644
1249763.0	60.0
1261838.0	60.0
1273913.0	59.99453734332797
1285988.0	59.917605331221516
1298063.0	60.0
1310138.0	60.0
1322213.0	60.0
1334288.0	60.0
1346363.0	59.9520283832066
1358438.0	60.0
1370513.0	60.0
1382588.0	60.0
1394663.0	60.0
1406738.0	60.0
1418813.0	59.703238619693515
1430888.0	59.940290338230355
1442963.0	60.0
1455038.0	59.96819454337635
1467113.0	60.0
1479188.0	60.0
1491263.0	60.0
1503338.0	60.0
1515413.0	60.0
1527488.0	60.0
1539563.0	60.0
1551638.0	59.99519929252732
1563713.0	60.0
1575788.0	60.0
1587863.0	60.0
1599938.0	60.0
1612013.0	60.0
1624088.0	60.0
1636163.0	59.995451118477305
1648238.0	59.99527948355894
1660313.0	59.80202190395956
1672388.0	60.0
1684463.0	59.99527946401212
1696538.0	60.0
1708613.0	59.94035439430716
1720688.0	60.0
1732763.0	60.0
1744838.0	60.0
1756913.0	59.99494097807757
1768988.0	59.99552791327464
1781063.0	59.92433508746978
1793138.0	60.0
1805213.0	59.89212328767123
1817288.0	59.925173426173714
1829363.0	60.0
1841438.0	59.99708427608407
1853513.0	60.0
1865588.0	60.0
1877663.0	60.0
1889738.0	60.0
1901813.0	59.84472803144257
1913888.0	60.0
1925963.0	59.93350033645663
1938038.0	59.93934472415108
1950113.0	59.93374459287796
1962188.0	60.0
1974263.0	59.992848416222174
1986338.0	59.92837691647704
1998413.0	59.9939385673804
2010488.0	60.0
2022563.0	60.0
2034638.0	60.0
2046713.0	60.0
2058788.0	60.0
2070863.0	60.0
2082938.0	60.0
2095013.0	59.995191679074104
2107088.0	60.0
2119163.0	60.0
2131238.0	59.96807645885164
2143313.0	60.0
2155388.0	60.0
2167463.0	60.0
2179538.0	59.990558888930295
2191613.0	60.0
2203688.0	60.0
2215763.0	60.0
2227838.0	59.97117654367002
2239913.0	59.77220702361677
2251988.0	60.0
2264063.0	60.0
2276138.0	60.0
2288213.0	60.0
2300288.0	59.98653431160984
2312363.0	60.0
2324438.0	60.0
2336513.0	60.0
2348588.0	59.97763882562425
2360663.0	60.0
2372738.0	60.0
2384813.0	60.0
2396888.0	59.99035773643634
2408963.0	59.99459687471859
2421038.0	60.0
2433113.0	59.94402103150579
2445188.0	59.934600271408875
2457263.0	60.0
2469338.0	60.0
2481413.0	60.0
2493488.0	59.99552791327464
2505563.0	60.0
2517638.0	60.0
2529713.0	59.99055892802425
2541788.0	59.99503105590062
2553863.0	59.825358409249894
2565938.0	59.99312702967405
2578013.0	60.0
2590088.0	60.0
2602163.0	59.97277131440291
2614238.0	60.0
2626313.0	60.0
2638388.0	60.0
2650463.0	59.9661284252406
2662538.0	60.0
2674613.0	60.0
2686688.0	60.0
2698763.0	60.0
2710838.0	60.0
2722913.0	59.99552791327464
2734988.0	60.0
2747063.0	60.0
2759138.0	59.995031097050955
2771213.0	59.99477376954937
2783288.0	59.70470271937943
2795363.0	59.84154597189632
2807438.0	59.858934366695074
2819513.0	60.0
2831588.0	60.0
2843663.0	60.0
2855738.0	59.99482780914616
2867813.0	59.990062111801244
2879888.0	60.0
2891963.0	59.838120657923895
2904038.0	59.9328246807099
2916113.0	59.957755228825846
2928188.0	60.0
2940263.0	60.0
2952338.0	59.98973564791471
2964413.0	60.0
2976488.0	59.99490049250507
2988563.0	59.89232409882506
3000638.0	60.0
3012713.0	60.0
3024788.0	60.0
3036863.0	59.990558810741426
3048938.0	60.0
3061013.0	60.0
3073088.0	60.0
3085163.0	59.94486467169805
3097238.0	60.0
3109313.0	59.93538687110923
3121388.0	60.0
3133463.0	60.0
3145538.0	59.994251627444946
3157613.0	60.0
3169688.0	60.0
3181763.0	60.0
3193838.0	60.0
3205913.0	59.96448637523373
3217988.0	59.99975083780787
3230063.0	60.0
3242138.0	59.93107207698303
3254213.0	60.0
3266288.0	60.0
3278363.0	60.0
3290438.0	60.0
3302513.0	60.0
3314588.0	59.953280422172426
3326663.0	60.0
3338738.0	60.0
3350813.0	60.0
3362888.0	60.0
3374963.0	59.99503996957848
3387038.0	59.97316636851521
3399113.0	60.0
3411188.0	59.99503105590062
3423263.0	59.99443003092799
3435338.0	60.0
3447413.0	60.0
3459488.0	60.0
3471563.0	59.9910555302497
3483638.0	59.99423803001279
3495713.0	60.0
3507788.0	59.99519759374171
3519863.0	59.99503105590062
3531938.0	60.0
3544013.0	60.0
3556088.0	59.99435612830402
3568163.0	60.0
3580238.0	59.97942139652462
3592313.0	60.0
3604388.0	59.99527496394052
3616463.0	60.0
3628538.0	60.0
3640613.0	60.0
3652688.0	59.99025024374391
3664763.0	59.99318607688377
3676838.0	60.0
3688913.0	60.0
3700988.0	59.97763882562425
3713063.0	60.0
3725138.0	60.0
3737213.0	60.0
3749288.0	59.995246236603975
3761363.0	59.94155308927724
3773438.0	59.876441207853624
3785513.0	60.0
3797588.0	60.0
3809663.0	59.99503105590062
3821738.0	59.99946136893086
3833813.0	60.0
3845888.0	60.0
3857963.0	60.0
3870038.0	60.0
3882113.0	60.0
3894188.0	60.0
3906263.0	60.0
3918338.0	60.0
3930413.0	60.0
3942488.0	60.0
3954563.0	60.0
3966638.0	59.95974855268716
3978713.0	59.9948862642366
3990788.0	60.0
4002863.0	60.0
4014938.0	59.48496027241771
4027013.0	59.724217547460235
4039088.0	60.0
4051163.0	60.0
4063238.0	60.0
4075313.0	59.941863414964146
4087388.0	59.99503105590062
4099463.0	58.9289780814119
4111538.0	60.0
4123613.0	59.99527031792591
4135688.0	60.0
4147763.0	60.0
4159838.0	60.0
4171913.0	59.99324476469263
4183988.0	60.0
4196063.0	60.0
4208138.0	59.99394031207393
4220213.0	60.0
4232288.0	60.0
4244363.0	60.0
4256438.0	60.0
4268513.0	59.893048128342244
4280588.0	59.93209438521166
4292663.0	59.99925264377266
4304738.0	60.0
4316813.0	59.99503105590062
4328888.0	60.0
4340963.0	59.99527948355894
4353038.0	59.99431387414708
4365113.0	60.0
4377188.0	60.0
4389263.0	59.99131190269331
4401338.0	60.0
4413413.0	59.99413461068478
4425488.0	59.90261098923395
4437563.0	59.474815221522995
4449638.0	60.0
4461713.0	60.0
4473788.0	59.873642716681594
4485863.0	59.97316592403637
4497938.0	60.0
4510013.0	60.0
4522088.0	60.0
4534163.0	60.0
4546238.0	60.0
4558313.0	60.0
4570388.0	59.99492686226431
4582463.0	60.0
4594538.0	59.92901766256408
4606613.0	60.0
4618688.0	59.99503105590062
4630763.0	60.0
4642838.0	60.0
4651302.0	60.0
4657339.5	59.93624933593058
4666988.0	59.675443827698516
4679063.0	60.0
4691138.0	60.0
4703213.0	59.79131097219422
4715288.0	59.968778660214255
4722679.5	60.0
4728717.0	60.0
4739438.0	60.0
4751513.0	60.0
4763588.0	60.0
4775663.0	60.0
4787738.0	60.0
4799813.0	59.994308345388575
4811888.0	59.99503105590062
4819084.5	60.0
4825049.5	59.977052216272796
