#Position (bp)	mapping quality
6038.0	59.99230048635261
18113.0	60.0
30188.0	59.994889931820936
42263.0	59.9942531343103
54338.0	60.0
66413.0	59.99031051888414
78488.0	60.0
90563.0	59.980620957523456
102638.0	60.0
114713.0	59.94157740993184
126788.0	59.994528463986256
138863.0	60.0
150938.0	59.98583815746975
163013.0	59.94029256642452
175088.0	59.86507027589797
187163.0	59.96138487422213
199238.0	59.98086916913394
211313.0	60.0
223388.0	60.0
235463.0	60.0
247538.0	60.0
259613.0	59.9811177778606
271688.0	59.99031051888414
283763.0	59.99503105590062
295838.0	59.994613278269064
307913.0	59.82688489661518
319988.0	59.9749410192049
332063.0	59.994933930003796
344138.0	60.0
356213.0	59.995527876238114
368288.0	59.9935359919559
380363.0	59.9946171443951
392438.0	60.0
404513.0	60.0
416588.0	59.97750166180907
428663.0	59.99105575247623
440738.0	59.99746899519109
452813.0	60.0
464888.0	60.0
476963.0	59.90475238119047
489038.0	59.99503105590062
501113.0	59.98583833339545
513188.0	60.0
525263.0	59.989672977624785
537338.0	59.99503105590062
549413.0	60.0
561488.0	60.0
573563.0	60.0
585638.0	59.99003501211958
597713.0	60.0
609788.0	60.0
621863.0	59.99105649315159
633938.0	59.98337012775506
646013.0	59.99503105590062
658088.0	59.98339096449701
670163.0	59.99503105590062
682238.0	59.98581154243469
694313.0	59.798026282149614
706388.0	60.0
718463.0	59.8753622176448
730538.0	59.98012422360249
742613.0	59.99552791327464
754688.0	60.0
766763.0	59.99497729317958
778838.0	60.0
790913.0	59.47525286002451
802988.0	0.0
815063.0	60.0
827138.0	59.702017397742
839213.0	59.940722045338504
851288.0	59.91614981233529
863363.0	59.98310441761219
875438.0	59.98111769967205
887513.0	59.99055004538465
899588.0	60.0
911663.0	59.99369360897057
923738.0	59.985838216112136
935813.0	59.99527948355894
947888.0	59.99527958129058
959963.0	59.96708962134294
972038.0	60.0
984113.0	59.99527946401212
996188.0	59.905166402535656
1008263.0	59.98931936025706
1020338.0	60.0
1032413.0	60.0
1044488.0	59.98837924094549
1056563.0	59.98558970409203
1068638.0	57.72707694804587
1080713.0	55.90525836780134
1092788.0	59.92862218148642
1104863.0	59.98612636568588
1116938.0	59.94327725772552
1129013.0	58.77894175565045
1141088.0	60.0
1153163.0	60.0
1165238.0	59.99346120313862
1177313.0	60.0
1189388.0	59.99503105590062
1201463.0	59.94780144664562
1213538.0	59.993743808977634
1225613.0	59.978215421373484
1237688.0	59.90493442952916
1249763.0	59.99246866426381
1261838.0	59.98633500763997
1273913.0	59.987742156256864
1285988.0	59.90007149766581
1298063.0	60.0
1310138.0	60.0
1322213.0	60.0
1334288.0	59.99520383693046
1346363.0	59.966455599223096
1358438.0	59.99527948355894
1370513.0	60.0
1382588.0	59.984142484702424
1394663.0	59.9955032226904
1406738.0	59.97639604944406
1418813.0	59.726467800893545
1430888.0	59.94034797017399
1442963.0	60.0
1455038.0	59.94433906784504
1467113.0	59.99503105590062
1479188.0	59.99503105590062
1491263.0	59.99418411082219
1503338.0	60.0
1515413.0	60.0
1527488.0	59.99031043863899
1539563.0	60.0
1551638.0	59.96966786310096
1563713.0	59.99527950310559
1575788.0	59.98957463670152
1587863.0	59.9946277236322
1599938.0	59.99849683081831
1612013.0	60.0
1624088.0	59.99705770574606
1636163.0	59.99064948193075
1648238.0	60.0
1660313.0	59.8116586390021
1672388.0	59.444909385445875
1684463.0	59.985356986568824
1696538.0	60.0
1708613.0	59.94396363862773
1720688.0	60.0
1732763.0	59.98164537600608
1744838.0	59.98509316770186
1756913.0	59.990062111801244
1768988.0	59.99055892802425
1781063.0	59.9242772893547
1793138.0	59.99080726309033
1805213.0	59.89213816587324
1817288.0	59.91883750331674
1829363.0	59.97682276258979
1841438.0	59.99353363110563
1853513.0	59.99503105590062
1865588.0	59.99503105590062
1877663.0	60.0
1889738.0	59.990395430246814
1901813.0	59.953763424541805
1913888.0	59.98062127849873
1925963.0	59.92937180141144
1938038.0	59.934118115032256
1950113.0	59.909422694094225
1962188.0	59.99055884983602
1974263.0	59.993209111704154
1986338.0	59.92341896209487
1998413.0	59.98243834496541
2010488.0	59.99527948355894
2022563.0	59.99503105590062
2034638.0	60.0
2046713.0	59.989907395931084
2058788.0	59.99503105590062
2070863.0	59.99503105590062
2082938.0	59.98999090840847
2095013.0	59.99527948355894
2107088.0	59.990062111801244
2119163.0	59.9945188414824
2131238.0	59.96807960395064
2143313.0	0.0
2155388.0	0.0
2167463.0	0.0
2179538.0	0.0
2191613.0	0.0
2203688.0	0.0
2215763.0	0.0
2227838.0	0.0
2239913.0	59.75947781367442
2251988.0	59.98444400736675
2264063.0	60.0
2276138.0	60.0
2288213.0	59.99492519108436
2300288.0	59.97998654267525
2312363.0	59.97207448496465
2324438.0	59.99527983537391
2336513.0	59.99047819205744
2348588.0	60.0
2360663.0	59.982754012717656
2372738.0	60.0
2384813.0	59.98497924764477
2396888.0	59.98477897262365
2408963.0	59.994316028798785
2421038.0	59.98012422360249
2433113.0	59.931159885514994
2445188.0	59.999328870320966
2457263.0	60.0
2469338.0	59.99431562492598
2481413.0	59.99491540505154
2493488.0	59.998988962844386
2505563.0	59.99031043863899
2517638.0	59.99768641497147
2529713.0	59.99527948355894
2541788.0	59.985589942773856
2553863.0	59.81750477505096
2565938.0	59.98623774298985
2578013.0	60.0
2590088.0	59.99503105590062
2602163.0	59.987825752176015
2614238.0	59.99694679795436
2626313.0	59.99503105590062
2638388.0	59.99382058193998
2650463.0	59.9632051781326
2662538.0	59.987441094774475
2674613.0	59.991063993988504
2686688.0	60.0
2698763.0	60.0
2710838.0	59.99503105590062
2722913.0	59.98561393177134
2734988.0	60.0
2747063.0	59.9889060618416
2759138.0	59.995031076475875
2771213.0	59.995030232750764
2783288.0	59.527041357370095
2795363.0	59.623010114574086
2807438.0	59.876521950953176
2819513.0	59.98509316770186
2831588.0	59.988501573468895
2843663.0	60.0
2855738.0	59.99379688855526
2867813.0	59.99527944446515
2879888.0	59.989842989546744
2891963.0	59.89981632993822
2904038.0	59.9328246807099
2916113.0	59.953282059565375
2928188.0	60.0
2940263.0	60.0
2952338.0	59.97407752440358
2964413.0	59.98873911809008
2976488.0	59.9898013955985
2988563.0	59.82622506656701
3000638.0	60.0
3012713.0	59.99527948355894
3024788.0	59.99054275463011
3036863.0	59.981117543293
3048938.0	60.0
3061013.0	59.989713245734734
3073088.0	59.99055892802425
3085163.0	59.91580916744621
3097238.0	59.99488266029842
3109313.0	59.935635116552625
3121388.0	59.98975468154135
3133463.0	59.994595850181796
3145538.0	59.993948562783665
3157613.0	60.0
3169688.0	59.990558888930295
3181763.0	59.99031043863899
3193838.0	60.0
3205913.0	59.88639551854598
3217988.0	60.0
3230063.0	59.99456497123964
3242138.0	59.919634159541076
3254213.0	59.98951288704841
3266288.0	59.98533909658502
3278363.0	59.99330061801799
3290438.0	59.983279882486855
3302513.0	60.0
3314588.0	60.0
3326663.0	59.99549594635172
3338738.0	60.0
3350813.0	60.0
3362888.0	60.0
3374963.0	59.98660110477683
3387038.0	59.97125263517511
3399113.0	60.0
3411188.0	59.985341554209334
3423263.0	59.99471892970308
3435338.0	59.99031051888414
3447413.0	59.994894399155875
3459488.0	59.96219892814066
3471563.0	59.99105564136435
3483638.0	59.98818724727524
3495713.0	59.99055884983602
3507788.0	59.99527948355894
3519863.0	60.0
3531938.0	60.0
3544013.0	59.994453067599586
3556088.0	60.0
3568163.0	59.995527394707416
3580238.0	59.998727357570104
3592313.0	59.985589942773856
3604388.0	59.985759493670884
3616463.0	59.99031051888414
3628538.0	59.99424785682209
3640613.0	60.0
3652688.0	59.97331664250889
3664763.0	59.98703735289101
3676838.0	60.0
3688913.0	59.9950297593161
3700988.0	59.96918973985208
3713063.0	60.0
3725138.0	59.985589942773856
3737213.0	59.99527944446515
3749288.0	59.98938540661896
3761363.0	59.927149343845116
3773438.0	59.88033526112645
3785513.0	59.99101519928787
3797588.0	59.99055884983602
3809663.0	60.0
3821738.0	59.99973075093564
3833813.0	59.993562231759654
3845888.0	59.990479451482784
3857963.0	59.989523585029204
3870038.0	59.91432983015391
3882113.0	59.99503101474961
3894188.0	59.99552791327464
3906263.0	60.0
3918338.0	59.990062111801244
3930413.0	60.0
3942488.0	59.98951232302045
3954563.0	59.98991739616756
3966638.0	59.94061595418235
3978713.0	59.993810077015205
3990788.0	59.99497550558975
4002863.0	59.99377238050755
4014938.0	59.11411509330253
4027013.0	59.05827460999922
4039088.0	59.99004521133187
4051163.0	59.995527876238114
4063238.0	59.99461811005965
4075313.0	59.956331691325246
4087388.0	60.0
4099463.0	59.05326876513317
4111538.0	59.99080726309033
4123613.0	59.98509390837722
4135688.0	59.98625051560566
4147763.0	60.0
4159838.0	60.0
4171913.0	59.98711194519185
4183988.0	59.9934029686641
4196063.0	59.994889702751045
4208138.0	59.97697725494156
4220213.0	60.0
4232288.0	59.99436446271935
4244363.0	60.0
4256438.0	60.0
4268513.0	59.89503498833722
4280588.0	59.99509280505259
4292663.0	60.0
4304738.0	59.990807339221604
4316813.0	59.99031043863899
4328888.0	60.0
4340963.0	59.985589942773856
4353038.0	59.9835053891875
4365113.0	59.907381850522896
4377188.0	59.99496749842734
4389263.0	59.990637242421506
4401338.0	59.98037242698667
4413413.0	59.97489092946852
4425488.0	59.8978992927267
4437563.0	59.538261583363735
4449638.0	60.0
4461713.0	59.99503105590062
4473788.0	59.87357729433799
4485863.0	59.97316581291437
4497938.0	60.0
4510013.0	59.99055884983602
4522088.0	59.994248785434294
4534163.0	59.99527948355894
4546238.0	60.0
4558313.0	59.92006226173673
4570388.0	59.994642328425265
4582463.0	60.0
4594538.0	60.0
4606613.0	60.0
4618688.0	59.99055892802425
4630763.0	59.985577652952784
4642838.0	59.99503105590062
4651302.0	59.98757262248734
4657339.5	59.90989664615294
4666988.0	59.81927227101631
4679063.0	59.990807339221604
4691138.0	59.99055892802425
4703213.0	59.77408002585533
4715288.0	59.95795408857737
4722679.5	60.0
4728717.0	0.0
4739438.0	0.0
4751513.0	0.0
4763588.0	0.0
4775663.0	0.0
4787738.0	0.0
4799813.0	0.0
4811888.0	0.0
4819084.5	0.0
4825049.5	59.97705190831499
