#Coverage (X)	Coverage
1.0	91.71041366666287
2.0	91.69471961373581
3.0	90.9095614671662
4.0	90.543173656352
5.0	89.6164584651092
6.0	88.85877526343958
7.0	88.04676330862935
8.0	87.4681538058596
9.0	86.74312168791816
10.0	86.18548589968022
11.0	85.46395285158664
12.0	84.91782879610257
13.0	84.25501386687591
14.0	83.71824827039322
15.0	83.08383999105564
16.0	82.54485900715446
17.0	81.9329151703312
18.0	81.39579759640817
19.0	80.68366441642658
20.0	80.04780681821711
21.0	0.48436236698617563
22.0	0.003871751843490756
23.0	1.4210854715202004E-14
24.0	1.4210854715202004E-14
25.0	1.4210854715202004E-14
26.0	1.4210854715202004E-14
27.0	1.4210854715202004E-14
28.0	1.4210854715202004E-14
29.0	1.4210854715202004E-14
30.0	1.4210854715202004E-14
31.0	1.4210854715202004E-14
32.0	1.4210854715202004E-14
33.0	1.4210854715202004E-14
34.0	1.4210854715202004E-14
35.0	1.4210854715202004E-14
36.0	1.4210854715202004E-14
37.0	1.4210854715202004E-14
38.0	1.4210854715202004E-14
39.0	1.4210854715202004E-14
40.0	1.4210854715202004E-14
41.0	1.4210854715202004E-14
42.0	1.4210854715202004E-14
43.0	1.4210854715202004E-14
44.0	1.4210854715202004E-14
45.0	1.4210854715202004E-14
46.0	1.4210854715202004E-14
47.0	1.4210854715202004E-14
48.0	1.4210854715202004E-14
49.0	1.4210854715202004E-14
50.0	1.4210854715202004E-14
51.0	1.4210854715202004E-14
