#Read position (bp)	Clipping profile
0.0	3.7472446730345332
1.0	3.7472446730345332
2.0	3.404359539554249
3.0	2.9635072250795984
4.0	2.5716385011021305
5.0	2.0573108008817047
6.0	1.665442076904237
7.0	1.2735733529267694
8.0	1.0041636051922607
9.0	0.5143277002204262
10.0	0.19593436198873376
11.0	0.19593436198873376
12.0	0.19593436198873376
13.0	0.19593436198873376
14.0	0.19593436198873376
15.0	0.19593436198873376
16.0	0.19593436198873376
17.0	0.19593436198873376
18.0	0.19593436198873376
19.0	0.19593436198873376
20.0	0.19593436198873376
21.0	0.19593436198873376
22.0	0.19593436198873376
23.0	0.17144256674014205
24.0	0.1469507714915503
25.0	0.1469507714915503
26.0	0.1469507714915503
27.0	0.1469507714915503
28.0	0.1469507714915503
29.0	0.1469507714915503
30.0	0.1469507714915503
31.0	0.1469507714915503
32.0	0.1469507714915503
33.0	0.1469507714915503
34.0	0.1469507714915503
35.0	0.1469507714915503
36.0	0.1469507714915503
37.0	0.1469507714915503
38.0	0.1469507714915503
39.0	0.1469507714915503
40.0	0.1469507714915503
41.0	0.1469507714915503
42.0	0.1469507714915503
43.0	0.1469507714915503
44.0	0.1469507714915503
45.0	0.1469507714915503
46.0	0.1469507714915503
47.0	0.1469507714915503
48.0	0.12245897624295861
49.0	0.09796718099436688
50.0	0.09796718099436688
51.0	0.09796718099436688
52.0	0.09796718099436688
53.0	0.09796718099436688
54.0	0.09796718099436688
55.0	0.09796718099436688
56.0	0.09796718099436688
57.0	0.09796718099436688
58.0	0.09796718099436688
59.0	0.09796718099436688
60.0	0.09796718099436688
61.0	0.09796718099436688
62.0	0.09796718099436688
63.0	0.09796718099436688
64.0	0.09796718099436688
65.0	0.09796718099436688
66.0	0.09796718099436688
67.0	0.09796718099436688
68.0	0.09796718099436688
69.0	0.09796718099436688
70.0	0.09796718099436688
71.0	0.09796718099436688
72.0	0.09796718099436688
73.0	0.07347538574577515
74.0	0.04898359049718344
75.0	0.04898359049718344
76.0	0.04898359049718344
77.0	0.04898359049718344
78.0	0.04898359049718344
79.0	0.04898359049718344
80.0	0.04898359049718344
81.0	0.04898359049718344
82.0	0.04898359049718344
83.0	0.04898359049718344
84.0	0.04898359049718344
85.0	0.04898359049718344
86.0	0.04898359049718344
87.0	0.04898359049718344
88.0	0.04898359049718344
89.0	0.04898359049718344
90.0	0.04898359049718344
91.0	0.04898359049718344
92.0	0.04898359049718344
93.0	0.04898359049718344
94.0	0.04898359049718344
95.0	0.04898359049718344
96.0	0.04898359049718344
97.0	0.04898359049718344
98.0	0.02449179524859172
99.0	0.0
100.0	0.0
101.0	0.0
102.0	0.0
103.0	0.0
104.0	0.0
105.0	0.0
106.0	0.0
107.0	0.0
108.0	0.0
109.0	0.0
110.0	0.0
111.0	0.0
112.0	0.0
113.0	0.0
114.0	0.0
115.0	0.0
116.0	0.0
117.0	0.0
118.0	0.0
119.0	0.0
120.0	0.0
121.0	0.0
122.0	0.0
123.0	0.02449179524859172
124.0	0.04898359049718344
125.0	0.04898359049718344
126.0	0.04898359049718344
127.0	0.04898359049718344
128.0	0.04898359049718344
129.0	0.07347538574577515
130.0	0.07347538574577515
131.0	0.07347538574577515
132.0	0.07347538574577515
133.0	0.07347538574577515
134.0	0.07347538574577515
135.0	0.07347538574577515
136.0	0.07347538574577515
137.0	0.07347538574577515
138.0	0.07347538574577515
139.0	0.07347538574577515
140.0	0.07347538574577515
141.0	0.07347538574577515
142.0	0.07347538574577515
143.0	0.07347538574577515
144.0	0.07347538574577515
145.0	0.07347538574577515
146.0	0.07347538574577515
147.0	0.09796718099436688
148.0	0.12245897624295861
149.0	0.1469507714915503
150.0	0.1469507714915503
151.0	0.1469507714915503
152.0	0.1469507714915503
153.0	0.1469507714915503
154.0	0.17144256674014205
155.0	0.17144256674014205
156.0	0.17144256674014205
157.0	0.17144256674014205
158.0	0.17144256674014205
159.0	0.17144256674014205
160.0	0.17144256674014205
161.0	0.17144256674014205
162.0	0.17144256674014205
163.0	0.17144256674014205
164.0	0.17144256674014205
165.0	0.17144256674014205
166.0	0.17144256674014205
167.0	0.17144256674014205
168.0	0.17144256674014205
169.0	0.17144256674014205
170.0	0.17144256674014205
171.0	0.17144256674014205
172.0	0.19593436198873376
173.0	0.2204261572373255
174.0	0.24491795248591722
175.0	0.2939015429831006
176.0	0.2939015429831006
177.0	0.2939015429831006
178.0	0.2939015429831006
179.0	0.31839333823169236
180.0	0.31839333823169236
181.0	0.31839333823169236
182.0	0.31839333823169236
183.0	0.31839333823169236
184.0	0.31839333823169236
185.0	0.31839333823169236
186.0	0.31839333823169236
187.0	0.31839333823169236
188.0	0.31839333823169236
189.0	0.36737692872887584
190.0	0.36737692872887584
191.0	0.36737692872887584
192.0	0.36737692872887584
193.0	0.36737692872887584
194.0	0.36737692872887584
195.0	0.36737692872887584
196.0	0.36737692872887584
197.0	0.3918687239774675
198.0	0.41636051922605927
199.0	0.440852314474651
200.0	0.48983590497183443
201.0	0.48983590497183443
202.0	0.48983590497183443
203.0	0.48983590497183443
204.0	0.5143277002204262
205.0	0.5143277002204262
206.0	0.5143277002204262
207.0	0.5143277002204262
208.0	0.5388194954690179
209.0	0.5388194954690179
210.0	0.5388194954690179
211.0	0.5388194954690179
212.0	0.5388194954690179
213.0	0.5388194954690179
214.0	0.5633112907176097
215.0	0.5633112907176097
216.0	0.5633112907176097
217.0	0.5633112907176097
218.0	0.5633112907176097
219.0	0.5633112907176097
220.0	0.5633112907176097
221.0	0.5633112907176097
222.0	0.5878030859662012
223.0	0.612294881214793
224.0	0.6367866764633847
225.0	0.6857702669605682
226.0	0.6857702669605682
227.0	0.6857702669605682
228.0	0.6857702669605682
229.0	0.7102620622091599
230.0	0.7102620622091599
231.0	0.7102620622091599
232.0	0.7102620622091599
233.0	0.7347538574577517
234.0	0.7347538574577517
235.0	0.7347538574577517
236.0	0.7347538574577517
237.0	0.7347538574577517
238.0	0.7347538574577517
239.0	0.7592456527063434
240.0	1.0776389909380357
241.0	1.4695077149155034
242.0	1.8858682341415627
243.0	2.302228753367622
244.0	2.645113886847906
245.0	3.061474406073965
246.0	3.4533431300514326
247.0	3.7717364682831254
248.0	4.090129806514818
249.0	4.114621601763409
