#Position (bp)	Coverage	Std
6038.0	19.685631469979295	5.529151054833244
18113.0	9.386335403726708	10.129002289001638
30188.0	19.151138716356108	4.389664125957291
42263.0	17.10144927536232	7.090570532488235
54338.0	19.622111801242237	5.339023879272021
66413.0	20.0	0.0
78488.0	20.0	0.0
90563.0	19.999917184265012	6.242093135165042
102638.0	15.870973084886128	9.142039947951327
114713.0	19.987743271221532	6.171375852853583
126788.0	17.772836438923395	7.91414594281283
138863.0	20.0	0.0
150938.0	20.0	0.0
163013.0	20.0	0.0
175088.0	19.987743271221532	6.171563720627371
187163.0	16.003478260869564	7.6534677995127165
199238.0	20.0	0.0
211313.0	20.0	0.0
223388.0	19.17184265010352	4.436671947644372
235463.0	20.0	0.0
247538.0	17.12215320910973	7.1196517466649185
259613.0	20.0	0.0
271688.0	20.0	0.0
283763.0	20.0	0.0
295838.0	18.44894409937888	6.499122412488103
307913.0	18.695238095238096	6.351622280178673
319988.0	20.26327122153209	4.051602959625128
332063.0	20.0	0.0
344138.0	20.0	0.0
356213.0	19.999917184265012	6.242093135165042
368288.0	19.19254658385093	4.483002173612326
380363.0	20.0	0.0
392438.0	20.0	0.0
404513.0	17.10144927536232	7.090570532488235
416588.0	20.0	0.0
428663.0	20.0	0.0
440738.0	20.0	0.0
452813.0	19.980538302277434	6.183930286542684
464888.0	20.0	0.0
476963.0	20.0	0.0
489038.0	20.0	0.0
501113.0	20.0	0.0
513188.0	19.151138716356108	4.389664125957291
525263.0	19.17184265010352	4.436485281877391
537338.0	20.0	0.0
549413.0	20.0	0.0
561488.0	20.0	0.0
573563.0	16.273291925465838	7.997411589539781
585638.0	19.172919254658385	4.441457243187669
597713.0	20.0	0.0
609788.0	16.91511387163561	8.919005227283277
621863.0	20.0	0.0
633938.0	19.151138716356108	4.3821678933074395
646013.0	20.0	0.0
658088.0	15.761325051759835	9.054529996502135
670163.0	20.0	0.0
682238.0	14.984347826086957	10.04765456804923
694313.0	16.196024844720498	8.072892554896205
706388.0	20.0	0.0
718463.0	20.0	0.0
730538.0	20.0	0.0
742613.0	20.0	0.0
754688.0	18.322981366459626	6.08049523971925
766763.0	19.928364389233955	6.023982435999788
778838.0	20.0	0.0
790913.0	19.113126293995858	4.166801654128106
802988.0	19.707826086956523	5.3692244717995745
815063.0	17.978053830227744	8.243243045101915
827138.0	20.704844720496894	7.506811261841542
839213.0	19.998923395445136	6.232074916428327
851288.0	19.534327122153208	5.334368429574681
863363.0	17.59751552795031	7.846904679138029
875438.0	20.0	0.0
887513.0	19.99983436853002	6.239186919475093
899588.0	20.0	0.0
911663.0	16.625258799171842	8.426567470653405
923738.0	20.0	0.0
935813.0	20.0	0.0
947888.0	20.0	0.0
959963.0	19.875445134575568	5.8899289418429
972038.0	20.0	0.0
984113.0	19.999917184265012	6.2423452088140845
996188.0	20.0	0.0
1008263.0	18.5079917184265	6.6927481535458115
1020338.0	16.657722567287784	8.491164571270394
1032413.0	20.0	0.0
1044488.0	20.0	0.0
1056563.0	20.0	0.0
1068638.0	15.05424430641822	7.7137773009367585
1080713.0	11.635610766045549	9.213218517170564
1092788.0	19.999917184265012	6.242093135165042
1104863.0	17.971014492753625	8.22602545729203
1116938.0	20.0	0.0
1129013.0	19.233954451345756	4.087237116485516
1141088.0	18.194616977225675	6.206054613974615
1153163.0	18.92753623188406	7.292072896108021
1165238.0	20.0	0.0
1177313.0	19.17184265010352	4.436485281877391
1189388.0	20.0	0.0
1201463.0	20.0	0.0
1213538.0	16.269151138716357	8.246612956771958
1225613.0	14.818219461697723	9.94927091391256
1237688.0	17.12223602484472	7.119890198515943
1249763.0	19.17184265010352	4.436671947644372
1261838.0	20.0	0.0
1273913.0	17.128281573498963	7.156673180640064
1285988.0	19.973167701863353	6.169000174015066
1298063.0	20.0	0.0
1310138.0	10.024844720496894	9.955927726455728
1322213.0	10.784265010351968	10.691495430208137
1334288.0	20.0	0.0
1346363.0	19.931097308488614	6.029087532979702
1358438.0	20.0	0.0
1370513.0	20.0	0.0
1382588.0	19.148654244306417	4.384095101052491
1394663.0	19.870062111801243	5.833514933582606
1406738.0	20.0	0.0
1418813.0	19.04703933747412	3.978763502171392
1430888.0	20.0	0.0
1442963.0	20.0	0.0
1455038.0	20.0	0.0
1467113.0	19.99701863354037	6.20996994421668
1479188.0	20.0	0.0
1491263.0	19.999917184265012	6.242093135165042
1503338.0	17.12712215320911	7.126627524697529
1515413.0	20.0	0.0
1527488.0	20.0	0.0
1539563.0	19.151221532091096	4.390050863469688
1551638.0	20.0	0.0
1563713.0	20.0	0.0
1575788.0	20.0	0.0
1587863.0	19.17184265010352	4.436485281877391
1599938.0	20.0	0.0
1612013.0	20.0	0.0
1624088.0	15.445134575569359	8.697373535626687
1636163.0	20.0	0.0
1648238.0	20.0	0.0
1660313.0	11.925300207039337	9.690365751910353
1672388.0	17.494989648033126	7.562460410039589
1684463.0	20.0	6.2423452088140845
1696538.0	18.15734989648033	6.032692163636466
1708613.0	19.993623188405795	6.192308058311287
1720688.0	19.72919254658385	5.675161091647449
1732763.0	16.192132505175984	8.152632975342494
1744838.0	20.0	0.0
1756913.0	20.0	0.0
1768988.0	19.999917184265012	6.242093135165042
1781063.0	18.178053830227743	6.066982905324438
1793138.0	20.0	0.0
1805213.0	18.178053830227743	6.066846401451017
1817288.0	17.349896480331264	7.245045426345763
1829363.0	18.34368530020704	6.112675626321866
1841438.0	15.296894409937888	8.668493198193222
1853513.0	20.0	0.0
1865588.0	20.0	0.0
1877663.0	19.622857142857143	5.358246677171192
1889738.0	20.0	0.0
1901813.0	19.461697722567287	5.173311028531882
1913888.0	20.0	0.0
1925963.0	17.12215320910973	7.1196517466649185
1938038.0	20.0	6.2423452088140845
1950113.0	20.0	0.0
1962188.0	20.0	0.0
1974263.0	15.279503105590063	8.665034087353012
1986338.0	19.991387163561075	6.219284774440713
1998413.0	16.410434782608696	8.344557244741393
2010488.0	19.999751552795033	6.241575688938278
2022563.0	20.0	0.0
2034638.0	19.151138716356108	4.389664125957291
2046713.0	19.461697722567287	5.047722566226287
2058788.0	20.0	0.0
2070863.0	20.0	0.0
2082938.0	19.857722567287784	5.82251644244714
2095013.0	20.0	0.0
2107088.0	20.0	0.0
2119163.0	19.874368530020703	5.869357560930655
2131238.0	17.163561076604555	7.272882785839679
2143313.0	0.0	0.0
2155388.0	0.0	0.0
2167463.0	0.0	0.0
2179538.0	0.0	0.0
2191613.0	0.0	0.0
2203688.0	0.0	0.0
2215763.0	0.0	0.0
2227838.0	0.0	0.0
2239913.0	12.897556935817805	10.52677154946655
2251988.0	18.864596273291927	7.205243087523873
2264063.0	19.313457556935816	4.888021442586807
2276138.0	20.0	0.0
2288213.0	19.27006211180124	4.7772320615365
2300288.0	16.175155279503105	7.798980662809853
2312363.0	19.963478260869564	6.130398073396398
2324438.0	20.000662525879918	0.16681153124562098
2336513.0	19.627329192546583	5.350451307370865
2348588.0	20.0	0.0
2360663.0	17.10144927536232	7.090453734528609
2372738.0	18.178053830227743	6.066846401451017
2384813.0	19.24024844720497	4.695947770774128
2396888.0	19.91089026915114	6.018074914196223
2408963.0	18.157267080745342	6.029685020734945
2421038.0	20.0	0.0
2433113.0	20.0	0.0
2445188.0	16.56728778467909	8.352820279717433
2457263.0	18.629399585921323	6.871069363854402
2469338.0	18.138385093167702	5.938128194947235
2481413.0	20.0	0.0
2493488.0	20.0	0.0
2505563.0	20.0	0.0
2517638.0	20.0	0.0
2529713.0	20.0	0.0
2541788.0	19.62128364389234	5.3551623668340165
2553863.0	29.283892339544515	10.721407157111953
2565938.0	24.810517598343687	10.547956147139955
2578013.0	20.00207039337474	0.2913522410492442
2590088.0	20.0	0.0
2602163.0	19.17184265010352	4.436485281877391
2614238.0	20.0	0.0
2626313.0	20.0	0.0
2638388.0	19.151138716356108	4.389664125957291
2650463.0	19.16968944099379	4.403762742700367
2662538.0	12.382608695652173	9.90681217830599
2674613.0	20.0	0.0
2686688.0	19.137805383022773	4.333795165706642
2698763.0	17.135486542443065	7.15379700538133
2710838.0	20.0	0.0
2722913.0	20.0	0.0
2734988.0	20.0	0.0
2747063.0	18.178053830227743	6.066982905324438
2759138.0	20.0	0.0
2771213.0	20.0	0.0
2783288.0	19.503105590062113	4.859900568980057
2795363.0	19.523809523809526	4.942275483673661
2807438.0	20.0	0.0
2819513.0	20.0	0.0
2831588.0	17.12207039337474	7.117103884436658
2843663.0	20.0	0.0
2855738.0	20.0	0.0
2867813.0	19.636770186335404	5.385856794990847
2879888.0	19.90550724637681	6.005987350800119
2891963.0	18.272546583850932	6.3035498888188535
2904038.0	20.0	0.0
2916113.0	20.0	0.0
2928188.0	20.0	0.0
2940263.0	20.0	6.2423452088140845
2952338.0	19.17184265010352	4.436485281877391
2964413.0	17.547826086956523	7.783323469033165
2976488.0	19.337474120082817	4.795313447096091
2988563.0	18.4096066252588	6.535838451569191
3000638.0	20.0	0.0
3012713.0	20.0	0.0
3024788.0	20.0	0.0
3036863.0	20.0	0.0
3048938.0	17.12215320910973	7.1196517466649185
3061013.0	19.946583850931678	6.082823796693021
3073088.0	20.0	0.0
3085163.0	20.007784679089028	0.5352192329589619
3097238.0	19.151138716356108	4.389664125957291
3109313.0	20.0	0.0
3121388.0	18.177971014492755	6.063856196091206
3133463.0	18.178053830227743	6.066846401451017
3145538.0	17.10144927536232	7.090570532488235
3157613.0	19.17184265010352	4.436671947644372
3169688.0	20.0	0.0
3181763.0	20.0	0.0
3193838.0	18.178053830227743	6.066982905324438
3205913.0	19.094741200828157	4.079215610874226
3217988.0	20.0	0.0
3230063.0	20.0	0.0
3242138.0	19.151138716356108	4.389664125957291
3254213.0	19.207453416149068	4.596650144027045
3266288.0	19.94368530020704	6.0942561967915765
3278363.0	16.289026915113872	8.017010899837665
3290438.0	18.178053830227743	6.066982905324438
3302513.0	20.0	0.0
3314588.0	20.0	0.0
3326663.0	19.951801242236026	6.095207362758964
3338738.0	19.17184265010352	4.436671947644372
3350813.0	19.151138716356108	4.389664125957291
3362888.0	20.0	0.0
3374963.0	20.0	0.0
3387038.0	20.0	0.0
3399113.0	20.0	0.0
3411188.0	20.0	0.0
3423263.0	18.34368530020704	6.112811106792784
3435338.0	20.0	0.0
3447413.0	19.599503105590063	5.24382709166576
3459488.0	19.730351966873705	5.5424953458153725
3471563.0	19.999171842650103	6.235243449101665
3483638.0	17.104679089026916	7.09268424309561
3495713.0	20.0	0.0
3507788.0	20.0	0.0
3519863.0	20.0	0.0
3531938.0	20.0	0.0
3544013.0	18.322981366459626	6.0789151260509335
3556088.0	19.151138716356108	4.389664125957291
3568163.0	20.0	0.0
3580238.0	17.12215320910973	7.1196517466649185
3592313.0	20.0	0.0
3604388.0	20.0	0.0
3616463.0	20.0	0.0
3628538.0	17.121904761904762	7.116871157500588
3640613.0	20.0	0.0
3652688.0	10.910973084886129	10.745503176181037
3664763.0	16.284057971014494	8.010810501199511
3676838.0	18.080993788819875	5.438045562930992
3688913.0	19.643478260869564	5.398320419726606
3700988.0	20.0	0.0
3713063.0	19.151138716356108	4.389664125957291
3725138.0	20.0	0.0
3737213.0	20.0	0.0
3749288.0	19.999917184265012	6.242093135165042
3761363.0	20.0	0.0
3773438.0	20.0	0.0
3785513.0	20.0	0.0
3797588.0	20.0	0.0
3809663.0	20.0	0.0
3821738.0	19.151138716356108	4.389664125957291
3833813.0	16.08662525879917	7.840078590048485
3845888.0	20.0	0.0
3857963.0	20.0	0.0
3870038.0	20.0	0.0
3882113.0	20.0	0.0
3894188.0	20.0	0.0
3906263.0	17.971014492753625	8.22602545729203
3918338.0	20.0	0.0
3930413.0	20.0	0.0
3942488.0	19.17184265010352	4.436671947644372
3954563.0	17.11304347826087	7.106786771773985
3966638.0	20.0	0.0
3978713.0	19.17184265010352	4.436485281877391
3990788.0	20.0	0.0
4002863.0	16.9975983436853	8.932959418644826
4014938.0	18.509316770186334	6.1214891488579735
4027013.0	18.467908902691512	6.051483742566151
4039088.0	20.0	0.0
4051163.0	20.0	0.0
4063238.0	19.17184265010352	4.436485281877391
4075313.0	19.855072463768117	5.839644618926935
4087388.0	20.0	0.0
4099463.0	18.074534161490682	5.218647881806715
4111538.0	20.0	0.0
4123613.0	20.0	0.0
4135688.0	15.492339544513458	8.907786158429401
4147763.0	20.0	0.0
4159838.0	20.0	0.0
4171913.0	15.710144927536232	9.371535246577627
4183988.0	15.677018633540373	9.336120553952249
4196063.0	19.17184265010352	4.436485281877391
4208138.0	17.12215320910973	7.1196517466649185
4220213.0	10.91262939958592	10.747044468285809
4232288.0	16.785093167701863	8.693206695466497
4244363.0	19.488198757763975	5.233235087629991
4256438.0	20.0	0.0
4268513.0	19.8775983436853	5.88705988759099
4280588.0	19.119089026915113	4.159849495605212
4292663.0	19.960579710144927	6.120792381618739
4304738.0	20.0	0.0
4316813.0	20.0	0.0
4328888.0	19.17184265010352	4.436671947644372
4340963.0	20.0	0.0
4353038.0	18.178053830227743	6.066982905324438
4365113.0	18.923395445134574	6.997781369789918
4377188.0	20.0	0.0
4389263.0	10.78807453416149	10.630765151289127
4401338.0	20.0	0.0
4413413.0	17.67536231884058	7.858347357326845
4425488.0	19.999917184265012	6.242093135165042
4437563.0	19.958592132505174	6.11433505523715
4449638.0	20.0	0.0
4461713.0	20.0	0.0
4473788.0	19.151138716356108	4.389664125957291
4485863.0	20.0	0.0
4497938.0	20.0	0.0
4510013.0	20.0	0.0
4522088.0	16.382028985507247	8.300430281445827
4534163.0	20.0	0.0
4546238.0	19.668488612836438	5.445320136333911
4558313.0	19.558592132505176	5.366138754689033
4570388.0	17.99776397515528	8.336981396115252
4582463.0	20.0	0.0
4594538.0	20.0	0.0
4606613.0	17.536231884057973	7.679258720264191
4618688.0	19.648861283643893	5.413769730189065
4630763.0	20.0	0.0
4642838.0	20.0	0.0
4651302.0	19.885431691737068	5.927840692973227
4657339.5	0.0	0.0
4666988.0	0.0	0.0
4679063.0	0.0	0.0
4691138.0	0.0	0.0
4703213.0	0.0	0.0
4715288.0	0.0	0.0
4722679.5	0.0	0.0
4728717.0	0.0	0.0
4739438.0	0.0	0.0
4751513.0	0.0	0.0
4763588.0	0.0	0.0
4775663.0	0.0	0.0
4787738.0	0.0	0.0
4799813.0	0.0	0.0
4811888.0	0.0	0.0
4819084.5	0.0	0.0
4825049.5	0.0	0.0
