#Position (bp)	Coverage	Std
6038.0	19.67254658385093	5.4987369150065275
18113.0	9.370600414078675	10.094530425604628
30188.0	18.448447204968943	6.498447019449824
42263.0	17.10144927536232	7.091154493429785
54338.0	19.996770186335404	6.214502506867908
66413.0	19.977225672877847	6.15166492638047
78488.0	20.0	0.0
90563.0	19.999917184265012	6.242093135165042
102638.0	15.14824016563147	8.276335092738076
114713.0	19.959337474120083	6.048164172298274
126788.0	17.83296066252588	8.039653278887126
138863.0	20.0	0.0
150938.0	19.930434782608696	6.030158848238545
163013.0	20.0	0.0
175088.0	19.859792960662524	5.711794488012668
187163.0	16.379958592132507	8.282406707567867
199238.0	20.0	0.0
211313.0	19.999585921325053	6.243704904275747
223388.0	19.17184265010352	4.437605158699167
235463.0	20.0	0.0
247538.0	16.75527950310559	8.738482511543687
259613.0	19.923809523809524	6.0088340763014685
271688.0	20.0	0.0
283763.0	19.94385093167702	6.050464109638943
295838.0	18.448447204968943	6.498447019449824
307913.0	18.739792960662527	6.42949981794095
319988.0	19.776149068322983	5.6467583547717215
332063.0	19.95130434782609	6.093753377660049
344138.0	19.925548654244306	5.9780273999207205
356213.0	20.0	0.0
368288.0	18.450103519668737	6.500995305227665
380363.0	19.75594202898551	5.618234141207043
392438.0	19.95006211180124	6.0523868980395745
404513.0	16.667494824016565	8.63744076811959
416588.0	19.89167701863354	5.91966229242131
428663.0	19.74625258799172	5.3991641098309024
440738.0	20.0	0.0
452813.0	19.98144927536232	6.186842379884942
464888.0	19.618053830227744	5.247750183419336
476963.0	20.0	0.0
489038.0	20.0	0.0
501113.0	20.0	0.0
513188.0	18.44944099378882	6.4999251468854515
525263.0	18.436356107660455	6.468032555157372
537338.0	20.0	0.0
549413.0	19.96778467908903	6.104921138868317
561488.0	19.973416149068324	6.1289389244423464
573563.0	14.83072463768116	9.753827087720126
585638.0	18.368530020703933	5.86505247885389
597713.0	20.0	0.0
609788.0	16.556687370600415	8.50838096137279
621863.0	20.0	0.0
633938.0	18.786832298136645	6.706882840240482
646013.0	20.0	0.0
658088.0	18.86128364389234	6.908511868114875
670163.0	20.0	0.0
682238.0	20.0	0.0
694313.0	15.83751552795031	9.288257017681037
706388.0	19.492753623188406	5.033140687084302
718463.0	19.375817805383022	4.7784107305390595
730538.0	19.999917184265012	6.242093135165042
742613.0	19.999917184265012	6.242093135165042
754688.0	18.32712215320911	6.0875054470027194
766763.0	19.996770186335404	6.207982572385944
778838.0	19.728944099378882	5.492475560681094
790913.0	18.59064182194617	6.963816568579917
802988.0	19.605797101449276	4.883351528736091
815063.0	1.1956107660455486	4.302187801081724
827138.0	0.0	0.0
839213.0	0.0	0.0
851288.0	0.0	0.0
863363.0	16.473788819875775	8.186384697162593
875438.0	20.0	0.0
887513.0	19.60248447204969	5.253089399597693
899588.0	20.0	0.0
911663.0	16.625258799171842	8.426636265898985
923738.0	19.99983436853002	6.244480792881887
935813.0	19.911387163561077	5.933189101929474
947888.0	19.93913043478261	6.01374546980244
959963.0	19.855072463768117	5.839644618926935
972038.0	20.0	0.0
984113.0	20.0	0.0
996188.0	19.96944099378882	6.1482849533422606
1008263.0	18.111884057971015	5.841743124523645
1020338.0	17.066666666666666	7.138702725604623
1032413.0	20.0	0.0
1044488.0	19.998757763975156	6.233948331614743
1056563.0	19.97192546583851	6.155917552320947
1068638.0	8.790062111801243	10.013307915156046
1080713.0	10.108488612836439	8.885701636999778
1092788.0	19.968612836438922	6.100402186110203
1104863.0	14.151552795031057	9.255203896827052
1116938.0	0.0	0.0
1129013.0	0.0	0.0
1141088.0	0.0	0.0
1153163.0	18.555942028985505	6.763762903357598
1165238.0	19.622525879917184	5.358153941853132
1177313.0	19.151138716356108	4.389664125957291
1189388.0	20.0	0.0
1201463.0	19.990724637681158	6.185664318743962
1213538.0	16.213664596273293	8.179305300371626
1225613.0	14.593540372670807	9.614468910052196
1237688.0	16.75064182194617	8.731120418830333
1249763.0	19.151138716356108	4.389664125957291
1261838.0	19.624016563147	5.361213360392605
1273913.0	16.486045548654243	8.280481677510927
1285988.0	19.545010351966873	5.072493108462913
1298063.0	19.961159420289857	6.122720135965228
1310138.0	19.02409937888199	3.7921898599288753
1322213.0	19.17184265010352	4.431816082467757
1334288.0	19.99718426501035	6.21947119505909
1346363.0	19.716273291925464	5.436941351802495
1358438.0	19.624016563147	5.360657232348744
1370513.0	20.0	0.0
1382588.0	18.451262939958593	6.4999442584009
1394663.0	19.512215320910972	4.7300808234398355
1406738.0	19.99983436853002	6.244480792881887
1418813.0	18.96670807453416	7.028566378829674
1430888.0	19.925383022774326	6.0144615230299925
1442963.0	19.99544513457557	6.19684017523043
1455038.0	19.942525879917184	6.002104530843483
1467113.0	19.61879917184265	5.298868975768343
1479188.0	19.989316770186335	6.169919683649982
1491263.0	19.958343685300207	6.114003205485534
1503338.0	13.887867494824016	10.296559155115004
1515413.0	20.0	0.0
1527488.0	20.0	0.012869789042449443
1539563.0	19.166211180124222	4.359088931726422
1551638.0	19.846045548654246	5.690964834308996
1563713.0	20.000082815734988	0.05827044820980982
1575788.0	19.944182194616978	6.02743211394361
1587863.0	19.09888198757764	4.114389232652155
1599938.0	20.0	0.0
1612013.0	19.92687370600414	6.019141310170518
1624088.0	15.40215320910973	8.648316295164094
1636163.0	19.662194616977224	5.397092998683545
1648238.0	20.0	0.0
1660313.0	12.304182194616978	9.420769091170378
1672388.0	17.488778467908904	7.551364485314037
1684463.0	20.0	0.0
1696538.0	17.436024844720496	7.5482437319454005
1708613.0	19.950310559006212	6.046089371434283
1720688.0	19.168447204968945	4.230755968648226
1732763.0	16.19710144927536	8.159030105149064
1744838.0	20.0	0.0
1756913.0	20.0	0.0
1768988.0	19.505507246376812	4.896544604955924
1781063.0	18.178053830227743	6.067665378627756
1793138.0	20.0	0.0
1805213.0	17.794285714285714	7.990693344399071
1817288.0	15.895900621118013	9.318384953233366
1829363.0	18.252587991718425	5.823547544593485
1841438.0	14.578385093167702	9.490838995827529
1853513.0	19.709316770186334	5.524760751965613
1865588.0	20.0	0.0
1877663.0	20.0	0.0
1889738.0	19.582111801242235	5.175567701730574
1901813.0	19.130434782608695	4.086446820778123
1913888.0	19.980041407867496	6.179703638528423
1925963.0	16.82633540372671	8.581814273909918
1938038.0	19.9768115942029	6.173361594361794
1950113.0	19.949151138716356	6.055950310355152
1962188.0	19.780372670807452	5.647572262819493
1974263.0	13.797018633540374	9.935735532898919
1986338.0	19.773250517598342	5.541972352595761
1998413.0	16.33184265010352	8.193099151481332
2010488.0	19.707412008281572	5.594148081131135
2022563.0	19.90824016563147	5.965386702412239
2034638.0	19.174492753623188	4.449905202889137
2046713.0	18.886211180124224	7.140999344322249
2058788.0	20.0	0.0
2070863.0	19.991221532091096	6.1674830191002785
2082938.0	19.857639751552796	5.819464732452353
2095013.0	19.998592132505177	6.225067869452997
2107088.0	20.0	0.0
2119163.0	19.851014492753624	5.792069969722527
2131238.0	17.198674948240164	7.288716143654815
2143313.0	19.923478260869565	6.046822138199081
2155388.0	20.0	0.0
2167463.0	19.643561076604556	5.398389453869756
2179538.0	19.945424430641822	6.074956227636695
2191613.0	19.971180124223604	6.119398609134243
2203688.0	19.97184265010352	6.102139596932825
2215763.0	20.0	0.0
2227838.0	19.95097308488613	6.041821123177351
2239913.0	15.261449275362319	8.315203466882346
2251988.0	18.424844720496896	6.492996705003022
2264063.0	18.939958592132506	7.204656879084639
2276138.0	19.641242236024844	5.391489344318179
2288213.0	18.592546583850933	6.672430220823583
2300288.0	15.077432712215321	8.348362431010235
2312363.0	19.98351966873706	6.193364511729897
2324438.0	19.916107660455488	5.93951570339622
2336513.0	19.628985507246377	5.368468635145638
2348588.0	19.998509316770186	6.2153619876625985
2360663.0	17.10144927536232	7.091154493429785
2372738.0	17.436024844720496	7.5482437319454005
2384813.0	19.199006211180123	4.534030515139405
2396888.0	19.87072463768116	5.885294161773092
2408963.0	17.436024844720496	7.5482437319454005
2421038.0	19.99966873706004	6.243963544523754
2433113.0	19.479006211180124	5.085179212087574
2445188.0	14.7575983436853	9.452375998037827
2457263.0	18.2727950310559	6.3283319033603975
2469338.0	18.1768115942029	6.04899936970911
2481413.0	20.0	0.0
2493488.0	19.604140786749483	5.32337320478592
2505563.0	19.879585921325052	5.828679006842227
2517638.0	19.476604554865425	5.005959181734561
2529713.0	20.0	0.0
2541788.0	19.999503105590062	6.233861980882108
2553863.0	9.80024844720497	10.42540693358532
2565938.0	14.446376811594202	9.424297921030925
2578013.0	19.55486542443064	4.944972560408036
2590088.0	20.0	0.0
2602163.0	19.114285714285714	4.182325029227587
2614238.0	20.0	0.0
2626313.0	20.0	0.0
2638388.0	18.777391304347827	6.814993821475517
2650463.0	19.005465838509316	7.146042353992296
2662538.0	15.340124223602485	8.736468389296915
2674613.0	20.0	0.0
2686688.0	19.136314699792962	4.327771554190306
2698763.0	17.043312629399587	6.911286415507918
2710838.0	19.847536231884057	5.759155102514952
2722913.0	20.0	0.0
2734988.0	20.0	0.0
2747063.0	18.160910973084885	5.993212171490776
2759138.0	19.999917184265012	6.244739400994683
2771213.0	19.25623188405797	4.42563583996602
2783288.0	19.14782608695652	3.7199145118073975
2795363.0	19.50302277432712	4.8965953439847265
2807438.0	20.0	0.0
2819513.0	19.953291925465837	6.069364403709038
2831588.0	16.382360248447206	8.299053302292117
2843663.0	19.999337474120082	6.235044217767469
2855738.0	19.95229813664596	6.0697737362367725
2867813.0	19.99983436853002	6.241827783484173
2879888.0	19.432380952380953	4.772687997830749
2891963.0	16.902857142857144	8.655461780490995
2904038.0	19.99751552795031	6.210523360722402
2916113.0	19.994699792960663	6.206421572618158
2928188.0	19.966045548654243	6.140541717795894
2940263.0	19.822525879917183	5.81241620968569
2952338.0	18.372091097308488	6.306347651686654
2964413.0	17.56024844720497	7.799532820324618
2976488.0	18.426501035196686	6.271616035908399
2988563.0	17.90865424430642	8.069096018700375
3000638.0	19.999917184265012	6.242093135165042
3012713.0	19.448530020703934	5.022730939136248
3024788.0	19.966459627329193	6.141870015539621
3036863.0	19.996935817805383	6.21454248535461
3048938.0	16.753623188405797	8.735070078445982
3061013.0	18.739544513457556	6.769912734038824
3073088.0	19.973250517598345	6.1306952648653
3085163.0	19.706915113871634	5.471991548914087
3097238.0	18.4487784679089	6.499848700261722
3109313.0	20.0	6.2423452088140845
3121388.0	17.08198757763975	6.872334793012223
3133463.0	17.95022774327122	8.047354669968573
3145538.0	17.13449275362319	7.13517516517157
3157613.0	19.109068322981365	4.0852914981992186
3169688.0	20.0	0.0
3181763.0	19.975072463768115	6.132579393754633
3193838.0	17.991055900621117	8.135121820804988
3205913.0	19.151138716356108	4.389664125957291
3217988.0	19.919834368530022	5.984860125737084
3230063.0	19.714616977225674	5.502997489228905
3242138.0	18.16654244306418	5.647088331632401
3254213.0	18.652339544513456	6.449921757915349
3266288.0	19.918592132505175	5.989763524609745
3278363.0	15.919420289855072	9.37555961062711
3290438.0	18.156273291925466	6.016801871584668
3302513.0	19.99329192546584	6.187210477991258
3314588.0	19.75320910973085	5.612120866581371
3326663.0	19.890103519668738	5.827620390887677
3338738.0	17.759006211180125	7.898973909304663
3350813.0	19.17184265010352	4.437605158699167
3362888.0	19.998343685300206	6.21907171546288
3374963.0	20.0	6.242617171598681
3387038.0	19.999006211180124	6.226112113485386
3399113.0	19.99776397515528	6.223777287685354
3411188.0	20.0	0.0
3423263.0	18.3527950310559	6.126952302201931
3435338.0	20.0	0.0
3447413.0	19.886708074534162	5.886236886083417
3459488.0	19.992795031055902	6.1889101379525755
3471563.0	19.999917184265012	6.242093135165042
3483638.0	16.366045548654245	8.257251032697093
3495713.0	20.0	0.0
3507788.0	19.909648033126295	5.9693211532850095
3519863.0	19.624265010351966	5.361282872341943
3531938.0	20.0	0.0
3544013.0	18.32248447204969	6.075371999107235
3556088.0	18.41399585921325	6.354659528453693
3568163.0	19.998674948240165	6.240859154104221
3580238.0	16.088364389233956	7.768370333586803
3592313.0	20.0	0.0
3604388.0	20.0	0.0
3616463.0	19.624099378881986	5.3612365311425245
3628538.0	16.274782608695652	7.992781422347569
3640613.0	20.0	0.0
3652688.0	11.088198757763974	10.070398167632618
3664763.0	14.475859213250517	9.23706638739457
3676838.0	16.591884057971015	8.225683154245445
3688913.0	20.0	0.0
3700988.0	20.0	0.0
3713063.0	18.428571428571427	6.467277083738317
3725138.0	19.864016563146997	5.842040824385672
3737213.0	19.994037267080746	6.190401974391881
3749288.0	19.961242236024844	6.123146189228081
3761363.0	19.239420289855072	4.340621359761745
3773438.0	19.9335817805383	6.003856593545454
3785513.0	19.928447204968943	6.024305497630284
3797588.0	19.94608695652174	6.077389109238699
3809663.0	19.92679089026915	5.98573182720763
3821738.0	19.15718426501035	4.372320238158492
3833813.0	16.034202898550724	7.742517927065567
3845888.0	19.95792960662526	6.129567211712304
3857963.0	19.712380952380954	5.5776988658120645
3870038.0	19.99544513457557	6.1968602214794934
3882113.0	20.0	0.0
3894188.0	20.0	0.0
3906263.0	17.148654244306417	7.02854870470497
3918338.0	20.0	0.0
3930413.0	19.99238095238095	6.176835105898963
3942488.0	19.04231884057971	3.8083595529403507
3954563.0	16.079254658385093	7.755502955125252
3966638.0	19.99585921325052	6.210009951882883
3978713.0	19.17167701863354	4.433516240253103
3990788.0	19.499958592132504	5.120550889100457
4002863.0	16.31287784679089	8.197510100185916
4014938.0	18.46385093167702	5.98739185987053
4027013.0	18.426501035196686	5.974743252711185
4039088.0	19.958840579710145	6.115316954114099
4051163.0	19.940289855072464	6.0180267499183575
4063238.0	19.151138716356108	4.389664125957291
4075313.0	19.956438923395446	6.211770034098311
4087388.0	19.968364389233955	6.104303881681938
4099463.0	17.982608695652175	7.654133242476369
4111538.0	19.999917184265012	6.244752662660497
4123613.0	19.92422360248447	6.010783959644847
4135688.0	14.792298136645963	9.854246281286903
4147763.0	19.889689440993788	5.910337646641561
4159838.0	20.000082815734988	0.05827044820980982
4171913.0	15.713291925465839	9.371464550756567
4183988.0	15.881325051759834	9.769365224742595
4196063.0	18.404306418219463	6.339524052907387
4208138.0	17.1064182194617	7.0981582774461325
4220213.0	10.78583850931677	10.572016658702543
4232288.0	15.84703933747412	9.436364180345064
4244363.0	19.13101449275362	4.501998635986745
4256438.0	19.999917184265012	6.244739400994683
4268513.0	19.99478260869565	6.214848978542192
4280588.0	19.0231884057971	3.8040841079846195
4292663.0	19.92695652173913	6.014902128800401
4304738.0	20.0	0.0
4316813.0	20.0	0.0
4328888.0	19.17184265010352	4.437605158699167
4340963.0	19.770766045548655	5.553519019411459
4353038.0	17.455155279503106	7.574895881729836
4365113.0	18.524223602484472	6.613619175015485
4377188.0	20.0	0.0
4389263.0	10.767701863354038	10.59552622494215
4401338.0	20.0	0.0
4413413.0	17.69109730848861	7.88557400781403
4425488.0	19.61449275362319	5.340652327926307
4437563.0	20.83478260869565	6.860985810654025
4449638.0	19.999917184265012	6.242093135165042
4461713.0	19.974989648033127	6.130661493833019
4473788.0	19.064182194616976	3.908423774044407
4485863.0	19.977474120082817	6.161477868483301
4497938.0	20.0	0.0
4510013.0	19.995942028985507	6.211243395122877
4522088.0	16.00703933747412	7.658427474825597
4534163.0	19.945258799171842	6.074315474900266
4546238.0	20.0	0.0
4558313.0	19.567453416149068	5.365891820662797
4570388.0	17.51950310559006	7.564989644605033
4582463.0	19.999917184265012	6.242093135165042
4594538.0	20.0	0.0
4606613.0	17.401573498964805	7.454513549302111
4618688.0	20.0	0.0
4630763.0	20.0	0.0
4642838.0	20.0	0.0
4651302.0	19.904389037708633	5.977342341815038
4657339.5	13.802824702298532	10.018924215000371
4666988.0	18.545755693581782	6.270387864809902
4679063.0	20.0	0.0
4691138.0	19.63047619047619	5.372015517907378
4703213.0	19.017722567287784	3.4915336821253984
4715288.0	19.767122153209108	8.102429152917898
4722679.5	17.614475627769572	7.096351029370884
4728717.0	15.563360734493434	9.000699829261169
4739438.0	20.0	0.0
4751513.0	19.63113871635611	5.234580036387819
4763588.0	18.368364389233953	6.049389545370309
4775663.0	19.109482401656315	4.363902369707595
4787738.0	17.60910973084886	7.861876985227439
4799813.0	17.452008281573498	7.568141792166384
4811888.0	19.99983436853002	6.239186919475093
4819084.5	19.74547023295945	5.521235184608773
4825049.5	0.0	0.0
