#Position (bp)	Coverage	Std
6038.0	27.229482401656316	13.198578880775374
18113.0	12.787246376811595	16.942843875575686
30188.0	28.610766045548655	13.581993926011421
42263.0	24.65904761904762	16.42532004913013
54338.0	29.953291925465837	13.821590216312318
66413.0	28.292919254658386	11.638726674002292
78488.0	33.56778467908903	17.16846500058146
90563.0	28.970517598343687	13.468706157187269
102638.0	24.93175983436853	19.087268257239156
114713.0	27.41391304347826	12.049470148054695
126788.0	25.829979296066252	16.234857572953285
138863.0	28.655652173913044	13.9475533448135
150938.0	28.9392132505176	13.386931608408206
163013.0	29.000993788819876	10.906491314581011
175088.0	29.79527950310559	13.128071167844562
187163.0	24.956521739130434	16.73729053371357
199238.0	30.189399585921326	10.984280128341966
211313.0	29.9951966873706	13.536497707543685
223388.0	27.12910973084886	11.986856155677119
235463.0	26.973084886128365	14.383427316410355
247538.0	25.19983436853002	19.209905139967308
259613.0	26.491180124223604	11.472920678828538
271688.0	26.900455486542445	13.700475275490522
283763.0	27.365383022774328	12.588305065839558
295838.0	24.400662525879916	13.122215765024247
307913.0	25.40215320910973	15.277643038492364
319988.0	26.596273291925467	12.781867980397974
332063.0	29.87536231884058	13.769504517533846
344138.0	25.15304347826087	12.781754594639905
356213.0	27.6135817805383	12.650763690235058
368288.0	25.718840579710147	13.726792951031822
380363.0	30.47080745341615	14.634591314415259
392438.0	27.95022774327122	13.901606323914269
404513.0	22.486459627329193	17.328481563366292
416588.0	26.967536231884058	14.34184541893769
428663.0	28.52024844720497	12.578781963830272
440738.0	27.75975155279503	15.12689732808176
452813.0	34.20405797101449	18.562851658560508
464888.0	34.35469979296066	15.280434451239712
476963.0	27.18575569358178	12.772385455651706
489038.0	29.50790890269151	14.873172591614692
501113.0	27.128447204968943	11.019636153357377
513188.0	28.01167701863354	12.980731061153204
525263.0	25.297474120082814	13.540287252565493
537338.0	29.414575569358178	11.849207851501065
549413.0	29.369109730848862	11.042503991846136
561488.0	31.005465838509316	11.811742762215292
573563.0	29.51991718426501	23.7421605237477
585638.0	25.47585921325052	14.766617827735416
597713.0	26.41623188405797	10.42174426970785
609788.0	23.37175983436853	15.918378768225603
621863.0	28.044803312629398	10.92082933927442
633938.0	24.302857142857142	12.7984891706701
646013.0	26.9951966873706	13.921355565703704
658088.0	25.370269151138718	13.676883521370751
670163.0	26.325548654244308	10.535300023437918
682238.0	25.85929606625259	12.224636564349666
694313.0	24.511635610766046	17.38933539578918
706388.0	29.469316770186335	14.17046764256952
718463.0	30.368530020703933	13.699879856208016
730538.0	30.68902691511387	14.62339088845691
742613.0	33.32140786749483	20.737094317800207
754688.0	22.781532091097308	17.89750899307917
766763.0	27.139958592132505	12.554365419936943
778838.0	26.566376811594203	11.404336104639217
790913.0	25.760496894409936	15.488864630315286
802988.0	26.796935817805384	15.6012952692613
815063.0	25.04207039337474	14.341285289963237
827138.0	28.45225672877847	17.932479756791675
839213.0	25.807701863354037	12.12285284397219
851288.0	26.66393374741201	13.164621011514596
863363.0	23.920496894409936	16.053567162270834
875438.0	27.255403726708074	10.117479698281313
887513.0	17.220538302277433	9.985011541632913
899588.0	19.702691511387165	12.774729194943463
911663.0	23.014492753623188	16.317605982813532
923738.0	27.826666666666668	12.87513211253049
935813.0	29.323892339544514	15.112549458602821
947888.0	25.99478260869565	14.200606524824138
959963.0	29.53109730848861	14.927684897448616
972038.0	30.238674948240167	12.190669479575291
984113.0	26.998923395445136	12.685388800778442
996188.0	28.23312629399586	15.243236968961858
1008263.0	28.666832298136647	16.240314839526867
1020338.0	26.655734989648032	17.591175088486523
1032413.0	29.315031055900622	11.391715416223477
1044488.0	24.547412008281572	16.45910170651811
1056563.0	28.22840579710145	11.505371866243102
1068638.0	21.70153209109731	18.10405854547
1080713.0	17.354037267080745	18.831736131177223
1092788.0	27.504016563146997	18.4232502308448
1104863.0	26.829813664596273	16.374140092478626
1116938.0	24.14815734989648	11.573182393993353
1129013.0	29.394616977225674	15.749217338994665
1141088.0	23.1272049689441	14.885139253645363
1153163.0	25.280414078674948	12.80703740290226
1165238.0	24.879171842650102	11.732243973522042
1177313.0	24.600910973084886	13.710083034452934
1189388.0	25.223188405797103	9.66275211665439
1201463.0	24.739875776397515	11.094370273243742
1213538.0	20.161739130434782	12.734205903785284
1225613.0	18.08231884057971	14.07886394343976
1237688.0	22.168778467908904	16.29625825538777
1249763.0	23.487950310559008	11.87376320245573
1261838.0	23.45888198757764	10.527813895791976
1273913.0	21.864182194616976	14.42540891483664
1285988.0	28.265093167701863	16.95408731263806
1298063.0	26.42128364389234	10.756876562215503
1310138.0	25.07958592132505	11.381529477645683
1322213.0	21.99097308488613	13.267678935964124
1334288.0	24.26310559006211	9.935689689529623
1346363.0	25.089523809523808	13.996293505212657
1358438.0	26.057639751552795	11.533391974383884
1370513.0	24.39055900621118	10.043404766117229
1382588.0	22.92008281573499	13.341235753428968
1394663.0	23.340289855072463	10.299590938428805
1406738.0	25.064596273291926	12.350529112478462
1418813.0	23.50509316770186	12.344636977724427
1430888.0	24.794285714285714	11.959022512801694
1442963.0	24.959254658385092	12.69447965316406
1455038.0	25.32521739130435	10.644439833964116
1467113.0	22.92256728778468	12.912641662332032
1479188.0	26.05639751552795	11.669620448320824
1491263.0	24.262028985507246	12.522238602874856
1503338.0	20.309813664596273	14.133430993060768
1515413.0	24.63942028985507	11.002183107288023
1527488.0	25.858136645962734	12.733363684613646
1539563.0	24.773333333333333	13.599911703525331
1551638.0	21.41871635610766	9.678081359400315
1563713.0	20.94583850931677	11.622841080502162
1575788.0	22.59544513457557	11.169950075049082
1587863.0	23.941946169772258	12.757535020252174
1599938.0	23.925217391304347	11.939498968163031
1612013.0	24.878674948240164	10.833905065340165
1624088.0	17.393871635610765	14.183152750575937
1636163.0	22.373333333333335	11.625142310845575
1648238.0	21.819792960662525	11.692208656674815
1660313.0	14.736149068322982	16.89458977190854
1672388.0	19.770351966873704	15.246368742568459
1684463.0	21.937971014492753	11.924444681090225
1696538.0	17.68438923395445	13.021263069513104
1708613.0	20.999089026915115	11.355862396403257
1720688.0	20.722732919254657	12.31452877895127
1732763.0	17.991304347826087	13.403475955954983
1744838.0	22.63975155279503	10.180308195150092
1756913.0	22.638592132505178	10.692405540002872
1768988.0	26.098302277432712	12.895162557769654
1781063.0	18.422360248447205	14.4504063716706
1793138.0	21.679171842650103	10.433851580273313
1805213.0	27.003064182194617	17.439756109753997
1817288.0	22.5735817805383	14.324517487239701
1829363.0	21.982277432712216	14.017625698660357
1841438.0	17.30144927536232	13.51235919192785
1853513.0	24.862028985507248	12.06234323104771
1865588.0	22.318840579710145	10.887115107424869
1877663.0	15.578467908902692	15.537281684812474
1889738.0	0.0	0.0
1901813.0	0.37780538302277433	2.8126599333408793
1913888.0	0.003146997929606625	0.05609810985770042
1925963.0	2.4138302277432713	7.632652966324869
1938038.0	21.640993788819877	11.015216277860054
1950113.0	21.39047619047619	10.459584052471909
1962188.0	21.328778467908904	10.587949711300434
1974263.0	18.43527950310559	14.646410819599469
1986338.0	21.041242236024846	10.728518910475126
1998413.0	18.008530020703933	11.512862551980144
2010488.0	24.697474120082816	12.775195946441654
2022563.0	22.236604554865423	10.31197820061398
2034638.0	21.730186335403726	12.784702297528828
2046713.0	23.88919254658385	11.747889991596722
2058788.0	24.111718426501035	8.733415516500457
2070863.0	25.771014492753622	12.329314996445401
2082938.0	29.756687370600414	18.662964732003108
2095013.0	24.629482401656315	12.521071266983423
2107088.0	21.4616149068323	10.465223885473494
2119163.0	28.170766045548653	15.267359193022822
2131238.0	21.04728778467909	15.628577106065942
2143313.0	23.933498964803313	13.834391687918236
2155388.0	22.81399585921325	11.072327619944934
2167463.0	22.533333333333335	10.658916698050671
2179538.0	23.77639751552795	11.55525030121847
2191613.0	22.76670807453416	12.192602040313528
2203688.0	23.793954451345755	13.578832022270063
2215763.0	22.130269151138716	9.350922497422117
2227838.0	23.008695652173913	9.21141608741043
2239913.0	18.024430641821947	12.364167153495861
2251988.0	21.607701863354038	12.319279105579168
2264063.0	19.89913043478261	11.510711547565725
2276138.0	23.523726708074534	10.747460579257385
2288213.0	23.733416149068322	14.344267580547996
2300288.0	23.084306418219462	17.699860218652415
2312363.0	23.709233954451346	12.210005061525752
2324438.0	24.640579710144927	12.234418408278337
2336513.0	25.00679089026915	10.657455909344751
2348588.0	27.481407867494823	15.312407180603454
2360663.0	22.619875776397514	14.640127503998501
2372738.0	18.161076604554864	11.717548906701962
2384813.0	20.693747412008282	11.3275676479938
2396888.0	20.21159420289855	9.105091515816145
2408963.0	20.191884057971013	11.792653080060768
2421038.0	21.544347826086955	9.890870374754
2433113.0	22.83312629399586	11.411210934412177
2445188.0	13.971594202898551	11.38442872485503
2457263.0	20.00033126293996	12.113326166146663
2469338.0	24.189730848861284	19.51582677787484
2481413.0	22.64505175983437	10.88574199960607
2493488.0	20.767867494824017	11.009959729740956
2505563.0	20.483312629399585	9.999776395015568
2517638.0	21.572339544513458	10.521951814150079
2529713.0	22.408612836438923	10.469330146002857
2541788.0	17.534824016563146	12.004357386936292
2553863.0	8.652091097308489	12.460308827081798
2565938.0	18.102360248447205	14.386927583754881
2578013.0	25.534906832298137	11.184198406495623
2590088.0	24.592049689440994	12.241293859813956
2602163.0	22.979958592132505	14.490193728370725
2614238.0	24.92422360248447	12.211076667302567
2626313.0	23.30335403726708	10.987069380948705
2638388.0	24.1064182194617	12.4406266942861
2650463.0	22.358509316770185	11.983957530600568
2662538.0	19.1272049689441	13.29183189146838
2674613.0	23.715859213250518	11.78719170111175
2686688.0	23.189648033126293	11.86365607238033
2698763.0	24.59511387163561	16.763916687084535
2710838.0	27.713871635610765	15.074226286501272
2722913.0	23.541780538302277	11.35105908904822
2734988.0	23.48695652173913	10.45255474135955
2747063.0	21.80687370600414	13.79139768491648
2759138.0	24.87296066252588	12.625128578973397
2771213.0	28.000993788819876	11.59296209716634
2783288.0	26.104513457556937	12.729880402912816
2795363.0	26.085383022774327	12.803289561768278
2807438.0	27.6424016563147	13.684538130712765
2819513.0	23.398509316770188	11.548654838180447
2831588.0	25.238343685300208	17.707433724561298
2843663.0	26.697556935817804	14.125386452874984
2855738.0	25.23031055900621	10.807121338988047
2867813.0	27.14600414078675	10.573203365091677
2879888.0	28.37913043478261	14.652013195572472
2891963.0	24.206873706004142	12.708423055719662
2904038.0	29.130269151138716	15.675516640486517
2916113.0	23.422028985507247	13.236395023159051
2928188.0	26.770931677018634	11.06508133023524
2940263.0	26.615320910973086	11.777358352884434
2952338.0	25.987246376811594	14.084891983775274
2964413.0	32.112463768115944	22.113608412437657
2976488.0	27.68016563146998	17.553774228012422
2988563.0	23.491677018633542	14.748825970050092
3000638.0	26.113871635610767	15.17702033238976
3012713.0	29.568364389233956	14.19692615376022
3024788.0	30.39246376811594	14.961120074099924
3036863.0	24.684057971014493	12.58467634367083
3048938.0	22.25167701863354	13.816079688935444
3061013.0	25.886211180124224	15.38462839623594
3073088.0	25.780207039337473	10.727851177671566
3085163.0	28.14302277432712	11.302298269368594
3097238.0	24.10418219461698	12.305214434435214
3109313.0	27.27975155279503	10.505110656079749
3121388.0	23.53217391304348	15.802900905170338
3133463.0	27.05821946169772	14.033287843618949
3145538.0	26.744016563147	17.8311031673767
3157613.0	28.225424430641823	14.998255247044124
3169688.0	27.350227743271223	10.753989100491916
3181763.0	27.10608695652174	9.981419591422927
3193838.0	23.045714285714286	13.043024836839418
3205913.0	24.21888198757764	16.73888370660574
3217988.0	23.5672049689441	12.279090611791574
3230063.0	25.99494824016563	12.45577185837922
3242138.0	24.791801242236026	13.823177943121655
3254213.0	27.263933747412008	14.249623147100015
3266288.0	26.173416149068323	12.190914038461912
3278363.0	19.813167701863353	14.418027018478988
3290438.0	23.29209109730849	12.580747063961288
3302513.0	25.556521739130435	11.757959288297387
3314588.0	24.366542443064183	11.768188864525362
3326663.0	25.471635610766047	10.824858287100938
3338738.0	25.038923395445135	11.944609914272661
3350813.0	23.480662525879918	12.420756687391094
3362888.0	25.450351966873708	13.996610059857415
3374963.0	26.236604554865423	12.390275355917039
3387038.0	25.72231884057971	12.840622005921864
3399113.0	24.160414078674947	10.5777805325025
3411188.0	25.778219461697724	11.798954229548189
3423263.0	23.641987577639753	13.566332703526562
3435338.0	30.12165631469979	11.908244790726267
3447413.0	29.00761904761905	13.979523623691243
3459488.0	25.98873706004141	24.342101145931462
3471563.0	26.321739130434782	19.254062516659836
3483638.0	24.26103519668737	16.031839438330135
3495713.0	23.97648033126294	12.032650542961301
3507788.0	26.141780538302278	10.102358128256627
3519863.0	27.845879917184266	12.33273682178972
3531938.0	25.840579710144926	13.257460105435165
3544013.0	23.607453416149067	14.82988979965729
3556088.0	30.777391304347827	19.541237386412675
3568163.0	35.19726708074534	18.287981549398463
3580238.0	25.350973084886128	18.113193663158604
3592313.0	22.874368530020703	13.320853372647315
3604388.0	27.594782608695652	12.588150463475454
3616463.0	25.716521739130435	11.481409945086106
3628538.0	25.405051759834368	16.98923541784078
3640613.0	26.536894409937887	11.522407730903481
3652688.0	15.818385093167702	19.471829202855492
3664763.0	24.078840579710146	18.623818761435558
3676838.0	24.052256728778467	14.756014319325274
3688913.0	28.391469979296065	13.068907992164474
3700988.0	26.99080745341615	13.843759945946543
3713063.0	27.302939958592134	14.839176507484837
3725138.0	28.031387163561078	13.041996189091348
3737213.0	27.03031055900621	11.482549547003002
3749288.0	26.901614906832297	12.054661564076806
3761363.0	34.140124223602484	17.974011604750395
3773438.0	29.302277432712216	11.933858438312098
3785513.0	28.191469979296066	14.851995843599683
3797588.0	28.671055900621116	12.177629423869538
3809663.0	26.6839751552795	11.543214331435125
3821738.0	26.57175983436853	14.56855571891015
3833813.0	20.318840579710145	14.071244336740975
3845888.0	26.890683229813664	12.756846901062303
3857963.0	29.39776397515528	13.890414050145228
3870038.0	28.46616977225673	11.3577146098773
3882113.0	26.822691511387163	13.628441214529571
3894188.0	27.020869565217392	11.185123956827956
3906263.0	26.805962732919255	15.89689085061466
3918338.0	27.130434782608695	10.595561397351807
3930413.0	27.69217391304348	14.535573554240116
3942488.0	26.082981366459627	11.795595205524306
3954563.0	27.99527950310559	19.509428627794893
3966638.0	30.98592132505176	13.986192540521463
3978713.0	28.629648033126294	16.20077701789136
3990788.0	29.67966873706004	13.851358208623532
4002863.0	24.043312629399587	15.159486162265981
4014938.0	26.539378881987577	13.42347993869683
4027013.0	25.43022774327122	14.644819037382511
4039088.0	29.80049689440994	14.284146911946484
4051163.0	28.20173913043478	12.262133467886613
4063238.0	27.528778467908904	13.58018590724598
4075313.0	26.935817805383024	14.775400629699213
4087388.0	28.076438923395447	10.281829839319485
4099463.0	19.761739130434783	17.749144556996995
4111538.0	31.965962732919255	18.83046516205751
4123613.0	28.64695652173913	13.539103707134627
4135688.0	22.720745341614908	17.322977476584224
4147763.0	30.612587991718428	14.741990842347558
4159838.0	28.100952380952382	12.14486404070823
4171913.0	23.38790890269151	17.322826884285945
4183988.0	22.652587991718427	16.73928444983057
4196063.0	30.1064182194617	14.231534110804706
4208138.0	25.031966873706004	15.445864857651324
4220213.0	14.51031055900621	17.17637165617994
4232288.0	22.69946169772257	15.351891730667752
4244363.0	26.429482401656315	13.527816599369235
4256438.0	28.180703933747413	11.131281347205352
4268513.0	26.490186335403727	12.750291678553818
4280588.0	26.645631469979296	13.834649093054377
4292663.0	25.980124223602484	13.759498883455366
4304738.0	27.012753623188406	10.335906979306953
4316813.0	31.26327122153209	13.990896182283565
4328888.0	27.74824016563147	13.472419491558362
4340963.0	27.80728778467909	13.478184198005394
4353038.0	24.749068322981365	15.91164007433151
4365113.0	26.476521739130433	14.093059537309605
4377188.0	30.650434782608695	14.218105857022255
4389263.0	14.109979296066253	15.331189876287304
4401338.0	27.995031055900622	13.283467830289789
4413413.0	24.88207039337474	15.855392065696003
4425488.0	28.443892339544515	11.974963530332566
4437563.0	27.93192546583851	18.087686121611974
4449638.0	28.625341614906834	14.577571473400903
4461713.0	30.275693581780537	11.520262103068461
4473788.0	27.1455900621118	13.241921635957391
4485863.0	25.601739130434783	12.867446526961889
4497938.0	29.376066252587993	13.362507420198705
4510013.0	32.29300207039338	14.792984180089588
4522088.0	28.059710144927536	22.013135547803333
4534163.0	25.62111801242236	12.026588900420192
4546238.0	28.879585921325052	14.871446371629931
4558313.0	25.082981366459627	12.72566731828442
4570388.0	25.03312629399586	14.089821297028385
4582463.0	28.68488612836439	12.156232798824368
4594538.0	32.66815734989648	14.276149593113994
4606613.0	26.69416149068323	18.87731119219024
4618688.0	31.062194616977227	13.1396449400712
4630763.0	26.614409937888198	14.556328797967367
4642838.0	28.56869565217391	11.444253216222481
4651302.0	27.83144446733979	14.234097087086608
4657339.5	0.7148989199667682	2.9621446196489654
4666988.0	0.20629399585921326	0.5214250262223846
4679063.0	0.3277846790890269	0.7242616001310788
4691138.0	0.24347826086956523	0.5394575912466365
4703213.0	4.781449275362319	16.36710329879343
4715288.0	3.591387163561077	16.729220911271888
4722679.5	4.52178729689808	13.870483948409024
4728717.0	0.6582683890253016	4.778090454700037
4739438.0	0.21913043478260869	0.5117258582847529
4751513.0	0.2004968944099379	0.510834984072529
4763588.0	0.4990476190476191	2.798343195121206
4775663.0	0.14351966873706004	0.4267455931140192
4787738.0	0.6597929606625259	4.417760128715164
4799813.0	0.6139130434782609	3.2815817021535367
4811888.0	0.13987577639751553	0.395732933763952
4819084.5	0.08671268334771355	0.2944701739526663
4825049.5	3.6025801081980857	15.321397270335334
