#Position (bp)	Coverage	Std
6038.0	18.7272049689441	6.572128867177736
18113.0	8.11511387163561	9.57314220931844
30188.0	18.151387163561076	5.61824888171523
42263.0	15.931262939958593	9.396863050863697
54338.0	20.0	0.0
66413.0	20.0	0.0
78488.0	20.0	0.0
90563.0	20.0	0.0
102638.0	13.861946169772256	9.833613709727087
114713.0	18.32935817805383	6.237925811237338
126788.0	16.20438923395445	7.729955712739303
138863.0	19.25465838509317	4.629771334385277
150938.0	19.65631469979296	5.428786091429742
163013.0	20.0	0.0
175088.0	18.942443064182196	6.8460140887009215
187163.0	15.199171842650104	8.263522076055056
199238.0	19.39544513457557	4.65677449037897
211313.0	19.692753623188405	5.497366205437596
223388.0	16.905175983436852	8.528612177422412
235463.0	18.683229813664596	6.453567232213821
247538.0	15.276687370600413	8.713004012589197
259613.0	19.645879917184264	5.293497710627855
271688.0	17.676190476190477	7.694288166775062
283763.0	18.735238095238095	6.733200088876981
295838.0	18.449026915113873	6.499880553130877
307913.0	13.956107660455487	9.821154334586545
319988.0	16.469068322981368	7.721841250513809
332063.0	18.869565217391305	6.736729152098743
344138.0	14.105672877846791	8.791997113882465
356213.0	20.0	0.0
368288.0	17.677101449275362	7.518402543864902
380363.0	18.216977225672878	5.80159184266721
392438.0	19.443478260869565	4.891527301106898
404513.0	10.393374741200828	9.85572108448885
416588.0	14.800828157349896	9.315229410207959
428663.0	19.307329192546582	4.420177712998966
440738.0	18.27494824016563	5.832088006674655
452813.0	18.375486542443063	5.957683766298214
464888.0	19.683643892339546	5.479455323462537
476963.0	19.61134575569358	5.343768259688151
489038.0	17.53151138716356	7.109938222804128
501113.0	17.996687370600416	8.343083323176998
513188.0	18.30807453416149	6.283370539894565
525263.0	15.786335403726708	9.096232696856557
537338.0	16.481987577639753	8.226312376813258
549413.0	20.0	0.0
561488.0	19.43022774327122	4.988143291743414
573563.0	14.13614906832298	8.808193061596228
585638.0	15.977805383022774	9.084225173229118
597713.0	19.70186335403727	5.516885429725773
609788.0	15.740786749482401	9.195169314175574
621863.0	19.993540372670807	6.226005701726396
633938.0	16.24248447204969	7.424964883396335
646013.0	19.01366459627329	3.4127394993273557
658088.0	13.941697722567287	9.458747744955012
670163.0	20.0	0.0
682238.0	16.643478260869564	8.226090895958508
694313.0	13.91055900621118	9.992150128085276
706388.0	18.70807453416149	6.492805382816462
718463.0	18.568944099378882	6.486297070705363
730538.0	20.0	0.0
742613.0	17.753871635610768	7.719615519448875
754688.0	6.333416149068323	8.74140098023815
766763.0	17.12761904761905	6.23935947235442
778838.0	18.633291925465837	6.640493134423299
790913.0	15.175155279503105	8.203503770955605
802988.0	13.791635610766045	9.670209959588565
815063.0	15.017971014492753	8.09424302738282
827138.0	11.505590062111802	9.717334194671484
839213.0	18.553457556935818	6.347722566443679
851288.0	18.631055900621117	6.693824600680771
863363.0	16.45879917184265	8.15521273934755
875438.0	20.0	0.0
887513.0	3.624016563146998	7.884229613890939
899588.0	12.582194616977226	9.91018883019408
911663.0	15.0351966873706	8.546523514400144
923738.0	20.0	0.0
935813.0	18.977225672877847	7.092725109744607
947888.0	17.705093167701865	7.593917147279889
959963.0	17.038260869565217	6.512621922576052
972038.0	17.63064182194617	7.418956191613808
984113.0	18.27991718426501	5.912880280295696
996188.0	18.694824016563146	6.669990889642121
1008263.0	17.370434782608697	7.18481836282813
1020338.0	15.573498964803312	8.786357767342222
1032413.0	20.0	0.0
1044488.0	9.47080745341615	9.88576155758872
1056563.0	19.306832298136644	4.448918727824871
1068638.0	6.544265010351967	8.991507380241874
1080713.0	0.7713457556935818	2.6718686321706837
1092788.0	14.339627329192547	9.006586042030863
1104863.0	16.862939958592133	8.863445296603343
1116938.0	16.199585921325053	7.619045548653961
1129013.0	5.495320910973085	8.509329917929726
1141088.0	11.008861283643892	9.656412066386729
1153163.0	18.598757763975154	6.82723810367147
1165238.0	19.243064182194615	4.5971005354824825
1177313.0	17.971014492753625	8.067443454548629
1189388.0	20.0	0.0
1201463.0	19.651180124223604	5.335462825386063
1213538.0	15.628985507246377	9.144503604339178
1225613.0	13.858385093167701	10.230369274202298
1237688.0	11.238095238095237	9.659567608170233
1249763.0	17.52463768115942	7.671166201450023
1261838.0	20.0	0.0
1273913.0	15.596687370600414	8.959485529447601
1285988.0	18.814906832298135	6.756087662019671
1298063.0	19.64761904761905	5.3487716513283505
1310138.0	17.773664596273292	7.52408417351265
1322213.0	16.43312629399586	8.10005751072291
1334288.0	18.26086956521739	5.765880940738746
1346363.0	18.34120082815735	5.686612078893532
1358438.0	19.14616977225673	4.0724189707460035
1370513.0	19.131097308488613	4.031069809557234
1382588.0	15.513871635610766	8.636870263603047
1394663.0	17.617888198757765	7.143480718122386
1406738.0	18.45648033126294	5.917178556575202
1418813.0	15.62815734989648	8.461604916561345
1430888.0	19.467494824016562	5.069414641091475
1442963.0	19.66873706004141	5.4531849109376305
1455038.0	19.670393374741202	5.457040962486225
1467113.0	15.767536231884058	8.791997113882465
1479188.0	19.14120082815735	4.061382032826159
1491263.0	18.896066252587993	6.974012690128287
1503338.0	13.870310559006212	9.85103540500818
1515413.0	19.399585921325052	4.667255212813214
1527488.0	19.58592132505176	5.298110917682478
1539563.0	18.262277432712214	6.093644654554732
1551638.0	17.696977225672878	7.705027801127591
1563713.0	19.03287784679089	3.6582700773168932
1575788.0	19.770931677018634	5.630830541580145
1587863.0	18.405217391304348	6.355793236131543
1599938.0	19.43577639751553	4.983068641398202
1612013.0	18.189730848861284	5.2220189966770825
1624088.0	12.123146997929606	9.211888079410086
1636163.0	16.62144927536232	8.197732353217544
1648238.0	12.789233954451346	10.004504161609846
1660313.0	0.6492753623188405	2.3461170069610695
1672388.0	8.293084886128364	9.405187767174976
1684463.0	17.97606625258799	7.884024783756726
1696538.0	9.724223602484471	9.822242051761677
1708613.0	17.456314699792962	6.589036631155428
1720688.0	18.46086956521739	5.998005189443237
1732763.0	14.451345755693582	9.36664272080521
1744838.0	18.709482401656313	6.802417059162933
1756913.0	18.798343685300207	7.02323856331139
1768988.0	18.65590062111801	6.418993555135383
1781063.0	16.875859213250518	8.570931662615061
1793138.0	17.490683229813666	7.146505900357944
1805213.0	17.077018633540373	6.860430543805308
1817288.0	16.08737060041408	7.77812934234528
1829363.0	16.193788819875778	7.561808803517341
1841438.0	12.271221532091097	9.42235129539052
1853513.0	19.67536231884058	5.463320189667087
1865588.0	18.921739130434784	6.814197819660493
1877663.0	18.657805383022776	6.396964860016809
1889738.0	16.722898550724636	8.22760590723713
1901813.0	12.745341614906833	9.881333176328734
1913888.0	18.720993788819875	6.470356037064484
1925963.0	12.368778467908903	9.207733719458183
1938038.0	18.19047619047619	5.03521347523626
1950113.0	18.284886128364388	6.0328568952728
1962188.0	18.005797101449275	5.134320036385037
1974263.0	13.579296066252589	9.724737405109904
1986338.0	13.973250517598343	9.838800108633153
1998413.0	16.394368530020703	8.327708246431376
2010488.0	19.497805383022776	5.164915885826261
2022563.0	19.641739130434782	5.358308499824926
2034638.0	15.509730848861283	8.201888385297993
2046713.0	18.580538302277432	6.703912519132556
2058788.0	20.0	0.0
2070863.0	20.0	0.0
2082938.0	18.15701863354037	5.302368703856384
2095013.0	18.8231884057971	6.6723371329493695
2107088.0	15.560910973084885	8.918397018692472
2119163.0	14.777639751552796	9.130124415507714
2131238.0	13.125300207039338	9.394915148197025
2143313.0	17.82608695652174	7.964751539172164
2155388.0	19.681159420289855	5.472574195292501
2167463.0	19.587577639751554	5.300298831373884
2179538.0	18.728033126293997	6.541227748327263
2191613.0	17.2279917184265	6.595104527352698
2203688.0	18.11080745341615	5.7322450698110154
2215763.0	19.539544513457557	5.207456033773622
2227838.0	19.666252587991718	5.444019645122555
2239913.0	14.620124223602485	9.313006555205924
2251988.0	15.413333333333334	8.736127127295312
2264063.0	11.605962732919254	9.562993718563432
2276138.0	19.095403726708074	3.6772930903110934
2288213.0	18.402236024844722	6.49845976336441
2300288.0	13.487370600414078	9.48976129089547
2312363.0	15.719585921325052	8.715835995557125
2324438.0	16.711138716356107	8.376754783562292
2336513.0	18.361076604554864	5.973398587339523
2348588.0	18.895155279503104	6.964203057321239
2360663.0	16.149896480331265	7.849632397664742
2372738.0	17.207453416149068	7.055561804771636
2384813.0	18.56645962732919	6.579571874031672
2396888.0	16.74534161490683	8.024744341044793
2408963.0	15.368944099378883	8.16146071446704
2421038.0	19.669565217391305	5.451985031779664
2433113.0	19.313457556935816	4.889037892202019
2445188.0	9.979296066252587	10.15853219700147
2457263.0	16.429151138716357	7.852121866437316
2469338.0	13.621449275362318	9.543493116755794
2481413.0	19.664596273291924	5.445236488351876
2493488.0	17.078757763975155	6.697083818873604
2505563.0	19.553623188405798	5.234184499098253
2517638.0	19.14095238095238	4.0188994507241755
2529713.0	19.677018633540374	5.467259978912527
2541788.0	19.542857142857144	5.21476642045219
2553863.0	10.29399585921325	10.158511816149085
2565938.0	14.837349896480331	9.968521884985185
2578013.0	18.332587991718427	6.120460881981641
2590088.0	19.427743271221534	4.984406325553671
2602163.0	15.597101449275362	8.211389353445107
2614238.0	19.61242236024845	5.225490952396892
2626313.0	19.081573498964804	3.9067282833487638
2638388.0	17.92215320910973	7.8423968533731525
2650463.0	18.46633540372671	6.510109990706556
2662538.0	15.332256728778468	8.393174788050962
2674613.0	18.514285714285716	6.048581785419358
2686688.0	17.700207039337474	7.634155569736575
2698763.0	16.699792960662524	8.75524096221333
2710838.0	20.0	0.0
2722913.0	20.0	0.0
2734988.0	18.890600414078676	7.100683780096642
2747063.0	15.730848861283643	9.029489299989981
2759138.0	17.21656314699793	7.258464039109056
2771213.0	17.8592132505176	7.58538968319774
2783288.0	14.403892339544514	8.991327774877274
2795363.0	12.860289855072464	9.079934878142263
2807438.0	18.169772256728777	5.478011759428684
2819513.0	17.029399585921325	6.899845468908996
2831588.0	15.464182194616978	8.883674281346655
2843663.0	19.1287784679089	4.034027112105325
2855738.0	18.194616977225675	5.641989869668415
2867813.0	19.07329192546584	3.731473213027868
2879888.0	18.63511387163561	6.456652723295096
2891963.0	17.08405797101449	6.973983002803736
2904038.0	20.0	0.0
2916113.0	13.88463768115942	9.749695541246297
2928188.0	20.0	0.0
2940263.0	19.54534161490683	5.347432192735184
2952338.0	18.053002070393376	5.744166182708815
2964413.0	16.688198757763974	8.741988346391638
2976488.0	16.997101449275362	8.455402428491697
2988563.0	15.926542443064182	9.103035691414807
3000638.0	15.534906832298137	8.803410782638029
3012713.0	20.0	0.0
3024788.0	19.925962732919256	6.016533466061681
3036863.0	17.697722567287784	7.633092386371464
3048938.0	15.825590062111802	9.210170811489416
3061013.0	18.53159420289855	6.320317889114573
3073088.0	20.0	0.0
3085163.0	19.25631469979296	4.485956923980606
3097238.0	17.15097308488613	6.476145110059102
3109313.0	18.512629399585922	5.9606716589037845
3121388.0	10.454658385093168	10.051544178516593
3133463.0	17.542028985507248	7.691381533670031
3145538.0	16.154865424430643	7.857667590232623
3157613.0	17.862360248447207	7.704517241289363
3169688.0	19.672049689440993	5.454278241776481
3181763.0	19.69109730848861	5.494623760472696
3193838.0	16.837101449275362	8.579198686562732
3205913.0	13.891180124223602	9.929461359940465
3217988.0	17.306749482401656	7.348429783964401
3230063.0	16.08447204968944	6.86059954282106
3242138.0	18.46111801242236	6.4585315203679174
3254213.0	17.755859213250517	7.60193393722422
3266288.0	17.13159420289855	6.5507795120367875
3278363.0	13.11022774327122	8.738278750872526
3290438.0	16.560165631469978	8.228033683832209
3302513.0	17.0120082815735	6.870762010171368
3314588.0	17.074120082815735	6.862838386894862
3326663.0	19.09432712215321	4.057812034744434
3338738.0	16.98368530020704	8.854919910719621
3350813.0	15.318426501035196	7.812931892823896
3362888.0	13.723892339544513	9.925090025197836
3374963.0	18.139130434782608	5.551580082090819
3387038.0	17.767122153209108	7.710888754418831
3399113.0	15.121242236024845	7.906241473943633
3411188.0	19.87983436853002	5.9531504264548865
3423263.0	15.95776397515528	9.278104861105236
3435338.0	19.546997929606626	5.219607879737661
3447413.0	18.194616977225675	5.6435749209343165
3459488.0	5.622028985507247	8.357028011456286
3471563.0	11.071138716356108	9.679403331883822
3483638.0	16.083229813664595	7.7637209068101205
3495713.0	15.307080745341615	8.385168805732006
3507788.0	19.695238095238096	5.503509138398783
3519863.0	20.0	0.0
3531938.0	20.0	0.0
3544013.0	16.109316770186336	7.457218215907908
3556088.0	18.447453416149067	6.497223487265793
3568163.0	19.67461697722567	5.458383868082729
3580238.0	12.298964803312629	9.238608339894652
3592313.0	15.20496894409938	8.66498629991068
3604388.0	18.848033126293995	7.0003844910672095
3616463.0	16.660869565217393	7.992377320803569
3628538.0	15.513043478260869	8.941146424194272
3640613.0	20.0	0.0
3652688.0	9.935403726708074	10.723921133244579
3664763.0	14.19320910973085	8.929514649971631
3676838.0	15.894658385093168	9.263991153444465
3688913.0	18.902028985507247	6.715144652340958
3700988.0	19.298550724637682	4.443368054610946
3713063.0	17.709316770186334	7.562383753362843
3725138.0	17.547329192546584	7.034096197577213
3737213.0	17.54376811594203	7.39188744503053
3749288.0	19.681987577639752	5.476703909678311
3761363.0	18.01904761904762	5.072362495291901
3773438.0	19.324223602484473	4.493648611851055
3785513.0	18.872049689440995	6.938594913877161
3797588.0	19.685300207039337	5.482598105604463
3809663.0	19.68024844720497	5.438928770426422
3821738.0	17.533002070393376	7.164485680944849
3833813.0	15.107246376811593	8.473683533705966
3845888.0	18.785093167701863	6.716501110218107
3857963.0	17.473788819875775	7.15633758998717
3870038.0	20.0	0.0
3882113.0	18.78592132505176	6.8085927927733625
3894188.0	18.974741200828156	7.0771202808755005
3906263.0	16.84679089026915	8.593603476070662
3918338.0	19.989233954451347	6.213489632738518
3930413.0	18.874534161490683	6.9552845690778895
3942488.0	18.551552795031057	6.662586743285315
3954563.0	14.805714285714286	9.487675344195384
3966638.0	19.9584265010352	6.109511303237699
3978713.0	18.54327122153209	6.648276913706665
3990788.0	18.792546583850932	6.628828437938888
4002863.0	15.99801242236025	9.60366131009451
4014938.0	16.024016563146997	7.858426396196038
4027013.0	15.853416149068323	9.052965838673561
4039088.0	18.072049689440995	5.582477762697714
4051163.0	19.175155279503105	4.135800372418486
4063238.0	17.14120082815735	6.787011099794744
4075313.0	16.47718426501035	7.894322723510861
4087388.0	20.0	0.0
4099463.0	12.001656314699792	9.200225040005787
4111538.0	13.273540372670807	9.4615928431969
4123613.0	19.087867494824017	3.754836770332719
4135688.0	14.47287784679089	9.526860794855507
4147763.0	19.57416149068323	5.0975007069697345
4159838.0	19.37109730848861	4.603491338666339
4171913.0	14.156521739130435	8.976186577040302
4183988.0	15.367287784679089	9.000644099335256
4196063.0	18.53913043478261	6.641858603906417
4208138.0	14.337060041407868	8.958824604951111
4220213.0	8.96248447204969	10.304554863344512
4232288.0	15.960082815734989	9.552752088470008
4244363.0	19.172670807453414	4.596379887969898
4256438.0	20.0	0.0
4268513.0	18.265010351966875	5.527945192730315
4280588.0	17.744927536231884	7.608619934553744
4292663.0	19.613167701863354	5.224825276680803
4304738.0	19.335817805383023	4.5153797453045295
4316813.0	19.44513457556936	5.023382180366205
4328888.0	17.452587991718428	7.217789158133048
4340963.0	19.518840579710144	5.168265964991171
4353038.0	14.925051759834368	9.446819658293192
4365113.0	12.646790890269152	9.872965366827515
4377188.0	19.434368530020706	5.0011592858954765
4389263.0	10.159006211180124	10.02469001704732
4401338.0	18.633540372670808	6.781047757953941
4413413.0	15.398674948240165	8.600110741258204
4425488.0	17.271469979296068	7.132766371307871
4437563.0	16.69233954451346	8.470345298888448
4449638.0	16.04472049689441	7.184074865772115
4461713.0	20.0	0.0
4473788.0	18.528364389233953	6.625066896806671
4485863.0	17.27486542443064	7.323277502234991
4497938.0	18.163064182194617	5.433467335669248
4510013.0	19.72712215320911	5.591164280578988
4522088.0	13.155859213250517	9.13234644288066
4534163.0	16.639337474120083	8.456900841481477
4546238.0	15.548488612836438	8.487872239570969
4558313.0	17.741614906832297	7.517174263158431
4570388.0	16.288115942028984	8.110785703031297
4582463.0	19.018219461697722	3.3185094810748166
4594538.0	18.910973084886127	6.997485499279679
4606613.0	13.802815734989649	9.277707648619378
4618688.0	19.671469979296067	5.446034893962081
4630763.0	16.271635610766044	7.833463282477911
4642838.0	20.0	0.0
4651302.0	19.870183391716463	5.889759279677995
4657339.5	12.291055109387981	9.746723313094021
4666988.0	12.432629399585922	8.939057527636885
4679063.0	20.0	0.0
4691138.0	20.0	0.0
4703213.0	16.266666666666666	7.663524425827766
4715288.0	15.084968944099378	8.028747520596372
4722679.5	14.087887740029542	8.043181098677016
4728717.0	0.0	0.0
4739438.0	4.318840579710145	8.306947876493167
4751513.0	20.0	0.0
4763588.0	18.212836438923397	5.908705021496327
4775663.0	19.14335403726708	4.527084354595484
4787738.0	17.290269151138716	7.448901151471217
4799813.0	13.933002070393375	9.883046948043184
4811888.0	14.436273291925465	8.805418997793806
4819084.5	19.72389991371872	5.461924049516983
4825049.5	15.041094465251769	8.302195258425954
