#Position (bp)	Coverage	Std
6038.0	18.624927536231883	6.411241421374414
18113.0	7.51527950310559	9.799209838428654
30188.0	17.90807453416149	7.825768339499942
42263.0	15.974327122153209	9.44179072042383
54338.0	20.0	0.0
66413.0	20.0	0.0
78488.0	20.0	0.0
90563.0	19.36231884057971	4.571955197409761
102638.0	13.850434782608696	9.87738073091848
114713.0	18.23726708074534	5.730532803429373
126788.0	16.856894409937887	8.785094660773883
138863.0	19.250517598343684	4.619474484555311
150938.0	19.660455486542443	5.43755059946472
163013.0	20.0	0.0
175088.0	18.80745341614907	6.644476527385837
187163.0	15.848695652173912	9.283931665170803
199238.0	19.695238095238096	5.503102832652639
211313.0	19.692753623188405	5.497366205437596
223388.0	16.91296066252588	8.550025728533928
235463.0	18.700124223602483	6.343761709695566
247538.0	15.47089026915114	8.903401541333018
259613.0	19.678592132505177	5.458717646451895
271688.0	16.98633540372671	8.677053816818159
283763.0	18.17623188405797	5.851962562979132
295838.0	18.44935817805383	6.500173592203403
307913.0	14.646956521739131	9.472094789968317
319988.0	16.811097308488613	8.298778876971076
332063.0	19.17349896480331	4.133837543547028
344138.0	14.131014492753623	8.66662525870025
356213.0	19.789482401656315	5.75930608886685
368288.0	17.685383022774328	7.531389111324004
380363.0	18.258385093167703	5.8767605617204595
392438.0	19.443478260869565	4.891527301106898
404513.0	10.434782608695652	9.897721259379068
416588.0	15.006211180124224	7.868047392603625
428663.0	19.641242236024844	5.370812924500285
440738.0	18.23983436853002	5.351790010332971
452813.0	18.04488612836439	5.119200248097766
464888.0	19.331677018633542	4.50079358081915
476963.0	19.283478260869565	4.233466195075227
489038.0	17.406211180124224	7.053765715279006
501113.0	18.115942028985508	6.08334113275543
513188.0	18.015734989648035	5.5681436406116935
525263.0	16.04223602484472	7.452219089518106
537338.0	16.390062111801242	8.177685134650922
549413.0	20.000082815734988	0.05827044820980982
561488.0	19.444306418219462	5.0204962924769
573563.0	13.685300207039338	9.725129132611183
585638.0	16.768115942028984	8.373313618417797
597713.0	20.0	0.0
609788.0	15.73167701863354	9.183769101345717
621863.0	19.374327122153208	4.645548192885565
633938.0	15.986501035196687	8.899410267292437
646013.0	18.31337474120083	5.498051602938213
658088.0	13.74327122153209	9.260110584281719
670163.0	19.920745341614907	6.041773148201372
682238.0	17.0472049689441	6.796625639449016
694313.0	14.206708074534161	8.798842385745557
706388.0	18.660041407867496	6.419948207707599
718463.0	18.13648033126294	5.341024475048224
730538.0	19.678674948240165	5.4697133357384695
742613.0	17.513871635610766	7.199580157991557
754688.0	5.711635610766046	8.685148314348812
766763.0	17.382857142857144	6.817508819285472
778838.0	18.613416149068325	6.617781430048941
790913.0	16.32	7.753415062704664
802988.0	0.0	0.0
815063.0	14.255403726708074	8.997961581902846
827138.0	11.631304347826086	9.791097490175032
839213.0	19.035942028985506	7.149506635745963
851288.0	18.58782608695652	6.551658080401057
863363.0	16.396190476190476	8.057371918685698
875438.0	19.99966873706004	6.241575688938278
887513.0	3.720910973084886	8.00385517876025
899588.0	12.614492753623189	10.078376089245394
911663.0	14.715527950310559	9.643423187128395
923738.0	20.0	0.0
935813.0	17.840993788819876	7.381040004822833
947888.0	17.366045548654245	6.807120860535523
959963.0	17.180372670807454	6.795699529194719
972038.0	17.41134575569358	7.159762189973717
984113.0	18.735403726708075	6.841597285440666
996188.0	18.612008281573498	6.647778626167231
1008263.0	17.41151138716356	7.249307813034011
1020338.0	15.50832298136646	8.683427017134695
1032413.0	19.59337474120083	5.304906124099392
1044488.0	8.611594202898551	9.651573853356295
1056563.0	19.029896480331264	3.450963798523011
1068638.0	6.3486542443064184	8.862454828661306
1080713.0	4.038923395445135	6.549989331933847
1092788.0	14.544927536231883	9.097985124923722
1104863.0	16.866252587991717	8.867742271969252
1116938.0	16.31718426501035	7.812990191660913
1129013.0	5.530931677018634	8.514486498389845
1141088.0	10.683229813664596	10.24350321804283
1153163.0	18.559006211180126	6.768518038605157
1165238.0	19.262111801242234	4.644505202002529
1177313.0	17.6	7.411182865776508
1189388.0	20.0	0.0
1201463.0	19.643726708074535	5.319560373497775
1213538.0	15.09648033126294	8.386734077614053
1225613.0	14.003312629399586	8.964794266009905
1237688.0	11.164057971014493	9.615691971517043
1249763.0	17.441325051759833	7.503158755107598
1261838.0	19.650848861283645	5.415987375784623
1273913.0	15.688612836438923	9.058827752443866
1285988.0	18.751966873706003	6.6573019112144864
1298063.0	19.961407867494824	6.126337264758895
1310138.0	17.791718426501035	7.549828950662725
1322213.0	15.933747412008282	9.24590671001331
1334288.0	17.596190476190475	7.367439978897019
1346363.0	18.923395445134574	6.774486297592852
1358438.0	19.172670807453414	4.144261916469339
1370513.0	19.32919254658385	4.507835368571589
1382588.0	15.13623188405797	8.01785275076309
1394663.0	17.224513457556935	6.612460788629256
1406738.0	17.96289855072464	7.532252253912049
1418813.0	15.712380952380952	8.661258067067845
1430888.0	18.824596273291924	6.678149531076725
1442963.0	18.9879917184265	6.918262805679414
1455038.0	18.73706004140787	6.337518503858549
1467113.0	15.111718426501035	8.278301102952147
1479188.0	18.47701863354037	5.898113534955184
1491263.0	18.0231884057971	5.074859889548747
1503338.0	14.157101449275363	8.89581286574999
1515413.0	19.399585921325052	4.667255212813214
1527488.0	18.851345755693583	6.707111271993839
1539563.0	17.73863354037267	7.605245002811876
1551638.0	17.112215320910973	6.711240223804757
1563713.0	17.086211180124224	6.048109401225521
1575788.0	19.305175983436854	4.455131732930459
1587863.0	18.5575983436853	6.688211563119357
1599938.0	19.14095238095238	4.043408356661044
1612013.0	18.255900621118013	5.550520838038441
1624088.0	11.814989648033126	10.070636651537368
1636163.0	16.410269151138717	8.071779431352532
1648238.0	11.304347826086957	9.58572523935405
1660313.0	1.1594202898550725	3.844266522129768
1672388.0	6.926873706004141	9.067686582507807
1684463.0	16.890766045548656	8.38976009991713
1696538.0	9.130103519668737	9.365824840783654
1708613.0	17.017556935817804	8.214454764666083
1720688.0	17.82857142857143	7.469961931826691
1732763.0	14.368530020703934	9.274502548143914
1744838.0	18.09656314699793	5.34852391548679
1756913.0	17.68447204968944	7.699947567781477
1768988.0	18.64430641821946	6.397243195071952
1781063.0	16.561490683229813	8.03025335491349
1793138.0	17.431884057971015	7.369092187558591
1805213.0	17.079006211180126	6.862168620636907
1817288.0	15.975652173913044	9.398515366658103
1829363.0	15.879089026915114	8.903824753334673
1841438.0	12.445134575569359	9.752629841221072
1853513.0	19.674534161490683	5.461546357290804
1865588.0	18.384430641821947	5.945160009304364
1877663.0	18.824761904761903	6.593823573373056
1889738.0	15.65391304347826	8.416104054336314
1901813.0	12.66351966873706	9.766033162277715
1913888.0	18.443892339544515	5.837736876791392
1925963.0	11.31304347826087	9.068563313982548
1938038.0	16.80910973084886	8.059786947027197
1950113.0	17.796521739130434	7.540246740722289
1962188.0	16.73805383022774	8.205648713383571
1974263.0	13.563064182194617	9.707460152310471
1986338.0	14.891097308488613	9.539335584591054
1998413.0	16.061863354037268	7.7437318537494795
2010488.0	19.419378881987576	4.857573966983981
2022563.0	19.262525879917185	4.323291438393166
2034638.0	14.761573498964804	9.163154230129194
2046713.0	17.89151138716356	7.796845993952694
2058788.0	19.70103519668737	5.516329982908133
2070863.0	18.84414078674948	6.601480478912102
2082938.0	15.849606625258799	8.302176122221764
2095013.0	18.833871635610766	6.6892206480162395
2107088.0	14.954948240165631	9.777029741133356
2119163.0	13.993623188405797	9.31234848835298
2131238.0	13.217474120082816	9.47387822013882
2143313.0	16.319337474120083	7.907812527165986
2155388.0	20.0	0.0
2167463.0	18.932505175983437	6.829130152042819
2179538.0	18.48927536231884	6.143474377964982
2191613.0	15.8120082815735	8.750893477009232
2203688.0	16.978053830227744	8.219292559967398
2215763.0	18.303105590062113	5.6209899439787785
2227838.0	19.01175983436853	3.3515362195649776
2239913.0	14.94608695652174	9.731569084839405
2251988.0	14.592132505175984	9.152989985402465
2264063.0	9.263768115942028	9.152433519970202
2276138.0	19.072298136645962	3.6089720266340253
2288213.0	18.074202898550723	5.739089026765735
2300288.0	13.488115942028985	9.488853654962766
2312363.0	14.31991718426501	8.516752459932608
2324438.0	15.688033126293996	8.898917048589743
2336513.0	18.358592132505176	5.97069447774577
2348588.0	18.891014492753623	6.957362009293782
2360663.0	15.82360248447205	9.133937807746252
2372738.0	17.53821946169772	7.685834352198919
2384813.0	17.866997929606626	7.668725981416591
2396888.0	15.155942028985507	7.710265803314694
2408963.0	13.653002070393375	9.253651285400874
2421038.0	18.38625258799172	5.518393861211199
2433113.0	18.94327122153209	7.129015159393134
2445188.0	7.329192546583851	8.65269617741871
2457263.0	15.513209109730848	8.472373812127412
2469338.0	12.0	8.98794223335142
2481413.0	19.011180124223603	3.3494723171437983
2493488.0	15.708819875776397	8.76129735044645
2505563.0	18.330351966873707	5.499760958479382
2517638.0	18.495569358178052	5.944170901131913
2529713.0	18.96066252587992	7.0607303477387
2541788.0	17.792546583850932	7.294457466518594
2553863.0	8.417142857142856	9.655005460111486
2565938.0	13.821863354037268	9.903614163474101
2578013.0	18.457225672877847	6.184499424067722
2590088.0	19.4351966873706	5.001573251452789
2602163.0	13.076438923395445	8.357870294471748
2614238.0	18.70616977225673	6.322217552616228
2626313.0	18.31320910973085	5.624112536387065
2638388.0	17.594782608695652	7.233909108759164
2650463.0	17.82766045548654	7.697952189310003
2662538.0	12.608198757763976	9.84698669634166
2674613.0	16.552049689440995	8.004625991705094
2686688.0	17.339461697722566	6.960813117349036
2698763.0	16.64985507246377	8.696192736821214
2710838.0	20.0	0.0
2722913.0	19.660621118012422	5.435372224745248
2734988.0	18.899378881987577	7.161144292474476
2747063.0	15.688612836438923	8.849320662654067
2759138.0	16.670062111801244	8.644489861694794
2771213.0	17.834368530020704	7.549527291085224
2783288.0	13.805051759834368	9.656900899856435
2795363.0	12.555693581780538	8.608503668102065
2807438.0	17.831138716356108	7.414104403053606
2819513.0	17.234782608695653	7.191765477490894
2831588.0	15.460041407867495	8.878872030276183
2843663.0	18.389233954451345	5.745939244839181
2855738.0	18.067080745341617	5.4080685063101885
2867813.0	18.678923395445135	6.596793248194179
2879888.0	18.747826086956522	6.655448117747832
2891963.0	15.763561076604555	8.740557756601138
2904038.0	19.681159420289855	5.473875467107338
2916113.0	13.245714285714286	9.427351072287783
2928188.0	19.68033126293996	5.471196931130634
2940263.0	18.349482401656314	5.811703762333212
2952338.0	18.054658385093166	5.747481219862386
2964413.0	15.775569358178053	9.152352083166615
2976488.0	16.457142857142856	7.5547415629401735
2988563.0	15.902360248447206	9.142877846767448
3000638.0	13.94351966873706	9.541119465897378
3012713.0	19.521490683229814	5.044801354259033
3024788.0	19.6192132505176	5.299267498894989
3036863.0	17.56505175983437	7.4165334856723595
3048938.0	15.423188405797102	8.652844528044003
3061013.0	17.154037267080746	6.027088609059043
3073088.0	20.0	0.0
3085163.0	19.298550724637682	4.583208166933865
3097238.0	16.80761904761905	8.026973161575038
3109313.0	18.427163561076604	5.821869243695125
3121388.0	10.256314699792961	9.687639132775008
3133463.0	17.542028985507248	7.691381533670031
3145538.0	16.14575569358178	7.844323817198544
3157613.0	17.580124223602486	7.214231391878789
3169688.0	20.0	0.0
3181763.0	19.379710144927536	4.616425799637751
3193838.0	16.30178053830228	7.796511403320833
3205913.0	13.977639751552795	9.99331039185673
3217988.0	17.236770186335402	7.268588649275797
3230063.0	16.59229813664596	7.734154307818203
3242138.0	18.130848861283646	5.764731780852945
3254213.0	17.74327122153209	7.520346452527673
3266288.0	16.215320910973084	7.815141644487032
3278363.0	12.960993788819875	10.073707655144904
3290438.0	16.081490683229813	7.270109542064904
3302513.0	16.57399585921325	8.474768299049083
3314588.0	15.867494824016562	8.948220036518224
3326663.0	18.73217391304348	6.508786862251635
3338738.0	16.65424430641822	8.313584881492492
3350813.0	15.551138716356107	8.243855858776877
3362888.0	13.325879917184265	9.455752901803145
3374963.0	17.85424430641822	7.66985980852334
3387038.0	16.857805383022775	8.023000063611113
3399113.0	14.756356107660455	9.391785318563203
3411188.0	19.88215320910973	5.957572559982245
3423263.0	15.530600414078675	8.76809102883034
3435338.0	19.262111801242234	4.354412816107917
3447413.0	18.504347826086956	6.376977223521875
3459488.0	4.359171842650103	7.167034031703366
3471563.0	10.939875776397516	10.588528501062145
3483638.0	16.38592132505176	8.3033580973954
3495713.0	16.001656314699794	7.659416862050706
3507788.0	20.0	0.0
3519863.0	19.686128364389234	5.4835798556350275
3531938.0	20.0	0.0
3544013.0	15.89648033126294	9.069919341041688
3556088.0	18.447453416149067	6.497223487265793
3568163.0	19.67461697722567	5.458383868082729
3580238.0	9.819875776397515	10.046772603754542
3592313.0	15.025258799171842	8.30024071091997
3604388.0	19.06824016563147	4.149164898889664
3616463.0	16.43975155279503	7.913423875460749
3628538.0	15.5151966873706	8.921767179579685
3640613.0	19.989151138716355	6.182617722677176
3652688.0	9.636438923395445	10.315812301358193
3664763.0	14.203146997929606	8.942489359346702
3676838.0	15.859958592132505	9.217428805736438
3688913.0	19.26550724637681	4.257683348350836
3700988.0	19.302691511387163	4.444132149138481
3713063.0	16.714202898550724	7.900467790222792
3725138.0	17.15271221532091	6.259482247951691
3737213.0	17.15536231884058	6.6222537180644325
3749288.0	19.68281573498965	5.478472834310061
3761363.0	17.914616977225673	7.564206876657848
3773438.0	19.001242236024844	3.3251535246861827
3785513.0	18.873706004140786	6.941339540533743
3797588.0	20.0	0.012869789042449443
3809663.0	19.97383022774327	6.1716844897478165
3821738.0	17.633871635610767	7.323526286365112
3833813.0	15.11552795031056	8.484915369046162
3845888.0	18.82650103519669	6.774865251194496
3857963.0	17.51287784679089	7.2394765490285105
3870038.0	19.972836438923395	6.1692418102597975
3882113.0	18.650931677018633	6.606791160691684
3894188.0	18.974741200828156	7.0771202808755005
3906263.0	16.841821946169773	8.586951437480478
3918338.0	19.822939958592134	5.840736503091946
3930413.0	18.749316770186336	6.855962631351227
3942488.0	18.224927536231885	5.933237954894409
3954563.0	14.726708074534162	9.405214183112884
3966638.0	19.96198757763975	6.116555953212433
3978713.0	18.53664596273292	6.636806835289398
3990788.0	18.795859213250516	6.634235817796075
4002863.0	15.64248447204969	9.117807298791098
4014938.0	16.121739130434783	7.89998558585576
4027013.0	16.04886128364389	7.365466958697782
4039088.0	18.152380952380952	5.726723523869526
4051163.0	19.175155279503105	4.135800372418486
4063238.0	17.137060041407867	6.779966836980767
4075313.0	16.478674948240165	7.819792269537368
4087388.0	20.0	0.0
4099463.0	12.532505175983436	9.931525395797497
4111538.0	13.972505175983438	10.298714466802984
4123613.0	19.417391304347827	4.834297754856304
4135688.0	14.460703933747412	9.51186683916704
4147763.0	19.50542443064182	4.90468150047666
4159838.0	19.5672049689441	5.260824392804367
4171913.0	14.125879917184266	8.934359200699406
4183988.0	14.795859213250518	9.796090824667488
4196063.0	18.530848861283644	6.627504019146989
4208138.0	14.320496894409938	8.937538023489749
4220213.0	8.688033126293996	9.940043865581753
4232288.0	15.960082815734989	9.552752088470008
4244363.0	19.1768115942029	4.606728358582938
4256438.0	20.0	0.0
4268513.0	18.67080745341615	6.438818610053221
4280588.0	17.415155279503107	6.976654356075038
4292663.0	18.98575569358178	6.7711542605898405
4304738.0	19.654492753623188	5.422909764191083
4316813.0	19.446790890269153	5.027172542107136
4328888.0	17.452587991718428	7.217789158133048
4340963.0	19.50128364389234	5.130245636405248
4353038.0	14.883146997929607	9.450579747133814
4365113.0	12.673623188405797	10.128491269864762
4377188.0	19.421946169772255	4.972512435095992
4389263.0	10.146583850931677	10.010429344047832
4401338.0	18.843892339544514	7.083763840284876
4413413.0	15.676190476190476	8.817021933532747
4425488.0	17.100041407867494	6.679085740983098
4437563.0	16.2968115942029	7.869694472932764
4449638.0	16.490103519668736	7.9085036917119735
4461713.0	19.662939958592133	5.440991567164432
4473788.0	18.525879917184266	6.6207528673120475
4485863.0	17.333250517598344	7.398561776190536
4497938.0	18.143105590062113	5.4005444093335875
4510013.0	19.73151138716356	5.591408671495676
4522088.0	13.042153209109731	9.081380400539121
4534163.0	16.30144927536232	7.879327986815216
4546238.0	15.936231884057971	8.826691123545457
4558313.0	17.278840579710145	6.817946115506814
4570388.0	16.259875776397514	8.074764513357017
4582463.0	19.33664596273292	4.510957443829569
4594538.0	18.897722567287786	6.97567497865744
4606613.0	14.092008281573499	8.207833454737244
4618688.0	19.68223602484472	5.469130384582276
4630763.0	15.430227743271221	8.435324522089276
4642838.0	19.687784679089027	5.4867202752538775
4651302.0	19.873274263342264	5.897713184944562
4657339.5	8.771808363334257	9.126969842730281
4666988.0	6.629068322981366	8.456910634157138
4679063.0	17.22865424430642	6.572765189478841
4691138.0	12.895072463768116	9.890782458418117
4703213.0	12.29648033126294	9.014357078592608
4715288.0	11.841656314699794	9.611513971698598
4722679.5	8.764401772525849	9.729920049282818
4728717.0	11.83196327532828	9.693669344765446
4739438.0	16.80944099378882	7.456773984832152
4751513.0	16.70335403726708	7.127382824103463
4763588.0	11.840993788819876	9.991909770887906
4775663.0	15.303022774327122	7.60698709003714
4787738.0	11.83536231884058	8.883664959102749
4799813.0	9.013002070393375	8.787309690354773
4811888.0	9.036190476190477	9.100246851246574
4819084.5	14.718723037100949	7.461086856731586
4825049.5	14.927070328755722	9.786915135279786
