#Position (bp)	Coverage	Std
6038.0	19.41209109730849	5.017361163348544
18113.0	8.478178053830227	10.00737616159958
30188.0	18.617805383022773	6.760560330581841
42263.0	16.563975155279504	8.521656736830737
54338.0	19.998509316770186	6.219311406299737
66413.0	19.99983436853002	6.244480792881887
78488.0	20.0	0.0
90563.0	20.0	0.0
102638.0	14.502774327122154	9.158964202288335
114713.0	19.98815734989648	6.172415763386947
126788.0	17.330766045548653	7.413355973571635
138863.0	19.637267080745342	5.386594817387706
150938.0	20.0	0.0
163013.0	20.0	0.0
175088.0	19.940455486542444	5.98409209304585
187163.0	16.382111801242235	8.302799547818973
199238.0	20.0	6.2423452088140845
211313.0	20.0	0.0
223388.0	18.606211180124223	6.741546351169659
235463.0	20.0	0.0
247538.0	16.527536231884056	8.477323301135026
259613.0	20.0	0.0
271688.0	20.0	0.0
283763.0	19.942360248447205	6.046000337646017
295838.0	18.448364389233955	6.4983132068377145
307913.0	16.570931677018635	8.305581948989916
319988.0	20.18062111801242	3.7039176841798334
332063.0	19.970517598343687	6.15464610981493
344138.0	20.0	0.0
356213.0	20.0	0.0
368288.0	18.448695652173914	6.480293426886681
380363.0	19.738302277432712	5.582737368150065
392438.0	19.714285714285715	5.649712794327258
404513.0	16.187991718426503	7.9831084612407555
416588.0	20.0	0.0
428663.0	19.961739130434783	6.124931232976879
440738.0	20.0	0.0
452813.0	20.0	0.0
464888.0	20.0	0.0
476963.0	19.907494824016563	5.962463675770793
489038.0	20.0	0.0
501113.0	20.0	0.0
513188.0	18.596273291925467	6.72678893982811
525263.0	18.449026915113873	6.499638467410272
537338.0	20.0	0.0
549413.0	19.968861283643893	6.107437003316729
561488.0	19.5055900621118	5.145461728311223
573563.0	14.989648033126294	9.919844385341918
585638.0	18.059627329192548	5.645203537638522
597713.0	20.0	0.0
609788.0	16.351966873706004	8.269127397065708
621863.0	20.0	0.06036466134701191
633938.0	18.6111801242236	6.74974733059802
646013.0	20.0	0.0
658088.0	17.58592132505176	7.524717035186594
670163.0	20.0	0.0
682238.0	19.942443064182196	6.066327658719066
694313.0	16.195610766045547	8.072866908615774
706388.0	20.0	0.0
718463.0	20.0	0.0
730538.0	20.0	0.0
742613.0	20.0	0.0
754688.0	17.42608695652174	7.537483969884995
766763.0	19.920828157349895	5.963192830779503
778838.0	19.766293995859215	5.599445402883734
790913.0	18.579958592132506	6.99642618027706
802988.0	19.727950310559006	5.338713642258522
815063.0	16.88008281573499	8.763140384564537
827138.0	16.75544513457557	8.63297160644954
839213.0	19.610766045548655	5.31385937424725
851288.0	19.065175983436852	4.1478074229910264
863363.0	16.559420289855073	8.282951634814676
875438.0	20.0	0.0
887513.0	19.618550724637682	5.324399868008726
899588.0	20.0	0.0
911663.0	15.093167701863354	8.614374812843302
923738.0	20.0	0.0
935813.0	19.27337474120083	4.370340464585973
947888.0	19.980124223602484	6.18265120991285
959963.0	19.85474120082816	5.838538346256189
972038.0	20.0	0.0
984113.0	20.0	0.0
996188.0	20.0	0.0
1008263.0	17.382857142857144	7.205398252362964
1020338.0	16.216977225672878	7.987847913281415
1032413.0	20.0	0.0
1044488.0	19.99966873706004	6.238709055824756
1056563.0	20.0	0.0
1068638.0	12.6631884057971	9.911358688691507
1080713.0	7.316853002070394	8.829059867089246
1092788.0	19.945258799171842	6.085614167276848
1104863.0	17.415320910973087	7.525993602850387
1116938.0	20.0	0.0
1129013.0	19.233871635610765	4.085990811415643
1141088.0	17.836356107660457	8.146520551833726
1153163.0	18.549896480331263	6.754984357094861
1165238.0	20.0	0.0
1177313.0	18.049689440993788	5.629337527079792
1189388.0	20.0	0.0
1201463.0	19.99296066252588	6.1907230401492175
1213538.0	15.97184265010352	9.649231081049233
1225613.0	14.526708074534161	9.655730231007691
1237688.0	16.386915113871634	8.177867419318456
1249763.0	18.588819875776398	6.712184156373268
1261838.0	20.0	0.0
1273913.0	16.696231884057973	8.750732592816048
1285988.0	19.609772256728778	5.299673805345397
1298063.0	20.0	0.0
1310138.0	9.729192546583851	10.593622832652525
1322213.0	10.523395445134575	10.447780035034022
1334288.0	19.996935817805383	6.22071607522903
1346363.0	19.597763975155278	5.192987786737912
1358438.0	20.0	0.0
1370513.0	20.0	0.0
1382588.0	18.470144927536232	6.533335445979291
1394663.0	19.87080745341615	5.838382316578297
1406738.0	19.955196687370602	6.082898677004229
1418813.0	18.51097308488613	6.519866121655137
1430888.0	19.904596273291926	5.953407778927514
1442963.0	20.0	0.0
1455038.0	19.99569358178054	6.213276375039933
1467113.0	20.0	0.0
1479188.0	20.0	0.0
1491263.0	20.0	0.0
1503338.0	16.381863354037268	8.300909177174622
1515413.0	20.0	0.0
1527488.0	20.0	0.0
1539563.0	18.598757763975154	6.728450764436121
1551638.0	19.804057971014494	5.564357141069824
1563713.0	20.0	0.0
1575788.0	19.968198757763975	6.1137119755581235
1587863.0	18.614575569358177	6.760774699260542
1599938.0	19.961159420289857	6.122070854930956
1612013.0	19.906915113871637	5.960984258772486
1624088.0	13.784679089026914	9.935339605916152
1636163.0	19.68223602484472	5.439050580894801
1648238.0	20.0	0.0
1660313.0	8.55072463768116	9.579705947760017
1672388.0	17.0583850931677	6.970574057530083
1684463.0	20.0	0.0
1696538.0	17.62815734989648	7.806060182278777
1708613.0	19.993954451345754	6.1945143701159875
1720688.0	19.450931677018634	5.167865352167822
1732763.0	15.819958592132505	9.396633906802368
1744838.0	20.0	0.0
1756913.0	20.0	0.0
1768988.0	19.333333333333332	4.5687479200472225
1781063.0	17.625672877846792	7.802080733247763
1793138.0	20.0	0.0
1805213.0	17.54550724637681	7.693954498033206
1817288.0	16.062939958592132	7.706081059799919
1829363.0	17.214906832298137	7.070277213502765
1841438.0	13.998343685300208	10.301914433433662
1853513.0	19.695238095238096	5.497230622182187
1865588.0	19.63031055900621	5.373279492560945
1877663.0	19.92670807453416	6.019210103423133
1889738.0	19.624596273291925	5.362487602962405
1901813.0	17.47494824016563	7.350187671017106
1913888.0	20.0	0.0
1925963.0	16.51966873706004	8.395581998971203
1938038.0	19.96463768115942	6.107131899787974
1950113.0	20.0	0.0
1962188.0	20.0	0.0
1974263.0	13.913209109730849	10.189910976759597
1986338.0	19.993374741200828	6.225513523681431
1998413.0	16.40944099378882	8.342333855791836
2010488.0	20.0	0.0
2022563.0	20.0	0.0
2034638.0	18.233457556935818	5.937932941609196
2046713.0	18.843064182194617	7.080665068013244
2058788.0	20.0	0.0
2070863.0	20.0	0.0
2082938.0	19.819461697722566	5.723664146588266
2095013.0	19.99983436853002	6.241867586955436
2107088.0	20.0	0.0
2119163.0	19.72886128364389	5.429472519743523
2131238.0	16.784596273291925	8.782572617436095
2143313.0	19.678509316770185	5.587482312467084
2155388.0	20.0	0.0
2167463.0	20.0	0.0
2179538.0	20.0	0.0
2191613.0	20.0	0.0
2203688.0	19.44182194616977	5.015792863927918
2215763.0	20.0	0.0
2227838.0	19.692256728778467	5.423932855322566
2239913.0	16.076024844720497	7.690773154789219
2251988.0	18.486459627329193	6.584026092439286
2264063.0	19.03271221532091	4.282517786551799
2276138.0	20.0	0.0
2288213.0	18.917184265010352	7.27884708637517
2300288.0	14.550227743271222	9.394593396904822
2312363.0	19.323643892339543	4.716211414209469
2324438.0	19.28703933747412	4.399096462847911
2336513.0	19.627329192546583	5.350451307370865
2348588.0	20.0	0.0
2360663.0	16.5648033126294	8.522774264253414
2372738.0	17.629813664596274	7.807863531034253
2384813.0	18.86857142857143	7.211378173087269
2396888.0	19.582608695652173	5.4081833553392915
2408963.0	17.628985507246377	7.807280140254082
2421038.0	20.0	0.0
2433113.0	20.0	0.0
2445188.0	14.87296066252588	9.577384507048844
2457263.0	18.359420289855073	6.468141386988257
2469338.0	17.606128364389235	7.77265472606903
2481413.0	20.0	6.2423452088140845
2493488.0	20.0	0.0
2505563.0	20.0	0.0
2517638.0	19.86567287784679	5.8423243339606215
2529713.0	20.0	0.0
2541788.0	20.0	0.0
2553863.0	9.952215320910973	10.660233567335423
2565938.0	14.453002070393374	9.431615042973318
2578013.0	19.99751552795031	6.2195244570666075
2590088.0	20.0	0.0
2602163.0	18.113788819875776	5.543937057294041
2614238.0	19.876438923395444	5.814702575845873
2626313.0	20.0	0.0
2638388.0	18.381614906832297	6.1680133944370175
2650463.0	18.63296066252588	6.762164868295074
2662538.0	16.382443064182194	8.301253366414988
2674613.0	20.0	0.0
2686688.0	18.399171842650105	6.319315422734356
2698763.0	16.735403726708075	8.79567934586519
2710838.0	19.890683229813664	5.873285838646292
2722913.0	20.0	0.0
2734988.0	20.0	0.0
2747063.0	17.606376811594203	7.7641635753534155
2759138.0	20.0	0.012869789042449443
2771213.0	18.849855072463768	6.714700661157137
2783288.0	19.503105590062113	4.89814263187956
2795363.0	19.523561076604555	4.942317374996944
2807438.0	20.0	0.0
2819513.0	20.0	0.0
2831588.0	16.382443064182194	8.301642432720486
2843663.0	19.457556935817806	5.051740572885252
2855738.0	20.0	0.0
2867813.0	20.0	0.0
2879888.0	19.55751552795031	5.364186122201874
2891963.0	17.12008281573499	6.830876193082218
2904038.0	20.0	0.0
2916113.0	19.995610766045548	6.20945648961971
2928188.0	20.0	0.0
2940263.0	19.839337474120082	5.844946145614569
2952338.0	18.535652173913043	6.570049364673323
2964413.0	17.2703933747412	7.421166081158727
2976488.0	18.653581780538303	6.741153239463527
2988563.0	17.483146997929605	7.337563244601714
3000638.0	20.0	0.0
3012713.0	20.0	0.0
3024788.0	19.96703933747412	6.143818115406467
3036863.0	20.0	0.0
3048938.0	16.488281573498966	8.431293380883751
3061013.0	18.855320910973084	6.952140442250752
3073088.0	20.0	0.0
3085163.0	19.302691511387163	4.593045422439016
3097238.0	18.07768115942029	5.788072264433322
3109313.0	19.902277432712214	5.899903497824678
3121388.0	17.424844720496896	7.533555027060975
3133463.0	17.60910973084886	7.7748599476112075
3145538.0	16.56472049689441	8.520645977124904
3157613.0	18.56281573498965	6.604847959124191
3169688.0	20.0	0.0
3181763.0	20.0	0.0
3193838.0	17.541449275362318	7.606284859126567
3205913.0	18.389482401656316	6.076114864175141
3217988.0	19.92182194616977	6.002794380342443
3230063.0	19.739627329192547	5.544990091413297
3242138.0	18.349482401656314	6.162411939409203
3254213.0	18.888612836438924	7.240729062041783
3266288.0	19.167701863354036	4.286480262812164
3278363.0	15.055320910973085	8.387538819785943
3290438.0	17.638674948240165	7.841726264506649
3302513.0	19.946915113871636	6.080236456119026
3314588.0	20.163975155279502	2.7736112299055833
3326663.0	19.915693581780538	5.981275129427925
3338738.0	18.606211180124223	6.743020315953856
3350813.0	18.60703933747412	6.742958907187302
3362888.0	20.0	0.0
3374963.0	20.0	6.2423452088140845
3387038.0	19.999006211180124	6.227548494267003
3399113.0	20.0	0.0
3411188.0	20.0	0.0
3423263.0	17.238095238095237	7.102998521168255
3435338.0	20.0	0.0
3447413.0	19.310144927536232	4.746274555186322
3459488.0	19.9479917184265	6.045753775697129
3471563.0	20.0	6.2423452088140845
3483638.0	16.385093167701864	8.303657304927821
3495713.0	20.0	0.0
3507788.0	20.0	0.0
3519863.0	20.0	0.0
3531938.0	20.0	0.0
3544013.0	17.204968944099377	7.051628594765135
3556088.0	18.379378881987577	6.273405037620764
3568163.0	19.997846790890268	6.2384170100186696
3580238.0	16.301532091097307	8.112955158748722
3592313.0	20.0	0.0
3604388.0	20.000662525879918	0.16581563260613075
3616463.0	20.0	0.0
3628538.0	16.003312629399584	7.662876009505832
3640613.0	20.0	0.0
3652688.0	10.320496894409938	10.183167209171119
3664763.0	14.686211180124223	9.607467764869268
3676838.0	16.391304347826086	7.905000121133071
3688913.0	19.997267080745342	6.237069439783989
3700988.0	19.9455900621118	6.076353379566952
3713063.0	18.448281573498964	6.4983068347398385
3725138.0	19.947577639751554	6.081680055555094
3737213.0	20.0	0.0
3749288.0	19.628985507246377	5.371383419042856
3761363.0	19.945341614906834	6.075147077090529
3773438.0	19.631304347826088	5.324555405773437
3785513.0	20.0	0.0
3797588.0	19.998592132505177	6.2310516079379985
3809663.0	20.0	0.0
3821738.0	18.56496894409938	6.632150814829368
3833813.0	15.172670807453416	8.55010805932223
3845888.0	20.0	0.0
3857963.0	19.9175983436853	6.001062707820042
3870038.0	20.0	0.0
3882113.0	20.0	0.0
3894188.0	19.46335403726708	5.060012520545234
3906263.0	17.323146997929605	7.281810345289276
3918338.0	20.0	0.0
3930413.0	19.46086956521739	5.058293724540589
3942488.0	18.62608695652174	6.773899488899603
3954563.0	16.122650103519668	7.8190773761673915
3966638.0	19.996107660455486	6.2136962191544045
3978713.0	18.62857142857143	6.778116046723981
3990788.0	20.0	0.0
4002863.0	16.049689440993788	7.892727999842836
4014938.0	18.488612836438925	6.088117605913741
4027013.0	17.507246376811594	7.354704414089907
4039088.0	19.966045548654243	6.140501257518136
4051163.0	20.0	0.0
4063238.0	18.608695652173914	6.747992570143218
4075313.0	19.78542443064182	5.598535744681109
4087388.0	20.0	0.0
4099463.0	14.275776397515529	9.198919731338158
4111538.0	19.999917184265012	6.244752662660497
4123613.0	20.0	0.0
4135688.0	14.485300207039337	9.536201048362111
4147763.0	19.85142857142857	5.803711242144516
4159838.0	19.999585921325053	6.243731431973748
4171913.0	15.423768115942028	9.056322500092014
4183988.0	15.393788819875777	9.02838862933115
4196063.0	18.448447204968943	6.5005239476678245
4208138.0	16.538302277432713	8.490452560322627
4220213.0	10.331262939958592	10.156391984196256
4232288.0	15.953623188405798	9.533816895466018
4244363.0	19.118426501035195	4.472043363234544
4256438.0	20.0	0.0
4268513.0	19.934741200828157	6.008268974193197
4280588.0	18.244306418219463	5.960254833575444
4292663.0	19.52190476190476	4.979510814358228
4304738.0	20.0	0.0
4316813.0	20.0	0.0
4328888.0	18.605383022774326	6.743081724161169
4340963.0	19.732422360248446	5.544549484449323
4353038.0	17.615734989648033	7.786780750178198
4365113.0	18.061283643892338	5.8749564995526224
4377188.0	20.0	0.0
4389263.0	10.222111801242235	10.086729489841701
4401338.0	20.0	0.0
4413413.0	16.779296066252588	8.768992992085128
4425488.0	19.635196687370602	5.381495785969726
4437563.0	18.281573498964804	5.758910640028576
4449638.0	20.0	0.0
4461713.0	20.0	0.0
4473788.0	18.592132505175982	6.718596915536574
4485863.0	19.998592132505177	6.224881616441902
4497938.0	20.0	0.0
4510013.0	20.0	0.0
4522088.0	16.381946169772256	8.2998266339249
4534163.0	20.0	0.0
4546238.0	20.0	0.0
4558313.0	19.252173913043478	4.763604251597576
4570388.0	17.69167701863354	7.965500144158171
4582463.0	20.0	0.0
4594538.0	20.0	0.0
4606613.0	16.902525879917185	8.87623668227428
4618688.0	19.644057971014494	5.4492805382998215
4630763.0	20.0	0.0
4642838.0	20.0	0.0
4651302.0	19.874304553884194	5.900071072156768
4657339.5	13.528108557186375	9.734583491727209
4666988.0	17.797101449275363	8.016468556411983
4679063.0	20.0	0.0
4691138.0	20.0	0.0
4703213.0	18.411594202898552	6.0077244962788034
4715288.0	17.68041407867495	7.492074487364871
4722679.5	17.581979320531758	7.009173141254024
4728717.0	15.674175296252802	9.31401242068591
4739438.0	20.0	0.0
4751513.0	19.705341614906832	5.469955582879528
4763588.0	18.613664596273292	6.754248720353546
4775663.0	19.228571428571428	4.706851532155621
4787738.0	17.328364389233954	7.499537597891929
4799813.0	17.53010351966874	7.67270983359049
4811888.0	20.0	0.0
4819084.5	19.471958584987057	4.783582074484609
4825049.5	15.602684144818976	9.148216593037425
