#Position (bp)	Coverage	Std
6038.0	19.43561076604555	5.064061660060472
18113.0	8.201242236024845	9.933693213984677
30188.0	18.605383022774326	6.7412392346080905
42263.0	16.1416149068323	7.841124269750136
54338.0	19.60910973084886	5.334717729225945
66413.0	19.217391304347824	4.239565195097047
78488.0	19.643892339544514	5.4068815901608875
90563.0	19.652173913043477	5.4240091976689655
102638.0	15.236935817805383	8.629282325753223
114713.0	19.584347826086958	5.225958459646053
126788.0	16.737888198757766	8.564987227730123
138863.0	19.61904761904762	5.354242140834828
150938.0	20.0	0.0
163013.0	20.0	0.0
175088.0	19.59337474120083	5.308183455213553
187163.0	15.60008281573499	9.033528528828557
199238.0	19.63047619047619	5.3732949050509
211313.0	20.0	0.0
223388.0	18.309730848861285	6.075671882176964
235463.0	20.0	0.0
247538.0	16.22774327122153	7.9530194013559194
259613.0	20.0	0.0
271688.0	19.56687370600414	5.264632571002504
283763.0	19.629813664596274	5.381011011241809
295838.0	18.448861283643893	6.499116041183616
307913.0	15.945341614906832	9.483606865103734
319988.0	19.193706004140786	4.2293953089169865
332063.0	19.640579710144927	5.396609625045579
344138.0	19.677846790890268	5.470606568917569
356213.0	19.17432712215321	4.143342585965962
368288.0	17.86335403726708	7.771482614597136
380363.0	18.436438923395446	6.277106848969097
392438.0	19.806211180124222	5.812494573563218
404513.0	15.624844720496894	8.992957907466588
416588.0	18.87950310559006	6.946289057980429
428663.0	19.56927536231884	5.192748567103885
440738.0	19.625672877846792	5.365675744067673
452813.0	19.56438923395445	5.253530805213296
464888.0	19.63809523809524	5.394537533161425
476963.0	20.0	0.0
489038.0	19.739958592132506	5.5911864983764685
501113.0	20.0	0.0
513188.0	18.448033126293996	6.506311635428208
525263.0	18.65175983436853	6.8085927927733625
537338.0	19.490683229813666	5.10911984495002
549413.0	19.624844720496895	5.366215919241924
561488.0	17.927950310559005	7.8472212908505155
573563.0	14.790890269151138	9.577492594057901
585638.0	18.184679089026915	5.85639039755828
597713.0	20.0	0.0
609788.0	15.431884057971015	8.692134899420905
621863.0	19.6096066252588	5.336580274568641
633938.0	17.64670807453416	7.482401713602838
646013.0	20.0	0.0
658088.0	16.144927536231883	7.499885437358291
670163.0	19.263768115942028	4.356713483917938
682238.0	20.0	0.0
694313.0	15.351552795031056	8.75455515859285
706388.0	19.257142857142856	4.327149593263962
718463.0	18.85217391304348	6.907732637149139
730538.0	19.614906832298136	5.3471998825414175
742613.0	19.600828157349895	5.319171155409301
754688.0	17.402070393374743	7.507373876788071
766763.0	19.42360248447205	4.719467633240091
778838.0	19.195859213250518	4.1902479704464035
790913.0	16.26418219461698	7.91706493495317
802988.0	14.883643892339544	9.88254835074243
815063.0	16.784265010351966	8.777205561801551
827138.0	15.889026915113872	9.209937022509553
839213.0	19.100621118012423	3.959264628376778
851288.0	18.776149068322983	6.871051284606568
863363.0	16.137474120082814	7.576306097213532
875438.0	19.98608695652174	6.204980301201792
887513.0	19.250351966873705	4.346874844180944
899588.0	20.0	0.0
911663.0	15.077432712215321	8.595077795973728
923738.0	19.61159420289855	5.345650889915371
935813.0	18.79751552795031	6.635496489683063
947888.0	20.0	0.0
959963.0	19.464182194616978	5.064347840306692
972038.0	17.98592132505176	7.918555402896228
984113.0	20.0	0.0
996188.0	19.513871635610766	5.15623404069304
1008263.0	16.701449275362318	8.289882581141287
1020338.0	15.982608695652173	9.379705858265368
1032413.0	19.64223602484472	5.402897773216339
1044488.0	19.73648033126294	5.580081405195883
1056563.0	19.624844720496895	5.371768854029183
1068638.0	10.485300207039337	10.041388469811151
1080713.0	1.1251345755693583	4.1992900908463975
1092788.0	19.58293995859213	5.229625752120927
1104863.0	17.44182194616977	7.560467083843425
1116938.0	19.252587991718425	4.26706778652789
1129013.0	8.556107660455487	9.644500895097059
1141088.0	16.438923395445133	8.212296995735711
1153163.0	18.669151138716355	6.932624585529808
1165238.0	17.323395445134576	7.033342655003489
1177313.0	18.194616977225675	5.878831731379963
1189388.0	20.0	0.0
1201463.0	20.0	0.0
1213538.0	15.999171842650103	9.678410799855833
1225613.0	14.52505175983437	9.650883095005222
1237688.0	15.810269151138716	9.270590646322217
1249763.0	17.982608695652175	7.92558035834368
1261838.0	19.636438923395445	5.393769889714281
1273913.0	16.143271221532093	7.93253123283069
1285988.0	19.77863354037267	5.679580948587034
1298063.0	20.0	0.0
1310138.0	17.96728778467909	7.91245054998792
1322213.0	18.166459627329193	5.823064015976595
1334288.0	19.608281573498964	5.338985100631195
1346363.0	19.32505175983437	4.448471950176981
1358438.0	20.0	0.0
1370513.0	19.607453416149067	5.33626989549025
1382588.0	18.337888198757764	6.118241401480569
1394663.0	19.869316770186334	5.857783129171462
1406738.0	19.25879917184265	4.426206541478392
1418813.0	17.086542443064182	6.492582166473197
1430888.0	19.178467908902693	4.1506316713509435
1442963.0	20.0	0.0
1455038.0	19.628985507246377	5.377855060501336
1467113.0	19.276190476190475	4.383150497253489
1479188.0	20.0	0.0
1491263.0	20.0	0.0
1503338.0	16.593788819875776	8.557442004746296
1515413.0	19.248033126293997	4.31670643562262
1527488.0	19.669565217391305	5.45247109059634
1539563.0	18.215817805383022	5.853391719078541
1551638.0	19.669896480331264	5.486539146059403
1563713.0	20.0	0.0
1575788.0	19.73664596273292	5.584146444299898
1587863.0	18.593871635610768	6.729552266384752
1599938.0	19.5320082815735	5.185231456627486
1612013.0	19.96207039337474	6.128445707590977
1624088.0	13.590890269151139	9.735784880859725
1636163.0	20.0	0.0
1648238.0	19.619875776397514	5.360657232348744
1660313.0	3.915527950310559	8.077651094530447
1672388.0	13.95527950310559	10.298344557312014
1684463.0	20.0	0.0
1696538.0	17.6463768115942	7.826826512100391
1708613.0	20.0	0.0
1720688.0	19.081573498964804	4.075732351725095
1732763.0	15.56438923395445	9.068659201345307
1744838.0	20.0	0.0
1756913.0	19.645548654244305	5.4108624739698685
1768988.0	19.547246376811593	5.187347243878262
1781063.0	17.180124223602483	7.01241135726351
1793138.0	19.288612836438922	4.407005527857581
1805213.0	16.27080745341615	7.837754357897496
1817288.0	16.292339544513457	8.033099229426567
1829363.0	16.804140786749482	8.488257630299852
1841438.0	13.161076604554866	9.281273026126708
1853513.0	19.628985507246377	5.377393058691217
1865588.0	19.632298136645964	5.384472730347041
1877663.0	19.25134575569358	4.318624503049981
1889738.0	20.0	0.0
1901813.0	15.696894409937888	9.142284531758312
1913888.0	19.56024844720497	5.2458797792539125
1925963.0	14.540786749482402	9.314295875720047
1938038.0	19.68944099378882	5.491065583494341
1950113.0	19.655486542443064	5.424253485957049
1962188.0	19.231469979296065	4.269444618436512
1974263.0	13.11055900621118	9.227894519720127
1986338.0	19.988985507246376	6.2123899442868025
1998413.0	16.39246376811594	8.324032905360466
2010488.0	19.621532091097308	5.359112129423585
2022563.0	19.2	4.1893584995415685
2034638.0	18.590476190476192	6.716131194330686
2046713.0	18.68488612836439	6.857798450371762
2058788.0	19.695652173913043	5.576674283679528
2070863.0	19.46873706004141	4.977930590181277
2082938.0	19.432546583850932	4.741368970049148
2095013.0	18.87950310559006	6.757055970096946
2107088.0	19.61159420289855	5.341466366079505
2119163.0	18.631884057971014	6.2654727729296695
2131238.0	16.06625258799172	7.743935047551984
2143313.0	19.272049689440994	4.516553404797189
2155388.0	18.848861283643892	6.702355817096313
2167463.0	19.30351966873706	4.437661145121763
2179538.0	20.0	0.0
2191613.0	19.56438923395445	5.253057869205865
2203688.0	18.757763975155278	6.567376552521463
2215763.0	20.0	0.0
2227838.0	19.580952380952382	5.284024126845454
2239913.0	15.576149068322982	8.972906077646243
2251988.0	18.22774327122153	6.048732392913128
2264063.0	18.751138716356106	6.864256144868158
2276138.0	19.60910973084886	5.339372874365618
2288213.0	18.32712215320911	6.207255488856066
2300288.0	13.624016563146998	9.705216202233267
2312363.0	18.694824016563146	6.480344545194388
2324438.0	19.98873706004141	6.191244736493912
2336513.0	18.35768115942029	5.9446236823400085
2348588.0	19.069151138716357	3.881527094841887
2360663.0	16.563975155279504	8.519032400659025
2372738.0	17.648033126293996	7.827355544755622
2384813.0	18.920910973084887	7.285369211979954
2396888.0	18.795031055900623	6.7277122263992695
2408963.0	17.35072463768116	7.241420996864511
2421038.0	19.263768115942028	4.392116031005292
2433113.0	19.229813664596275	4.2789387434487
2445188.0	14.718840579710145	9.71656288009801
2457263.0	18.33623188405797	6.435280602967008
2469338.0	16.437267080745343	7.881104062391007
2481413.0	20.0	0.0
2493488.0	20.0	0.0
2505563.0	19.18592132505176	4.167656197199316
2517638.0	20.0	0.0
2529713.0	20.0	0.0
2541788.0	20.0	0.0
2553863.0	19.331511387163562	4.44556680100464
2565938.0	19.72505175983437	5.558236758110727
2578013.0	18.845962732919254	6.705475035009417
2590088.0	19.549482401656316	5.224127811143555
2602163.0	18.094409937888198	5.698207193266254
2614238.0	19.575155279503104	5.2751615323652965
2626313.0	19.63561076604555	5.389238567696231
2638388.0	16.81904761904762	8.660947308555428
2650463.0	18.65366459627329	6.812198290467932
2662538.0	16.534989648033125	8.485378972956942
2674613.0	18.87536231884058	6.75270362234121
2686688.0	16.87784679089027	8.656547684000996
2698763.0	16.3527950310559	8.186187427384821
2710838.0	18.463768115942027	5.876450527950817
2722913.0	19.5527950310559	5.232364642449225
2734988.0	20.0	0.0
2747063.0	17.63975155279503	7.8189926437318595
2759138.0	19.27287784679089	4.37672178482715
2771213.0	20.0	0.0
2783288.0	16.375155279503105	8.131985768960977
2795363.0	16.316356107660454	7.722516887695704
2807438.0	19.537060041407866	5.2014888774699
2819513.0	19.257142857142856	4.338044898381375
2831588.0	15.32935817805383	8.578209188277398
2843663.0	18.753457556935818	6.558846537989943
2855738.0	19.156107660455486	4.099133878116772
2867813.0	20.0	0.0
2879888.0	19.190062111801243	4.338044898381375
2891963.0	17.75337474120083	7.8444874553314845
2904038.0	18.866252587991717	6.731465620471217
2916113.0	19.238095238095237	4.239057280252155
2928188.0	20.0	0.0
2940263.0	19.54865424430642	5.348516173556846
2952338.0	17.871635610766045	7.865194444124847
2964413.0	16.74534161490683	8.808663155317664
2976488.0	18.34368530020704	6.123910305737032
2988563.0	17.667080745341615	7.764147575725217
3000638.0	20.0	0.0
3012713.0	19.249523809523808	4.373484949146853
3024788.0	19.57614906832298	5.221289434041868
3036863.0	19.140372670807455	4.057812034744434
3048938.0	16.342028985507245	8.100926511947067
3061013.0	18.812919254658386	6.967383342534119
3073088.0	19.481076604554865	4.950864156954935
3085163.0	19.520993788819876	4.998741042330717
3097238.0	18.257722567287786	5.97654490712779
3109313.0	19.62070393374741	5.365212693489124
3121388.0	17.158592132505177	6.991595072393331
3133463.0	17.27287784679089	7.150062618266681
3145538.0	16.597101449275364	8.558990285062423
3157613.0	18.594616977225673	6.725065132412971
3169688.0	19.250517598343684	4.327915070941621
3181763.0	19.624844720496895	5.3694558290967525
3193838.0	16.519254658385094	7.98305659171873
3205913.0	15.995693581780538	9.125565299146434
3217988.0	19.63064182194617	5.380010544372281
3230063.0	18.195445134575568	5.642415529015066
3242138.0	18.570600414078676	6.687214710154756
3254213.0	18.523395445134575	6.514071406884936
3266288.0	19.207453416149068	4.3731251528494415
3278363.0	15.15792960662526	8.439731531451779
3290438.0	17.671469979296067	7.8731979764776385
3302513.0	19.208281573498965	4.214192721014914
3314588.0	19.379710144927536	4.893186203439645
3326663.0	19.377225672877845	4.751506244782061
3338738.0	15.951966873706004	9.34525266710367
3350813.0	18.64016563146998	6.793005780671166
3362888.0	19.48488612836439	5.10044044702251
3374963.0	19.64944099378882	5.410135415809044
3387038.0	20.0	0.0
3399113.0	19.631469979296067	5.3845496321606
3411188.0	18.642815734989647	6.295260960357895
3423263.0	16.545590062111803	8.256067472078925
3435338.0	19.654658385093168	5.428816601197816
3447413.0	18.382608695652173	5.976143046671969
3459488.0	19.27287784679089	4.371079432328665
3471563.0	19.622028985507246	5.361074333790044
3483638.0	16.5879917184265	8.548776140417107
3495713.0	20.0	0.0
3507788.0	20.0	0.0
3519863.0	20.0	0.0
3531938.0	20.0	0.0
3544013.0	16.768530020703935	8.599388489983246
3556088.0	17.96935817805383	7.900860869833871
3568163.0	19.553623188405798	5.236557274688909
3580238.0	15.626501035196688	9.212445448344123
3592313.0	18.965631469979296	7.075294549392453
3604388.0	19.6472049689441	5.413004814150125
3616463.0	19.281242236024845	4.387107027932437
3628538.0	16.124223602484474	7.818118786924359
3640613.0	19.686128364389234	5.485980626729644
3652688.0	10.38343685300207	10.248183195043492
3664763.0	14.706418219461698	9.490455050209206
3676838.0	16.00414078674948	7.5204620799842035
3688913.0	19.951966873706006	6.115012243749053
3700988.0	19.332505175983435	4.504692745213424
3713063.0	18.652587991718427	6.8107210576452
3725138.0	19.624016563147	5.36907022806292
3737213.0	20.0	0.0
3749288.0	19.604140786749483	5.328659960743007
3761363.0	19.22567287784679	4.256136721601019
3773438.0	19.9951966873706	6.210203318636125
3785513.0	19.6944099378882	5.497848252155264
3797588.0	19.68695652173913	5.484621828764029
3809663.0	18.57888198757764	6.081325996846181
3821738.0	18.58136645962733	6.705703514720076
3833813.0	15.522732919254658	8.9975013784884
3845888.0	19.410186335403726	4.823055396119481
3857963.0	18.371180124223603	6.061711625117689
3870038.0	20.0	0.0
3882113.0	19.65631469979296	5.427992777266946
3894188.0	19.53457556935818	5.2022052976206306
3906263.0	17.126293995859214	6.944780723396977
3918338.0	19.629813664596274	5.377316054530415
3930413.0	19.509730848861285	5.14940347104987
3942488.0	18.173084886128365	5.8442164080765036
3954563.0	15.253830227743272	8.49257378677451
3966638.0	19.252173913043478	4.323128611756632
3978713.0	17.865010351966873	7.762760816007567
3990788.0	20.0	0.0
4002863.0	16.163146997929605	8.036613936296591
4014938.0	15.778053830227742	9.228477843752422
4027013.0	16.054658385093166	7.727984156973589
4039088.0	19.621532091097308	5.364209280110923
4051163.0	19.610766045548655	5.346193088385629
4063238.0	17.372256728778467	7.468886463881479
4075313.0	17.79958592132505	7.505387988724077
4087388.0	20.0	0.0
4099463.0	13.119668737060042	9.242000625912022
4111538.0	19.570186335403726	5.260541029729341
4123613.0	19.227329192546584	4.265854606986777
4135688.0	14.030641821946169	9.05094849930437
4147763.0	20.0	0.0
4159838.0	19.233788819875777	4.278687130543271
4171913.0	14.591304347826087	9.581815074620444
4183988.0	15.022774327122153	8.454457214445542
4196063.0	18.226915113871634	5.924507824339716
4208138.0	15.33664596273292	8.74161414187237
4220213.0	10.346666666666666	10.168933325031889
4232288.0	16.05664596273292	7.871998754397383
4244363.0	19.238923395445134	4.739377356000184
4256438.0	19.25134575569358	4.327245285378949
4268513.0	19.591718426501036	5.307403321842418
4280588.0	17.96687370600414	7.8984601586541405
4292663.0	19.607950310559005	5.339652054017287
4304738.0	20.0	0.0
4316813.0	19.137888198757764	4.0464692070344785
4328888.0	17.148654244306417	6.587855065841236
4340963.0	20.0	0.0
4353038.0	17.63975155279503	7.816132385383357
4365113.0	17.184513457556935	6.634884906504957
4377188.0	20.0	0.0
4389263.0	10.271635610766046	10.137644827577237
4401338.0	20.0	0.0
4413413.0	16.492753623188406	8.43678232896005
4425488.0	19.98857142857143	6.17900673438721
4437563.0	17.255486542443066	7.307643691005999
4449638.0	19.296894409937888	4.720380024705613
4461713.0	20.0	0.0
4473788.0	18.656728778467908	6.818438040232428
4485863.0	19.61656314699793	5.351225164954802
4497938.0	20.0	0.0
4510013.0	20.0	0.0
4522088.0	15.89896480331263	9.216049552719323
4534163.0	19.28944099378882	4.412601942235572
4546238.0	18.448033126293996	6.300073942186602
4558313.0	19.026915113871635	3.9611467064239942
4570388.0	17.71014492753623	7.990081843604282
4582463.0	20.0	0.0
4594538.0	18.39834368530021	6.209323117843081
4606613.0	16.884472049689442	8.888823326190233
4618688.0	20.0	0.0
4630763.0	19.158592132505177	4.09701199002112
4642838.0	19.615734989648033	5.354087465478289
4651302.0	19.881516587677726	5.918291086096148
4657339.5	12.799778454721684	10.262154987098477
4666988.0	15.972670807453417	9.151383834533252
4679063.0	20.0	0.0
4691138.0	20.0	0.0
4703213.0	18.244306418219463	5.740315455799541
4715288.0	17.00207039337474	6.7048080767278995
4722679.5	16.005539143279172	7.1249919018327095
4728717.0	15.305861001387852	8.720216127930424
4739438.0	20.0	0.0
4751513.0	19.618219461697723	5.358957594629313
4763588.0	18.627743271221533	6.777077428206712
4775663.0	18.907660455486543	7.086802828294448
4787738.0	17.349068322981367	7.527258951915536
4799813.0	17.657971014492755	7.842259572131452
4811888.0	20.0	0.0
4819084.5	19.455565142364108	4.74027773020187
4825049.5	13.864128173116937	9.58658550907707
