#Position (bp)	Coverage	Std
6038.0	19.442815734989647	5.072844114696237
18113.0	8.579958592132504	10.139388786753573
30188.0	18.6592132505176	6.818984581639532
42263.0	16.605383022774326	8.568080781690465
54338.0	19.996770186335404	6.213822833240305
66413.0	20.0	0.0
78488.0	20.0	0.0
90563.0	20.0	0.0
102638.0	14.568530020703934	9.244572018284149
114713.0	19.987743271221532	6.170449849545467
126788.0	17.44927536231884	7.570483162976521
138863.0	19.617225672877847	5.347478653562869
150938.0	20.0	0.0
163013.0	20.0	0.0
175088.0	19.883809523809525	5.817991656500882
187163.0	16.354451345755695	8.235599138356715
199238.0	19.999917184265012	6.242093135165042
211313.0	20.0	0.0
223388.0	18.668322981366458	6.835057601978218
235463.0	20.0	0.0
247538.0	16.617805383022773	8.585027170101862
259613.0	20.0	0.0
271688.0	20.0	0.0
283763.0	19.92273291925466	5.98651348326388
295838.0	18.448861283643893	6.49937088849142
307913.0	17.309316770186335	7.17417152429752
319988.0	20.144099378881986	3.4479747708914448
332063.0	19.949813664596274	6.089144534285609
344138.0	20.0	0.0
356213.0	20.0	0.0
368288.0	18.447453416149067	6.475755070005976
380363.0	19.40248447204969	4.662595088645646
392438.0	19.674534161490683	5.471923443339853
404513.0	16.486128364389234	8.426960578777695
416588.0	20.0	0.0
428663.0	19.961573498964803	6.1238359269029505
440738.0	20.0	0.0
452813.0	19.961904761904762	6.125134045940982
464888.0	20.0	0.0
476963.0	19.92737060041408	6.020654580151477
489038.0	20.0	0.0
501113.0	20.0	0.0
513188.0	18.660869565217393	6.822505687130767
525263.0	18.448695652173914	6.498975870904616
537338.0	20.0	0.0
549413.0	19.989151138716355	6.167718001142313
561488.0	20.0	0.0
573563.0	15.045217391304348	8.39755460806568
585638.0	18.673540372670807	6.846056427815682
597713.0	20.0	0.0
609788.0	15.884057971014492	9.349018172340319
621863.0	19.291262939958592	4.633222364877566
633938.0	18.652587991718427	6.807364177075991
646013.0	20.0	0.0
658088.0	17.697474120082816	7.614478961496475
670163.0	20.0	0.0
682238.0	20.0	0.0
694313.0	16.21639751552795	8.09893789524626
706388.0	20.0	0.0
718463.0	20.0	0.0
730538.0	20.0	0.0
742613.0	20.0	0.0
754688.0	17.488198757763975	7.6212354519240915
766763.0	19.923975155279503	5.967517317943751
778838.0	19.730848861283643	5.520246941396358
790913.0	18.428571428571427	6.438529209772461
802988.0	19.169937888198756	4.0688688331992875
815063.0	17.096977225672877	6.7990926200108905
827138.0	17.323064182194617	7.167912164871485
839213.0	19.61465838509317	5.321031360666919
851288.0	19.119006211180125	4.354831209751351
863363.0	16.98095238095238	8.853596431521867
875438.0	20.0	0.0
887513.0	19.657888198757764	5.401663726528406
899588.0	20.0	0.0
911663.0	15.153623188405797	8.68269738931695
923738.0	20.0	0.0
935813.0	19.269482401656315	4.352520033477382
947888.0	19.979544513457558	6.180835940166563
959963.0	19.854906832298138	5.839091508790824
972038.0	20.0	0.0
984113.0	20.0	0.0
996188.0	20.0	0.0
1008263.0	18.493581780538303	6.670847550299546
1020338.0	16.789068322981368	8.823617845535809
1032413.0	20.0	0.0
1044488.0	19.99983436853002	6.239691291402829
1056563.0	20.0	0.0
1068638.0	13.400414078674949	9.233048930152155
1080713.0	8.844306418219462	9.641134268295202
1092788.0	19.955031055900623	6.110277124848189
1104863.0	17.467494824016562	7.594838609145344
1116938.0	20.0	0.0
1129013.0	18.962981366459626	6.904386939201133
1141088.0	17.827412008281573	8.134994569510342
1153163.0	18.554037267080744	6.7611727944888225
1165238.0	20.0	0.0
1177313.0	18.666666666666668	6.832270280387409
1189388.0	20.0	0.0
1201463.0	19.973084886128365	6.128526787059851
1213538.0	15.992546583850931	9.669764621028113
1225613.0	14.546252587991718	9.661183566670427
1237688.0	16.490600414078674	8.316074882375421
1249763.0	18.665010351966874	6.82984559783522
1261838.0	20.0	0.0
1273913.0	16.682898550724637	8.734292615594237
1285988.0	19.645631469979296	5.388616173472587
1298063.0	20.0	0.0
1310138.0	9.777225672877847	10.640035336730499
1322213.0	10.53664596273292	10.458554702234306
1334288.0	19.99743271221532	6.221514797604488
1346363.0	19.58418219461698	5.195044620870587
1358438.0	20.0	0.0
1370513.0	20.0	0.0
1382588.0	18.45134575569358	6.503001377449791
1394663.0	19.829565217391306	5.709307355204349
1406738.0	19.997846790890268	6.214475854400556
1418813.0	18.53142857142857	6.508277895067195
1430888.0	19.926128364389236	6.016781225431068
1442963.0	20.0	0.0
1455038.0	19.99734989648033	6.219670925235472
1467113.0	20.0	0.0
1479188.0	20.0	0.0
1491263.0	20.0	0.0
1503338.0	16.382360248447206	8.301627468968983
1515413.0	20.0	0.0
1527488.0	20.0	0.0
1539563.0	18.660869565217393	6.82214151911497
1551638.0	19.89134575569358	5.827108776002948
1563713.0	20.0	0.0
1575788.0	19.97184265010352	6.121401211735028
1587863.0	18.66351966873706	6.832464217819564
1599938.0	19.919503105590064	5.9963619059943705
1612013.0	20.00231884057971	0.3120757990421705
1624088.0	13.937060041407868	10.086561175946322
1636163.0	19.667412008281573	5.419105837177771
1648238.0	20.0	0.0
1660313.0	8.884140786749482	9.870415045361662
1672388.0	17.1151966873706	7.055303571683705
1684463.0	20.0	0.0
1696538.0	17.669565217391305	7.856713709341774
1708613.0	19.951884057971014	6.066825925605101
1720688.0	19.471635610766047	5.206104077785718
1732763.0	15.808695652173913	9.359420802804793
1744838.0	20.0	0.0
1756913.0	20.0	0.0
1768988.0	19.845383022774328	5.795350460198394
1781063.0	17.66128364389234	7.844265751234046
1793138.0	20.0	0.0
1805213.0	17.535403726708076	7.68068212119151
1817288.0	16.11801242236025	7.808192332084554
1829363.0	17.347412008281573	7.258007643164903
1841438.0	14.10086956521739	8.9942240494991
1853513.0	19.708902691511387	5.524453450009791
1865588.0	19.632463768115944	5.379594911131089
1877663.0	19.944927536231884	6.074540427708707
1889738.0	19.641325051759836	5.359954265742278
1901813.0	18.874534161490683	6.995567955105057
1913888.0	20.0	0.0
1925963.0	16.681076604554864	8.586425803239328
1938038.0	19.965217391304346	6.108250538221331
1950113.0	20.0	0.0
1962188.0	20.0	0.0
1974263.0	13.956935817805382	10.235840090595811
1986338.0	19.99047619047619	6.217133875282758
1998413.0	16.405383022774327	8.310122540971507
2010488.0	20.0	0.0
2022563.0	20.0	0.0
2034638.0	18.328612836438925	6.104771917576568
2046713.0	18.884472049689442	7.142037220021604
2058788.0	20.0	0.0
2070863.0	20.0	0.0
2082938.0	19.819461697722566	5.723664146588266
2095013.0	19.99983436853002	6.241867586955436
2107088.0	20.0	0.0
2119163.0	19.795776397515528	5.613478308175433
2131238.0	16.87569358178054	8.924491158775618
2143313.0	19.692670807453418	5.6095673965834125
2155388.0	20.0	0.0
2167463.0	20.0	0.0
2179538.0	19.999917184265012	6.244739400994683
2191613.0	20.0	0.0
2203688.0	20.0	0.0
2215763.0	20.0	0.0
2227838.0	19.97134575569358	6.100422549258625
2239913.0	16.273706004140788	7.988609904029472
2251988.0	18.574575569358178	6.748458914638754
2264063.0	19.053416149068322	4.328584752864716
2276138.0	20.0	0.0
2288213.0	18.916770186335405	7.278261116924041
2300288.0	14.592546583850933	9.439246732763563
2312363.0	19.285383022774326	4.394199074603517
2324438.0	19.596273291925467	5.244056085093149
2336513.0	19.66873706004141	5.419976851271876
2348588.0	20.0	0.0
2360663.0	16.61449275362319	8.580299067695561
2372738.0	17.671221532091096	7.858505434270278
2384813.0	18.86824016563147	7.210895827394846
2396888.0	19.582111801242235	5.407241521290245
2408963.0	17.67287784679089	7.861560963749469
2421038.0	20.0	0.0
2433113.0	20.0	0.0
2445188.0	15.157515527950311	8.264268669759156
2457263.0	18.400828157349896	6.535268230827353
2469338.0	17.677101449275362	7.866568410096275
2481413.0	20.0	6.2423452088140845
2493488.0	20.0	0.0
2505563.0	20.0	0.0
2517638.0	19.88496894409938	5.9032783817277235
2529713.0	20.0	0.0
2541788.0	20.0	0.0
2553863.0	10.300207039337474	10.191889764770108
2565938.0	14.505258799171843	9.487435299986428
2578013.0	19.996273291925466	6.215981539631148
2590088.0	19.999917184265012	6.244739400994683
2602163.0	18.14376811594203	5.5739560015527925
2614238.0	19.916438923395447	5.938511709599616
2626313.0	20.0	0.0
2638388.0	18.2887784679089	6.031779194271553
2650463.0	18.681242236024843	6.83240361296336
2662538.0	16.40198757763975	8.325341094983802
2674613.0	20.0	0.0
2686688.0	18.50633540372671	6.49380019663285
2698763.0	16.758260869565216	8.818501161360658
2710838.0	19.89175983436853	5.875900882428517
2722913.0	20.0	0.0
2734988.0	20.0	0.0
2747063.0	17.665507246376812	7.840638415718811
2759138.0	20.000082815734988	0.05827044820980982
2771213.0	19.157101449275363	3.939974041175215
2783288.0	19.503105590062113	4.8602413694972215
2795363.0	19.523892339544513	4.94236764411619
2807438.0	20.0	0.0
2819513.0	20.0	0.0
2831588.0	16.382277432712215	8.300844328328717
2843663.0	20.0	0.0
2855738.0	20.0	0.0
2867813.0	20.0	0.0
2879888.0	19.556770186335402	5.362726972325752
2891963.0	17.07784679089027	6.761589238257167
2904038.0	20.0	0.0
2916113.0	19.995776397515527	6.20765572885877
2928188.0	20.0	0.0
2940263.0	19.820372670807455	5.807298898532295
2952338.0	18.578053830227745	6.630901996232781
2964413.0	17.291097308488613	7.447844881221762
2976488.0	18.634865424430643	6.686880328675001
2988563.0	17.750476190476192	7.648299178985021
3000638.0	20.0	0.0
3012713.0	20.0	0.0
3024788.0	19.945424430641822	6.075494680333943
3036863.0	20.0	0.0
3048938.0	16.481159420289856	8.41939002329677
3061013.0	18.922981366459627	7.007768537542919
3073088.0	20.0	0.0
3085163.0	19.402732919254657	4.798731716501404
3097238.0	18.078840579710146	5.786626976040048
3109313.0	19.92215320910973	5.96051187930651
3121388.0	17.43561076604555	7.547557980564264
3133463.0	17.66111801242236	7.841129550606824
3145538.0	16.606128364389235	8.56707549918265
3157613.0	18.604306418219462	6.6649542314131685
3169688.0	20.0	0.0
3181763.0	20.0	0.0
3193838.0	17.582857142857144	7.658259861050607
3205913.0	18.40703933747412	6.093359247173423
3217988.0	19.963312629399585	6.132012190053506
3230063.0	19.690600414078673	5.464214467931577
3242138.0	18.36993788819876	6.224409307037263
3254213.0	18.909813664596275	7.266440629379
3266288.0	19.738302277432712	5.692718097488593
3278363.0	15.160828157349897	8.523571020409145
3290438.0	17.690931677018632	7.8979568603081
3302513.0	19.946335403726707	6.078213478401932
3314588.0	19.283643892339544	4.6927546462362875
3326663.0	19.89672877846791	5.919837164119418
3338738.0	18.664182194616977	6.8295424519889805
3350813.0	18.638509316770186	6.789103436083334
3362888.0	20.0	0.0
3374963.0	19.99983436853002	6.2418543191598825
3387038.0	19.99809523809524	6.224695357857818
3399113.0	20.0	0.0
3411188.0	20.0	0.0
3423263.0	17.315942028985507	7.2059039516104
3435338.0	19.657971014492755	5.4295182785455305
3447413.0	18.812422360248448	6.849581752657266
3459488.0	19.946997929606624	6.04288332862678
3471563.0	19.999917184265012	6.242093135165042
3483638.0	16.40513457556936	8.32732039796428
3495713.0	20.0	0.0
3507788.0	20.0	0.0
3519863.0	20.0	0.0
3531938.0	20.0	0.0
3544013.0	17.308488612836438	7.1964161773136395
3556088.0	18.395859213250517	6.325661693389337
3568163.0	19.999503105590062	6.243446253313344
3580238.0	15.657225672877846	9.11001996529733
3592313.0	20.0	0.0
3604388.0	20.000662525879918	0.16481371628774416
3616463.0	20.0	0.0
3628538.0	16.62111801242236	8.589463428385828
3640613.0	20.0	0.0
3652688.0	10.382608695652173	10.24531403263605
3664763.0	14.727453416149068	9.648583071078525
3676838.0	16.5368115942029	8.086355862730525
3688913.0	20.0	0.0
3700988.0	19.92513457556936	6.013532014364326
3713063.0	18.449192546583852	6.499651208988778
3725138.0	19.946666666666665	6.078853820262166
3737213.0	20.0	0.0
3749288.0	19.87271221532091	5.864713584177034
3761363.0	19.926128364389236	6.0164095825509065
3773438.0	19.899213250517597	5.897341226380974
3785513.0	20.0	0.0
3797588.0	19.998923395445136	6.231835716505653
3809663.0	20.0	0.0
3821738.0	18.64033126293996	6.768462978942006
3833813.0	15.632298136645963	9.201282654308152
3845888.0	20.0	0.0
3857963.0	19.50144927536232	5.13281167524991
3870038.0	20.0	0.0
3882113.0	20.0	0.0
3894188.0	20.0	0.0
3906263.0	17.358757763975156	7.3250131607651765
3918338.0	20.0	0.0
3930413.0	20.0	0.0
3942488.0	18.660869565217393	6.821048898412483
3954563.0	16.28745341614907	8.060398296854428
3966638.0	19.99536231884058	6.211703373405065
3978713.0	18.658385093167702	6.816858896690709
3990788.0	20.0	0.0
4002863.0	16.06625258799172	7.914240120654072
4014938.0	18.509316770186334	6.13739176195813
4027013.0	18.217805383022775	5.644249900192035
4039088.0	19.966045548654243	6.140824932275898
4051163.0	20.0	0.0
4063238.0	18.658385093167702	6.816858896690709
4075313.0	19.745258799171843	5.4826283159190705
4087388.0	20.0	0.0
4099463.0	14.255072463768116	9.167726270397916
4111538.0	20.000082815734988	0.05827044820980982
4123613.0	20.0	0.0
4135688.0	14.546832298136646	9.603109399820848
4147763.0	19.851345755693583	5.803318819156001
4159838.0	20.00016563146998	0.08439285046188283
4171913.0	15.46583850931677	9.106505762638541
4183988.0	15.4351966873706	9.0766006350961
4196063.0	18.44927536231884	6.5000398151352625
4208138.0	16.600414078674948	8.564890536164507
4220213.0	10.38376811594203	10.210804978172751
4232288.0	15.983933747412008	9.559225866765711
4244363.0	19.118840579710145	4.4728303321414105
4256438.0	20.0	0.0
4268513.0	19.980207039337476	6.132099975010167
4280588.0	18.305341614906833	6.048985678878006
4292663.0	19.540124223602483	4.99005221596051
4304738.0	20.0	0.0
4316813.0	20.0	0.0
4328888.0	18.653416149068324	6.809930636908362
4340963.0	19.717018633540373	5.512703191750059
4353038.0	17.671221532091096	7.858189277203501
4365113.0	18.144099378881986	6.021699889999283
4377188.0	20.0	0.0
4389263.0	10.485548654244306	10.343824234438665
4401338.0	20.0	0.0
4413413.0	16.511801242236025	8.307167201586463
4425488.0	19.65490683229814	5.420106727345669
4437563.0	17.960828157349898	8.050297372437809
4449638.0	20.0	0.0
4461713.0	20.0	0.0
4473788.0	18.551552795031057	6.6603489733800725
4485863.0	19.999006211180124	6.227309120477925
4497938.0	20.0	0.0
4510013.0	20.0	0.0
4522088.0	16.381946169772256	8.300525065085202
4534163.0	20.0	0.0
4546238.0	20.0	0.0
4558313.0	19.302691511387163	4.870284256289363
4570388.0	17.42600414078675	7.450846520472395
4582463.0	20.0	0.0
4594538.0	20.000248447204967	0.10092737687920153
4606613.0	17.264099378881987	7.290829203608496
4618688.0	19.680579710144926	5.506254678064766
4630763.0	20.0	0.0
4642838.0	20.0	0.0
4651302.0	19.899443643107357	5.9645045258273806
4657339.5	14.264746607587925	9.327408743225302
4666988.0	18.42815734989648	6.234214018674835
4679063.0	20.0	0.0
4691138.0	20.0	0.0
4703213.0	18.497805383022776	6.151065823582571
4715288.0	17.782525879917184	7.617279039039605
4722679.5	17.583456425406204	7.01159621884982
4728717.0	15.700864737909683	9.341423717765789
4739438.0	20.0	0.0
4751513.0	19.709813664596272	5.490613107671733
4763588.0	18.655403726708073	6.8137238202129
4775663.0	19.228571428571428	4.685283775607517
4787738.0	16.982194616977225	8.922254494173497
4799813.0	17.544513457556935	7.689712414559697
4811888.0	20.0	0.0
4819084.5	19.54702329594478	4.980635495557077
4825049.5	15.68976279650437	9.257045095230502
