#Position (bp)	Coverage	Std
6038.0	19.353209109730848	4.838818191530162
18113.0	8.717929606625258	10.313086422249889
30188.0	18.44968944099379	6.500708672946171
42263.0	16.438178053830228	8.374322382277795
54338.0	20.0	0.0
66413.0	20.0	0.0
78488.0	19.9064182194617	5.9594002505080725
90563.0	20.0	0.0
102638.0	14.495155279503106	9.261380442561647
114713.0	19.930269151138717	5.980125814889245
126788.0	16.726045548654245	8.538074511042153
138863.0	20.0	0.0
150938.0	19.999917184265012	6.2423452088140845
163013.0	20.0	0.0
175088.0	19.928115942028985	5.905838077313427
187163.0	16.03569358178054	7.701635974737483
199238.0	19.97366459627329	6.125499092354419
211313.0	19.999751552795033	6.241628762320398
223388.0	18.485300207039337	6.562393645002322
235463.0	20.0	0.0
247538.0	16.404057971014492	8.326385509461709
259613.0	19.904099378881988	5.951459970158376
271688.0	20.0	0.0
283763.0	19.923809523809524	5.989251932950899
295838.0	18.44894409937888	6.499746770031444
307913.0	17.853167701863352	7.927481879140398
319988.0	20.15527950310559	3.4757247482906233
332063.0	19.930600414078675	6.03099653910184
344138.0	19.95064182194617	6.095533442637367
356213.0	20.0	6.2423452088140845
368288.0	18.41167701863354	6.382052993675205
380363.0	19.5136231884058	4.905837989254391
392438.0	19.999917184265012	6.242093135165042
404513.0	16.39262939958592	8.292624376373203
416588.0	19.48488612836439	4.835762222575873
428663.0	19.912215320910974	5.94013614248902
440738.0	20.0	6.2423452088140845
452813.0	19.60935817805383	5.271133153364359
464888.0	19.999751552795033	6.244222174058689
476963.0	19.99983436853002	6.241847685251532
489038.0	19.999917184265012	6.244752662660497
501113.0	20.000082815734988	6.242637070849441
513188.0	18.48496894409938	6.556611254201087
525263.0	18.448695652173914	6.500199073237559
537338.0	20.0	0.0
549413.0	19.97142857142857	6.120799146730512
561488.0	20.0	6.2423452088140845
573563.0	14.854989648033126	9.781945595193688
585638.0	18.41879917184265	6.381144584726168
597713.0	20.0	0.0
609788.0	16.220289855072465	8.10939694678832
621863.0	19.989399585921326	6.214515833058715
633938.0	17.96654244306418	8.01355476935223
646013.0	19.999917184265012	6.239439110535393
658088.0	18.003229813664596	5.538586645434511
670163.0	19.99983436853002	6.241847685251532
682238.0	20.0	0.0
694313.0	15.850931677018634	9.308501423847126
706388.0	19.999917184265012	6.242093135165042
718463.0	19.502443064182195	5.138665188274508
730538.0	20.0	0.0
742613.0	20.0	0.0
754688.0	17.301863354037266	7.373866898953238
766763.0	19.94368530020704	6.025260833851265
778838.0	19.730600414078676	5.51981936272388
790913.0	18.56977225672878	6.896537973856499
802988.0	19.67966873706004	5.1359569536969225
815063.0	17.17175983436853	7.05593153114858
827138.0	18.630144927536232	6.888662032374161
839213.0	19.942691511387164	6.04591815144696
851288.0	18.83494824016563	6.903757191126965
863363.0	16.970600414078675	8.89216744230259
875438.0	20.000082815734988	0.05827044820980982
887513.0	19.998840579710144	6.222546328934402
899588.0	19.999917184265012	6.242093135165042
911663.0	15.25879917184265	8.803796470735604
923738.0	19.702691511387165	5.519301723169985
935813.0	20.0	0.0
947888.0	19.852422360248447	5.781021279958885
959963.0	19.854989648033126	5.83653801353481
972038.0	19.954368530020705	6.065255904951296
984113.0	19.99983436853002	6.241841051336132
996188.0	19.98840579710145	6.208969668779683
1008263.0	18.172422360248447	5.955973739734401
1020338.0	16.72215320910973	8.781167501620237
1032413.0	20.0	0.0
1044488.0	19.65383022774327	5.409775677220524
1056563.0	20.0	0.0
1068638.0	13.800828157349896	9.562664632069056
1080713.0	9.808778467908903	9.68545471964502
1092788.0	19.867080745341614	5.821542060903941
1104863.0	14.118426501035197	9.219432173763481
1116938.0	19.566211180124224	5.382257486610418
1129013.0	19.19221532091097	3.867912271706131
1141088.0	17.511966873706005	7.560560190447182
1153163.0	18.571014492753623	6.787669980789869
1165238.0	19.99478260869565	6.198937997603838
1177313.0	18.128364389233955	5.765033457495765
1189388.0	20.0	0.0
1201463.0	19.992795031055902	6.187351018763973
1213538.0	15.540538302277433	9.042751005954635
1225613.0	14.448861283643893	9.57408510459679
1237688.0	16.42368530020704	8.354842634372869
1249763.0	18.471221532091096	6.538435494547307
1261838.0	20.0	0.0
1273913.0	16.06815734989648	7.656378009450846
1285988.0	19.614906832298136	5.308745080254105
1298063.0	19.941863354037267	6.053556694559347
1310138.0	18.053830227743273	5.425131306193518
1322213.0	18.507660455486544	6.597697069831169
1334288.0	19.99983436853002	6.2418543191598825
1346363.0	19.91304347826087	5.9060484139138945
1358438.0	20.0	0.0
1370513.0	20.0	6.2423452088140845
1382588.0	18.47031055900621	6.533373473489737
1394663.0	19.92496894409938	6.010666846700873
1406738.0	20.0	6.2423452088140845
1418813.0	18.045548654244307	5.496334182070243
1430888.0	19.925051759834368	6.01374546980244
1442963.0	20.0	0.0
1455038.0	20.0	6.2423452088140845
1467113.0	20.0	6.2423452088140845
1479188.0	20.0	0.0
1491263.0	19.55577639751553	5.085838740422446
1503338.0	16.38153209109731	8.299901468646118
1515413.0	20.0	0.0
1527488.0	20.00016563146998	0.08240685814387208
1539563.0	18.45879917184265	6.516168773638576
1551638.0	19.547660455486543	5.0067697441785315
1563713.0	19.999917184265012	6.242093135165042
1575788.0	19.949482401656315	6.053221512816939
1587863.0	18.500538302277434	6.608646071515007
1599938.0	19.902691511387165	5.925018017636466
1612013.0	20.0	0.0
1624088.0	13.394616977225672	9.533486801816746
1636163.0	19.67734989648033	5.41899886088236
1648238.0	20.0	0.0
1660313.0	9.573498964803312	9.774412025016268
1672388.0	16.756521739130434	8.75223721768896
1684463.0	19.999917184265012	6.242093135165042
1696538.0	17.424596273291925	7.538176130794637
1708613.0	19.993871635610766	6.191191231199666
1720688.0	19.361490683229814	4.983492418713068
1732763.0	15.869151138716356	9.543254476547336
1744838.0	20.0	0.0
1756913.0	20.0	0.0
1768988.0	19.99983436853002	6.239439110535393
1781063.0	17.469482401656315	7.5986977199608
1793138.0	20.0	0.0
1805213.0	17.41913043478261	7.5051562675546
1817288.0	15.870807453416148	9.303856143042774
1829363.0	16.962981366459626	8.822491490937264
1841438.0	13.852587991718426	10.199504717403256
1853513.0	19.690186335403727	5.480921172066786
1865588.0	20.0	0.0
1877663.0	19.946583850931678	6.073913265782487
1889738.0	20.0	0.0
1901813.0	17.036024844720497	6.999290114847452
1913888.0	20.0	0.0
1925963.0	15.92231884057971	9.219158196212435
1938038.0	20.0	6.2423982756536835
1950113.0	19.96894409937888	6.148628421849811
1962188.0	20.0	6.2423452088140845
1974263.0	13.852919254658385	10.132190466226556
1986338.0	19.890848861283644	5.855817655466968
1998413.0	15.961656314699793	9.38152009296246
2010488.0	19.68215320910973	5.49433738236209
2022563.0	20.0	0.0
2034638.0	18.410517598343684	6.34100004522149
2046713.0	19.154451345755692	4.407174651156575
2058788.0	19.92662525879917	5.985019255319274
2070863.0	20.0	0.0
2082938.0	19.818964803312628	5.716751020993029
2095013.0	19.99966873706004	6.241575688938278
2107088.0	19.999917184265012	6.242093135165042
2119163.0	19.996190476190478	6.21383616088874
2131238.0	16.827080745341615	8.898330734192369
2143313.0	19.591718426501036	5.428496240080802
2155388.0	20.0	0.0
2167463.0	20.0	6.2423452088140845
2179538.0	0.1979296066252588	1.610010094743503
2191613.0	0.0	0.0
2203688.0	0.0	0.0
2215763.0	0.0	0.0
2227838.0	0.0	0.0
2239913.0	11.728115942028985	10.461824518540194
2251988.0	14.602153209109732	9.590251261289163
2264063.0	18.95983436853002	7.34046331346426
2276138.0	19.99966873706004	6.241575688938278
2288213.0	18.61846790890269	6.702121044940563
2300288.0	14.393540372670808	9.206231573937332
2312363.0	19.65175983436853	5.384541942028665
2324438.0	19.92927536231884	5.998985421465578
2336513.0	19.547826086956523	5.216830542673693
2348588.0	18.779627329192547	6.978701701083963
2360663.0	16.438923395445133	8.375256863895691
2372738.0	6.112629399585921	9.216063031760527
2384813.0	0.0	0.0
2396888.0	0.0	0.0
2408963.0	17.107246376811595	7.194459566027525
2421038.0	20.0	0.0
2433113.0	19.8592132505176	5.828387729009518
2445188.0	15.129440993788819	8.365278728097334
2457263.0	17.935734989648033	8.135966718918272
2469338.0	17.47320910973085	7.599912825042152
2481413.0	19.96935817805383	6.112167547810284
2493488.0	20.0	0.0
2505563.0	19.90757763975155	5.962290054292175
2517638.0	19.476107660455487	5.00910144721472
2529713.0	20.0	6.2423452088140845
2541788.0	20.000082815734988	0.05827044820980982
2553863.0	10.08712215320911	9.8764500206477
2565938.0	14.482981366459628	9.464017067166514
2578013.0	19.39991718426501	4.475088626995188
2590088.0	19.96223602484472	6.126283192580438
2602163.0	17.424016563147	7.053571992032896
2614238.0	17.319171842650103	7.3248096520608215
2626313.0	20.000082815734988	0.05827044820980982
2638388.0	18.409523809523808	6.316746286173945
2650463.0	18.499378881987578	6.580729757465105
2662538.0	16.043395445134575	7.7116673725334035
2674613.0	20.0	0.0
2686688.0	18.205383022774328	6.007710711387359
2698763.0	16.53399585921325	8.437626465580873
2710838.0	19.740786749482403	5.496974511353303
2722913.0	19.999917184265012	6.242093135165042
2734988.0	19.999917184265012	6.242093135165042
2747063.0	17.464182194616978	7.588511530358034
2759138.0	20.000082815734988	6.242617171598681
2771213.0	18.90600414078675	7.0743873601704275
2783288.0	16.243478260869566	8.049381751653412
2795363.0	16.744679089026913	8.474909992376439
2807438.0	20.0	6.2423452088140845
2819513.0	20.00016563146998	0.08340576562289569
2831588.0	16.382277432712215	8.301722238939652
2843663.0	20.0	6.2423452088140845
2855738.0	20.0	0.0
2867813.0	19.961739130434783	6.127540247309817
2879888.0	19.57134575569358	5.391604546507589
2891963.0	17.432546583850932	7.2411636734544045
2904038.0	19.97175983436853	6.117652562694845
2916113.0	19.661697722567286	5.431340690632705
2928188.0	19.974658385093168	6.135603594592737
2940263.0	19.83743271221532	5.837595012327449
2952338.0	18.37648033126294	6.316680733307838
2964413.0	17.2	7.325188399841172
2976488.0	18.2207867494824	5.811789260626875
2988563.0	17.64778467908903	7.6782934611924345
3000638.0	19.998674948240165	6.228904771979189
3012713.0	19.999751552795033	6.241575688938278
3024788.0	19.894824016563145	5.8704368649622
3036863.0	20.0	0.0
3048938.0	16.415072463768116	8.344110629337138
3061013.0	18.615734989648033	6.504618521619945
3073088.0	20.0	6.2423452088140845
3085163.0	19.845962732919254	5.798036363535318
3097238.0	18.090931677018634	5.738381907394616
3109313.0	19.994202898550725	6.188970353561816
3121388.0	17.442815734989647	7.557103523480163
3133463.0	17.46592132505176	7.591244820818691
3145538.0	16.418053830227745	8.344428224968823
3157613.0	18.412836438923396	6.325340930590125
3169688.0	20.0	0.0
3181763.0	20.0	6.2423452088140845
3193838.0	17.368364389233953	7.370968737162272
3205913.0	18.307080745341615	6.09621951208653
3217988.0	19.942360248447205	6.063043533936559
3230063.0	19.34824016563147	4.488863606786386
3242138.0	18.379627329192548	6.291299983830247
3254213.0	18.822360248447204	7.14794849602761
3266288.0	19.65209109730849	5.539670595853062
3278363.0	14.83776397515528	9.728683764244733
3290438.0	17.532422360248447	7.727496547948162
3302513.0	19.79991718426501	5.620584763606551
3314588.0	19.3807867494824	4.889114117404303
3326663.0	19.92513457556936	6.013779897389356
3338738.0	17.683229813664596	7.659752035296967
3350813.0	18.479503105590062	6.5522268747833765
3362888.0	19.379213250517598	4.859781283152856
3374963.0	20.000082815734988	6.242617171598681
3387038.0	19.652919254658386	5.395489259356013
3399113.0	19.99966873706004	6.241827783484173
3411188.0	19.999917184265012	6.242093135165042
3423263.0	16.92008281573499	8.773430622403552
3435338.0	20.0	6.2423452088140845
3447413.0	18.846376811594205	6.890507167612201
3459488.0	19.998012422360247	6.219298090384482
3471563.0	19.999171842650103	6.229277031850849
3483638.0	16.218302277432713	7.950874009536809
3495713.0	20.0	0.0
3507788.0	19.99983436853002	6.2393528357934525
3519863.0	20.0	0.0
3531938.0	20.0	0.0
3544013.0	16.951718426501035	8.794276324192492
3556088.0	18.377308488612837	6.318050646770351
3568163.0	19.91486542443064	5.932840140481214
3580238.0	15.433457556935817	9.000096617838876
3592313.0	20.00016563146998	0.08240685814387208
3604388.0	19.999917184265012	6.242093135165042
3616463.0	19.999917184265012	6.244739400994683
3628538.0	16.433871635610767	8.36824818225126
3640613.0	20.0	0.0
3652688.0	10.391718426501035	10.255776537198555
3664763.0	14.980124223602484	9.910226434936712
3676838.0	16.1455900621118	7.608472992897057
3688913.0	19.965217391304346	6.145381541101765
3700988.0	19.999917184265012	6.242093135165042
3713063.0	18.449192546583852	6.499651208988778
3725138.0	19.92256728778468	5.950172675261149
3737213.0	19.972670807453415	6.122402267395495
3749288.0	19.91089026915114	5.970319966039879
3761363.0	19.925714285714285	6.01255415388636
3773438.0	19.93374741200828	6.001069607905193
3785513.0	19.999917184265012	6.242093135165042
3797588.0	20.00016563146998	0.08240685814387208
3809663.0	20.0	0.0
3821738.0	18.443561076604556	6.446544004862236
3833813.0	15.345341614906832	8.778715083046993
3845888.0	19.939378881987576	6.064259072239418
3857963.0	19.379875776397515	4.6662791912489805
3870038.0	19.99966873706004	6.234127671622305
3882113.0	20.0	6.242404908976912
3894188.0	20.0	0.0
3906263.0	17.177060041407866	7.096087044685663
3918338.0	20.0	0.0
3930413.0	20.0	6.2423452088140845
3942488.0	18.71329192546584	6.824374777025986
3954563.0	15.291097308488613	8.6857490192179
3966638.0	19.940289855072464	6.037158916632813
3978713.0	18.473706004140787	6.538752136539939
3990788.0	20.0	0.0
4002863.0	15.643809523809523	9.087629523256705
4014938.0	17.596604554865426	7.389321375699851
4027013.0	17.770434782608696	7.805901043269028
4039088.0	19.966045548654243	6.140784473864178
4051163.0	19.897805383022774	5.875414614681241
4063238.0	18.493581780538303	6.576134780723728
4075313.0	19.587246376811596	5.125352081023444
4087388.0	20.0	0.0
4099463.0	17.376231884057972	6.960616807108671
4111538.0	20.000662525879918	0.16481371628774416
4123613.0	19.999917184265012	6.244739400994683
4135688.0	14.444389233954452	9.495772187715637
4147763.0	19.889689440993788	5.910337646641561
4159838.0	19.979792960662525	6.181579528392281
4171913.0	15.382525879917184	8.864888752149783
4183988.0	14.993540372670807	10.045861708888893
4196063.0	18.450269151138716	6.5019251807369045
4208138.0	16.413250517598343	8.33993113555236
4220213.0	10.052670807453417	9.852048372945454
4232288.0	15.866501035196688	9.458380008275856
4244363.0	19.140289855072464	4.520530575869452
4256438.0	19.997101449275362	6.2065550067456785
4268513.0	19.702691511387165	5.432567995990098
4280588.0	18.474368530020705	6.516619937032288
4292663.0	19.946832298136645	6.075542389030871
4304738.0	20.0	0.0
4316813.0	20.0	0.0
4328888.0	18.48447204968944	6.560942213807346
4340963.0	19.334906832298138	4.351206967083202
4353038.0	17.455238095238094	7.570346420576552
4365113.0	18.76438923395445	6.569248895870868
4377188.0	20.00033126293996	0.11654089641961964
4389263.0	10.076604554865424	9.943804838108253
4401338.0	19.999254658385095	6.232832322288476
4413413.0	16.93913043478261	8.948159878846115
4425488.0	19.615734989648033	5.346193088385629
4437563.0	18.140207039337476	5.628020698009709
4449638.0	20.0	0.0
4461713.0	19.999089026915115	6.235236808159756
4473788.0	18.26070393374741	6.206454931418983
4485863.0	19.998509316770186	6.224595574180846
4497938.0	19.999751552795033	6.241827783484173
4510013.0	20.0	0.0
4522088.0	16.360496894409938	8.230026326405849
4534163.0	19.652173913043477	5.361182465903602
4546238.0	19.98128364389234	6.186280151415811
4558313.0	19.194368530020704	4.637778078697426
4570388.0	17.636438923395445	7.899655363712041
4582463.0	20.0	0.0
4594538.0	19.971180124223604	6.117618719663056
4606613.0	17.027494824016564	6.988378403622355
4618688.0	19.999917184265012	6.2423452088140845
4630763.0	19.979875776397517	6.179475813129441
4642838.0	19.641573498964803	5.372585884751117
4651302.0	19.888110447146094	5.928431601777529
4657339.5	14.239961229576295	9.30140107901374
4666988.0	17.12968944099379	6.448239524138549
4679063.0	20.0	0.0
4691138.0	20.0	0.0
4703213.0	18.848033126293995	6.978405021633721
4715288.0	16.926293995859215	8.55720006064173
4722679.5	15.520679468242244	8.67771896867267
4728717.0	15.600832710579695	9.232504394650764
4739438.0	19.999420289855074	6.235748139992862
4751513.0	19.705341614906832	5.469940442747524
4763588.0	18.408115942028985	6.353571239454547
4775663.0	19.099047619047617	4.336393249950872
4787738.0	16.897722567287786	8.824321744151582
4799813.0	15.983105590062111	9.445837757005835
4811888.0	20.000082815734988	0.05827044820980982
4819084.5	17.949525452976705	7.23549991475319
4825049.5	15.508218893050353	9.036834504460458
