#Position (bp)	Coverage	Std
6038.0	19.353209109730848	4.838818191530162
18113.0	8.745507246376812	10.315856455473675
30188.0	18.44927536231884	6.494578085869592
42263.0	16.427329192546583	8.3599161932261
54338.0	19.998509316770186	6.216740906200292
66413.0	19.99768115942029	6.211050060750023
78488.0	20.0	6.239691291402829
90563.0	19.999751552795033	6.239173645979016
102638.0	14.32223602484472	8.926031439955874
114713.0	19.901283643892338	5.857641750201698
126788.0	17.003726708074534	6.959242480372495
138863.0	19.60256728778468	5.310141085101721
150938.0	19.910807453416147	5.97058351376346
163013.0	20.0	0.0
175088.0	19.83966873706004	5.644521336483053
187163.0	15.74335403726708	9.13397860832788
199238.0	19.998674948240165	6.228798407929514
211313.0	20.00016563146998	0.08340576562289569
223388.0	18.473706004140787	6.540904895578445
235463.0	19.999751552795033	6.241827783484173
247538.0	16.39751552795031	8.320793878353529
259613.0	19.923809523809524	6.006566455114779
271688.0	19.999751552795033	6.2389214441880485
283763.0	19.90310559006211	5.926003335128182
295838.0	18.428985507246377	6.467309097029594
307913.0	17.932919254658383	8.004217314891978
319988.0	19.364057971014493	4.859738680362129
332063.0	19.999917184265012	6.242093135165042
344138.0	19.925714285714285	5.978816989003067
356213.0	19.999917184265012	6.2423452088140845
368288.0	18.449192546583852	6.494418689927746
380363.0	19.479006211180124	5.084438158456011
392438.0	19.698136645962734	5.499934123452646
404513.0	16.017391304347825	7.764174241753896
416588.0	19.155031055900622	3.9114738052545563
428663.0	19.823105590062113	5.645240212784694
440738.0	19.99966873706004	6.236266069753089
452813.0	20.001573498964802	6.24493169239265
464888.0	19.616811594202897	5.238573288932748
476963.0	20.0	6.2423452088140845
489038.0	20.0	6.239691291402829
501113.0	19.99983436853002	6.239691291402829
513188.0	18.448861283643893	6.496458662631475
525263.0	18.436356107660455	6.46526633148705
537338.0	20.0	6.2423452088140845
549413.0	19.968033126293996	6.101766366801589
561488.0	19.993540372670807	6.190121028193657
573563.0	14.830890269151139	9.752222234409794
585638.0	17.06815734989648	6.275497060316199
597713.0	19.99966873706004	6.241350122029341
609788.0	15.798426501035197	9.251306214079536
621863.0	19.988819875776397	6.203999244459881
633938.0	17.895155279503104	7.930239318720079
646013.0	20.0	6.239711199984601
658088.0	17.646128364389234	7.648537391135804
670163.0	20.0	0.0
682238.0	19.96182194616977	6.119466275323694
694313.0	15.866666666666667	9.324945950364842
706388.0	19.531014492753624	5.144447649156014
718463.0	18.77167701863354	6.709796305375246
730538.0	19.999585921325053	6.230699391467404
742613.0	19.99983436853002	6.239186919475093
754688.0	17.296894409937888	7.3651015265843
766763.0	19.99585921325052	6.204312932533572
778838.0	19.70550724637681	5.378763548297009
790913.0	17.789979296066253	7.61577854298134
802988.0	19.30832298136646	4.1974753330832835
815063.0	0.892008281573499	3.726654036875305
827138.0	0.0	0.0
839213.0	0.0	0.0
851288.0	0.0	0.0
863363.0	16.968861283643893	8.886964422453975
875438.0	19.999917184265012	6.234127671622305
887513.0	19.316853002070392	4.391399461897593
899588.0	19.99966873706004	6.241316949737512
911663.0	14.987412008281574	10.050670795367491
923738.0	20.000082815734988	6.239976641672052
935813.0	19.93416149068323	5.992244815560078
947888.0	19.919171842650105	5.957218075995621
959963.0	19.87536231884058	5.88705988759099
972038.0	20.0	6.2423452088140845
984113.0	19.999917184265012	6.244752662660497
996188.0	19.9879917184265	6.200180321961992
1008263.0	18.132008281573498	5.880592356185498
1020338.0	16.106004140786748	7.876426552574159
1032413.0	20.0	6.2423452088140845
1044488.0	19.998509316770186	6.229144084450505
1056563.0	19.99966873706004	6.230951926051258
1068638.0	8.509151138716357	9.776441027891625
1080713.0	5.862774327122153	8.942049454526908
1092788.0	19.551304347826086	5.036726400792373
1104863.0	14.141614906832299	9.24786361093521
1116938.0	0.0	0.0
1129013.0	0.0	0.0
1141088.0	0.0	0.0
1153163.0	18.568778467908903	6.7839904097748525
1165238.0	19.670062111801244	5.455295450037968
1177313.0	18.46840579710145	6.532492445991486
1189388.0	20.0	6.2423452088140845
1201463.0	19.99055900621118	6.185222487968631
1213538.0	15.885714285714286	9.556522492685774
1225613.0	14.420455486542442	9.52256555022779
1237688.0	16.392215320910974	8.310874913145197
1249763.0	18.393374741200827	6.417109634894246
1261838.0	19.657888198757764	5.422848678017774
1273913.0	16.290848861283642	7.955861674868918
1285988.0	19.542277432712215	5.05522299242136
1298063.0	19.961573498964803	6.126769825006717
1310138.0	18.36447204968944	6.2207027623205775
1322213.0	18.46766045548654	6.529715481168408
1334288.0	19.998260869565218	6.222053877245497
1346363.0	19.40919254658385	4.674134811051568
1358438.0	19.681490683229814	5.479153037872034
1370513.0	19.99983436853002	6.242093135165042
1382588.0	18.4511801242236	6.492333430650432
1394663.0	19.521987577639752	4.709621885276721
1406738.0	19.999337474120082	6.236259429900156
1418813.0	18.1975983436853	5.717793954128054
1430888.0	19.925217391304347	6.011279942112417
1442963.0	19.921407867494825	5.962123372916032
1455038.0	19.97184265010352	6.112445302629689
1467113.0	19.63113871635611	5.296187933340241
1479188.0	19.72902691511387	5.498910112227719
1491263.0	20.0	0.04640268429450605
1503338.0	16.382608695652173	8.299567201667184
1515413.0	20.0	0.0
1527488.0	19.99983436853002	6.233888550465699
1539563.0	18.4496066252588	6.499816847236469
1551638.0	19.911221532091098	5.885322304983847
1563713.0	20.000082815734988	0.05827044820980982
1575788.0	19.923478260869565	5.958948592074055
1587863.0	18.43006211180124	6.394698891507203
1599938.0	19.393209109730847	4.884301128670091
1612013.0	20.0	6.2423452088140845
1624088.0	13.349068322981367	9.48074216766227
1636163.0	19.36679089026915	4.540601286328481
1648238.0	20.0	0.0
1660313.0	8.066832298136646	8.753547639288424
1672388.0	16.775900621118012	8.682206167429301
1684463.0	19.44472049689441	5.003030137727159
1696538.0	17.474616977225672	7.601018783192359
1708613.0	19.992463768115943	6.169369336684452
1720688.0	19.007536231884057	3.8007191212334193
1732763.0	15.862857142857143	9.529272760157205
1744838.0	19.999917184265012	6.239439110535393
1756913.0	20.0	6.2423452088140845
1768988.0	19.37383022774327	4.634276830221779
1781063.0	17.47826086956522	7.609164138194652
1793138.0	20.0	0.0
1805213.0	17.44016563146998	7.5390330038765825
1817288.0	15.89416149068323	9.315678362526118
1829363.0	16.89217391304348	8.68763667840113
1841438.0	13.855072463768115	10.187805807118679
1853513.0	19.65383022774327	5.4243145563100486
1865588.0	19.999917184265012	6.2423452088140845
1877663.0	19.860869565217392	5.832535289983479
1889738.0	19.93175983436853	6.029430923982855
1901813.0	18.043809523809525	5.842813355644922
1913888.0	20.000414078674947	6.233749058888444
1925963.0	14.931262939958593	9.680139108902406
1938038.0	19.999751552795033	6.236564855818317
1950113.0	19.948819875776397	6.043938496260847
1962188.0	19.692587991718426	5.484531230263441
1974263.0	13.488695652173913	9.622054549180856
1986338.0	19.739544513457556	5.435737887059271
1998413.0	16.328281573498966	8.188645372922084
2010488.0	19.690517598343686	5.563553387359185
2022563.0	19.888281573498965	5.904379537476166
2034638.0	18.422360248447205	6.376094068421372
2046713.0	18.865755693581782	7.106448825315798
2058788.0	20.0	6.2423452088140845
2070863.0	19.992795031055902	6.1694028958317615
2082938.0	19.855569358178055	5.809430471367769
2095013.0	19.998840579710144	6.227029839427302
2107088.0	20.000082815734988	6.242617171598681
2119163.0	19.995942028985507	6.191177854803853
2131238.0	16.831469979296067	8.905624342376912
2143313.0	19.589813664596274	5.419594844780693
2155388.0	19.99983436853002	6.239465656369833
2167463.0	19.650600414078674	5.410709417212823
2179538.0	19.944761904761904	6.070374040682242
2191613.0	19.530766045548653	5.119305400606518
2203688.0	19.340455486542442	4.589004772639991
2215763.0	19.99983436853002	6.239200192942925
2227838.0	19.995610766045548	6.171463077888348
2239913.0	15.170931677018633	8.120785895532316
2251988.0	18.469151138716356	6.581730155715146
2264063.0	18.83809523809524	7.172872752228966
2276138.0	19.68215320910973	5.4758570426890145
2288213.0	18.273623188405796	5.943376709251615
2300288.0	14.386501035196687	9.212126313806824
2312363.0	19.600745341614907	5.1640820356788995
2324438.0	19.923892339544512	5.966476395638397
2336513.0	19.27734989648033	4.675994817814911
2348588.0	19.387329192546584	4.88084946616746
2360663.0	16.436438923395446	8.364521348607125
2372738.0	17.455155279503106	7.574895881729836
2384813.0	18.871387163561078	7.1851468602754895
2396888.0	19.232215320910974	4.367070453728228
2408963.0	17.435942028985508	7.546060082872858
2421038.0	19.99983436853002	6.241827783484173
2433113.0	19.437101449275364	4.989139343330027
2445188.0	14.570020703933748	9.25570049852665
2457263.0	17.977060041407867	8.15466943170431
2469338.0	17.464430641821945	7.5696243797507945
2481413.0	20.0	6.239691291402829
2493488.0	19.61606625258799	5.343791506080256
2505563.0	19.951966873706006	6.0569895289004
2517638.0	19.436853002070393	4.931371665270751
2529713.0	20.0	6.2370362447249255
2541788.0	19.999171842650103	6.228984543824537
2553863.0	9.841325051759835	10.5157005754316
2565938.0	14.452339544513457	9.429261534440865
2578013.0	19.756853002070393	5.571868114529836
2590088.0	20.0	0.0
2602163.0	18.08927536231884	5.572588932624432
2614238.0	19.700207039337474	5.508998849426394
2626313.0	20.0	6.239691291402829
2638388.0	18.603146997929606	6.735973079914537
2650463.0	18.234120082815735	5.916989610059213
2662538.0	10.963892339544513	10.732520576714803
2674613.0	17.180124223602483	7.1055048207543985
2686688.0	17.937060041407868	8.271906106927348
2698763.0	16.580455486542444	8.526441639942039
2710838.0	19.890517598343685	5.866069045412665
2722913.0	19.999917184265012	6.242093135165042
2734988.0	19.99966873706004	6.2389214441880485
2747063.0	17.465672877846792	7.569017155743126
2759138.0	20.000082815734988	6.239983277569568
2771213.0	19.045548654244307	3.8667451980316767
2783288.0	18.81664596273292	6.851757719806772
2795363.0	18.855403726708076	6.700304371813882
2807438.0	19.999917184265012	6.242086501510494
2819513.0	19.68472049689441	5.367280676781684
2831588.0	15.41416149068323	8.82437336117366
2843663.0	19.99966873706004	6.236133271351234
2855738.0	19.996604554865424	6.214096044319974
2867813.0	19.99983436853002	6.236598053386406
2879888.0	19.45225672877847	4.85858826380506
2891963.0	16.966625258799173	8.739932392156229
2904038.0	19.977391304347826	6.144323576710533
2916113.0	19.69913043478261	5.513529378826244
2928188.0	19.965631469979296	6.133733896362573
2940263.0	19.68745341614907	5.602993875837348
2952338.0	18.286790890269152	6.133328832476519
2964413.0	17.197515527950312	7.32230490134923
2976488.0	17.57614906832298	7.174765994842293
2988563.0	17.9151966873706	8.10311904776657
3000638.0	19.88993788819876	5.914658773403338
3012713.0	19.448612836438922	5.024058062989507
3024788.0	19.854492753623187	5.788744701348583
3036863.0	19.99983436853002	6.236544937192643
3048938.0	16.384099378881988	8.301283295239724
3061013.0	18.737722567287786	6.78448479653771
3073088.0	19.953623188405796	6.068327304397147
3085163.0	19.436356107660455	4.818296736073131
3097238.0	18.102111801242238	5.8313850635877555
3109313.0	20.00033126293996	6.243432988872583
3121388.0	17.4255900621118	7.534934511675472
3133463.0	17.37689440993789	7.385414533124525
3145538.0	16.4279917184265	8.355030966014679
3157613.0	18.421780538302276	6.321667363984725
3169688.0	20.0	6.2423452088140845
3181763.0	19.93184265010352	5.998412488396607
3193838.0	17.393623188405797	7.405364291502146
3205913.0	18.486211180124222	6.554867961741044
3217988.0	19.660538302277434	5.379725762096275
3230063.0	18.80703933747412	6.627072901220814
3242138.0	18.14633540372671	5.584190935650135
3254213.0	18.448281573498964	6.324660074008706
3266288.0	18.640993788819877	6.474706321229539
3278363.0	14.836521739130434	9.727172672403723
3290438.0	17.51569358178054	7.690541635140008
3302513.0	19.88869565217391	5.895578579824906
3314588.0	19.380703933747412	4.88619130043336
3326663.0	19.758426501035196	5.4777774278126925
3338738.0	16.929358178053832	8.770220646388287
3350813.0	18.488033126293995	6.560222689751501
3362888.0	19.998509316770186	6.217193817535634
3374963.0	19.761242236024845	5.6280280554525195
3387038.0	19.998923395445136	6.2280471601113785
3399113.0	19.998674948240165	6.222493092792877
3411188.0	19.999917184265012	6.2423452088140845
3423263.0	17.23064182194617	7.086832043007446
3435338.0	20.0	0.0
3447413.0	19.464099378881986	5.040876390332213
3459488.0	19.14095238095238	4.013445311851343
3471563.0	19.999089026915115	6.2331179865592565
3483638.0	16.24215320910973	7.987692396034325
3495713.0	19.99792960662526	6.238675869489843
3507788.0	19.909648033126295	5.966670714920493
3519863.0	19.64712215320911	5.402238628070496
3531938.0	19.999917184265012	6.239439110535393
3544013.0	16.95792960662526	8.815617611468614
3556088.0	18.414906832298136	6.357083071345177
3568163.0	19.99776397515528	6.233244206136428
3580238.0	15.763146997929606	9.271582174841829
3592313.0	19.999917184265012	6.242093135165042
3604388.0	20.0	6.2423651089318
3616463.0	19.648364389233954	5.407570798997434
3628538.0	15.525714285714285	8.886162970570846
3640613.0	20.0	0.0
3652688.0	10.049358178053831	9.912469926381005
3664763.0	14.513706004140786	9.283280458235255
3676838.0	15.789399585921325	9.123228152658786
3688913.0	19.954120082815734	6.114903898626777
3700988.0	19.999089026915115	6.223717408839604
3713063.0	18.448612836438922	6.500307366518391
3725138.0	19.861946169772256	5.827208260192906
3737213.0	20.0	0.0
3749288.0	19.99966873706004	6.238682506770951
3761363.0	18.669068322981367	6.499262579606626
3773438.0	19.970931677018633	6.123450494838098
3785513.0	19.718592132505176	5.407011780782016
3797588.0	19.895983436853	5.8707190032317875
3809663.0	20.0	0.0
3821738.0	18.440414078674948	6.438246228030864
3833813.0	15.264182194616977	8.64350783786717
3845888.0	19.949730848861282	6.1040800257420065
3857963.0	18.63097308488613	6.414631308502194
3870038.0	19.973581780538304	6.133342335037054
3882113.0	19.99983436853002	6.239186919475093
3894188.0	19.999917184265012	6.242093135165042
3906263.0	17.152795031055902	7.038062739287938
3918338.0	19.999917184265012	6.239439110535393
3930413.0	19.949399585921324	6.046924855415299
3942488.0	18.386749482401655	6.2181328373907245
3954563.0	15.338053830227743	8.732618939377389
3966638.0	19.99792960662526	6.202136812034761
3978713.0	18.462111801242237	6.5127617991592475
3990788.0	19.47826086956522	5.078636291747119
4002863.0	15.951552795031056	9.537599126690598
4014938.0	17.9079917184265	7.7313912032627226
4027013.0	18.45954451345756	6.042869623939066
4039088.0	19.965879917184264	6.129756360857932
4051163.0	19.942608695652172	6.06675084691215
4063238.0	18.47320910973085	6.536522650797536
4075313.0	19.191801242236025	3.687447230909932
4087388.0	19.948654244306418	6.041403042724236
4099463.0	16.58136645962733	8.173663711452098
4111538.0	19.999917184265012	6.242093135165042
4123613.0	19.999917184265012	6.239691291402829
4135688.0	14.423188405797102	9.471745058401103
4147763.0	19.928861283643894	6.024999677843346
4159838.0	20.0	6.237142468292051
4171913.0	14.719171842650104	9.707600915156656
4183988.0	14.944596273291925	9.981643607629499
4196063.0	18.445051759834367	6.45944827749936
4208138.0	16.034451345755695	7.694255876884055
4220213.0	10.136645962732919	9.942093209747348
4232288.0	15.847536231884058	9.435850756720646
4244363.0	19.11768115942029	4.470293018218948
4256438.0	20.0	0.0
4268513.0	19.902111801242235	5.907001845898936
4280588.0	18.206376811594204	5.889584447899878
4292663.0	19.84463768115942	5.75284608652431
4304738.0	20.0	0.0
4316813.0	19.999751552795033	6.241827783484173
4328888.0	18.462111801242237	6.52239334192843
4340963.0	19.7879917184265	5.5906384335993415
4353038.0	17.434285714285714	7.534346475414721
4365113.0	18.196273291925465	6.103048825705405
4377188.0	20.0	0.0
4389263.0	10.080496894409938	9.948263683204171
4401338.0	19.999585921325053	6.236259429900156
4413413.0	16.617391304347827	8.57790990290044
4425488.0	19.614824016563148	5.335447303610695
4437563.0	18.081159420289854	5.798764771729131
4449638.0	20.0	0.0
4461713.0	19.993374741200828	6.189465437471667
4473788.0	18.404472049689442	6.336499154272103
4485863.0	19.99751552795031	6.2230121257462025
4497938.0	19.999917184265012	6.239439110535393
4510013.0	19.997846790890268	6.212443267004996
4522088.0	16.040496894409937	7.702254247744255
4534163.0	20.0	6.2423452088140845
4546238.0	20.0	0.0
4558313.0	18.70376811594203	6.780168377688986
4570388.0	17.259378881987576	7.21921177370081
4582463.0	19.99983436853002	6.2418543191598825
4594538.0	18.869565217391305	6.934117649538388
4606613.0	16.855817805383023	8.859529498791602
4618688.0	20.0	6.239691291402829
4630763.0	19.676935817805383	5.461804129390403
4642838.0	19.999917184265012	6.242093135165042
4651302.0	19.888316505254483	5.93537905279091
4657339.5	13.769592910551093	9.980471100031577
4666988.0	16.304927536231883	7.632739767351409
4679063.0	19.95229813664596	6.065214942451473
4691138.0	19.999503105590062	6.240859154104221
4703213.0	18.117018633540372	5.383072925391485
4715288.0	17.159089026915115	6.8668556125886875
4722679.5	15.598596750369277	8.786004212084755
4728717.0	15.58770150528451	9.220354987055968
4739438.0	20.0	0.0
4751513.0	19.71089026915114	5.493772118599144
4763588.0	18.034202898550724	5.470924464179121
4775663.0	19.09465838509317	4.3161212554226704
4787738.0	17.23768115942029	7.335028977687797
4799813.0	17.445051759834367	7.556095259415288
4811888.0	19.99983436853002	6.239186919475093
4819084.5	19.73037100949094	5.480257137364149
4825049.5	0.0	0.0
