#Position (bp)	Coverage	Std
6038.0	19.33623188405797	4.858068356595026
18113.0	8.115942028985508	9.849089037338652
30188.0	18.467908902691512	6.53450785910175
42263.0	16.049689440993788	7.718333421630176
54338.0	19.99983436853002	6.2418543191598825
66413.0	20.0	0.0
78488.0	20.0	6.2423452088140845
90563.0	19.99983436853002	6.242093135165042
102638.0	14.910144927536232	9.839288297580195
114713.0	19.986252587991718	6.16706674321925
126788.0	17.10385093167702	7.094143620339538
138863.0	19.327536231884057	4.779051943023856
150938.0	20.0	0.0
163013.0	19.99983436853002	6.241847685251532
175088.0	20.0	0.0
187163.0	16.05631469979296	7.727587642081164
199238.0	20.0	0.0
211313.0	20.0	0.0
223388.0	18.488612836438925	6.5670612907037205
235463.0	20.0	0.0
247538.0	16.459627329192546	8.400088730675993
259613.0	20.0	0.0
271688.0	19.37142857142857	4.873683928103656
283763.0	19.646790890269152	5.4072262055600415
295838.0	18.44968944099379	6.5003264769100815
307913.0	16.154699792960663	8.107670881464863
319988.0	19.400496894409937	4.99556739337791
332063.0	20.0	0.0
344138.0	20.0	0.0
356213.0	20.0	0.0
368288.0	18.47287784679089	6.54325945583837
380363.0	19.756356107660455	5.618831100857065
392438.0	20.0	0.0
404513.0	15.723395445134576	9.17393463049279
416588.0	19.078260869565216	4.22841614621717
428663.0	20.0	6.2423452088140845
440738.0	20.0	0.0
452813.0	20.0	0.0
464888.0	20.0	0.0
476963.0	20.0	6.2423452088140845
489038.0	20.00016563146998	6.2428891225355985
501113.0	19.99983436853002	6.2418543191598825
513188.0	18.46178053830228	6.524551498511507
525263.0	18.472049689440993	6.541411324156376
537338.0	20.0	0.0
549413.0	20.0	0.0
561488.0	20.0	0.0
573563.0	14.90103519668737	9.829477785740842
585638.0	17.831304347826087	7.870788827696137
597713.0	20.0	0.0
609788.0	15.053416149068322	8.567814973267634
621863.0	19.9807867494824	6.189933723644027
633938.0	17.657308488612838	7.685392559861326
646013.0	20.0	0.0
658088.0	17.25134575569358	7.116743154441786
670163.0	20.0	0.0
682238.0	20.0	0.0
694313.0	15.855072463768115	9.454675577149708
706388.0	20.0	0.0
718463.0	19.13383022774327	4.057801830250191
730538.0	20.0	0.0
742613.0	20.0	0.0
754688.0	17.297722567287785	7.369092187558591
766763.0	19.999917184265012	6.242093135165042
778838.0	20.000082815734988	0.05827044820980982
790913.0	18.459627329192546	6.516232319668501
802988.0	18.036438923395444	5.594806820082108
815063.0	17.224844720496893	7.2173646136850875
827138.0	18.695652173913043	6.781059970765793
839213.0	19.99983436853002	6.244480792881887
851288.0	18.87014492753623	7.006669404864792
863363.0	17.246376811594203	7.387219672701878
875438.0	20.0	0.0
887513.0	20.0	0.0
899588.0	20.0	0.0
911663.0	14.971428571428572	10.037197896569879
923738.0	20.000082815734988	0.05827044820980982
935813.0	20.0	0.0
947888.0	20.0	0.0
959963.0	19.286625258799173	4.680951222542925
972038.0	19.43271221532091	4.997349193802981
984113.0	20.0	0.0
996188.0	19.37639751552795	4.881494187976299
1008263.0	17.435942028985508	7.285124808694827
1020338.0	16.08455486542443	7.851789631292898
1032413.0	20.0	0.0
1044488.0	19.99983436853002	6.2418543191598825
1056563.0	20.0	0.0
1068638.0	11.109565217391305	9.729513700745896
1080713.0	6.7010351966873705	9.081818115876086
1092788.0	19.851014492753624	5.895501320312409
1104863.0	17.263768115942028	7.3213434828161645
1116938.0	19.99983436853002	6.242093135165042
1129013.0	18.156521739130437	5.620577396420331
1141088.0	17.85175983436853	8.166765960439173
1153163.0	18.590476190476192	6.814124898814664
1165238.0	19.677018633540374	5.466472248221858
1177313.0	18.467908902691512	6.535838451569191
1189388.0	20.0	0.0
1201463.0	20.0	0.0
1213538.0	15.894824016563147	9.569209594147718
1225613.0	14.459627329192546	9.585574047164028
1237688.0	16.4472049689441	8.383064857050524
1249763.0	18.46625258799172	6.526391715172771
1261838.0	20.0	0.0
1273913.0	16.424016563147	8.273713019083583
1285988.0	19.716770186335403	5.654328304178011
1298063.0	20.0	0.0
1310138.0	18.31296066252588	6.099282108250513
1322213.0	18.46873706004141	6.532162822428446
1334288.0	20.0	0.012869789042449443
1346363.0	19.930269151138717	6.026985553775987
1358438.0	20.0	0.0
1370513.0	20.0	0.0
1382588.0	18.46873706004141	6.533684023207264
1394663.0	19.904596273291926	5.953463421242673
1406738.0	20.0	0.0
1418813.0	17.53896480331263	7.514766691421698
1430888.0	19.999917184265012	6.242093135165042
1442963.0	20.0	0.0
1455038.0	20.0	0.0
1467113.0	20.0	0.0
1479188.0	19.999917184265012	6.244752662660497
1491263.0	20.0	0.0
1503338.0	16.43494824016563	8.368490641135118
1515413.0	20.000745341614905	0.17481134462959202
1527488.0	19.5296066252588	5.185646698052096
1539563.0	18.47287784679089	6.543246799177625
1551638.0	19.9960248447205	6.215675102289829
1563713.0	20.0	0.0
1575788.0	19.963064182194618	6.128810556754037
1587863.0	18.497971014492755	6.612135151593619
1599938.0	19.351304347826087	4.7943375848856125
1612013.0	20.00248447204969	0.3201966269610117
1624088.0	13.371428571428572	9.508087436917823
1636163.0	20.00016563146998	0.059674756845497744
1648238.0	20.0	0.0
1660313.0	7.17871635610766	9.232295462294607
1672388.0	16.027246376811593	7.779795459477348
1684463.0	20.0	0.0
1696538.0	17.47743271221532	7.606714915207631
1708613.0	20.0	0.0
1720688.0	19.374741200828158	5.018268902154121
1732763.0	15.855900621118012	9.52935966642953
1744838.0	20.0	0.0
1756913.0	20.0	0.0
1768988.0	19.99966873706004	6.238695781311974
1781063.0	17.488198757763975	7.625146368618584
1793138.0	20.0	0.0
1805213.0	17.4487784679089	7.5493956540375375
1817288.0	15.935900621118012	9.413857016852731
1829363.0	16.396687370600414	7.999120034419522
1841438.0	13.768115942028986	10.181438882720226
1853513.0	20.0	0.0
1865588.0	19.95006211180124	6.061370062893163
1877663.0	20.0	0.0
1889738.0	19.999917184265012	6.244752662660497
1901813.0	17.354037267080745	7.146100298932393
1913888.0	19.99983436853002	6.2418543191598825
1925963.0	13.935403726708074	10.214652731971977
1938038.0	19.999917184265012	6.242093135165042
1950113.0	19.999917184265012	6.242093135165042
1962188.0	20.0	0.0
1974263.0	13.915527950310558	10.194526197388182
1986338.0	19.98824016563147	6.210289998329712
1998413.0	16.393954451345756	8.32653967383562
2010488.0	19.999917184265012	6.244739400994683
2022563.0	19.67552795031056	5.466214696258286
2034638.0	18.47784679089027	6.551215650628148
2046713.0	18.523395445134575	6.6171869824780245
2058788.0	20.0	0.0
2070863.0	20.000082815734988	0.05827044820980982
2082938.0	19.857722567287784	5.822559112364359
2095013.0	19.372256728778467	4.872239357431822
2107088.0	20.0	0.0
2119163.0	19.667080745341615	5.450359457821262
2131238.0	16.831469979296067	8.905624342376912
2143313.0	19.621532091097308	5.4862523459382215
2155388.0	20.0	0.0
2167463.0	20.0	0.0
2179538.0	20.0	0.0
2191613.0	19.999751552795033	6.241575688938278
2203688.0	19.400331262939957	4.9308846253391305
2215763.0	20.0	0.0
2227838.0	20.0	0.0
2239913.0	16.41217391304348	8.29729682339793
2251988.0	18.51345755693582	6.699958282988694
2264063.0	18.95494824016563	7.332567247769649
2276138.0	19.999917184265012	6.242093135165042
2288213.0	18.602070393374742	6.834269995896534
2300288.0	14.028819875776398	8.970150638895205
2312363.0	19.64488612836439	5.311076748822599
2324438.0	19.954037267080746	6.1097756241988
2336513.0	19.081490683229813	4.312819736399254
2348588.0	19.37614906832298	4.884724997610142
2360663.0	16.420538302277432	8.35189816140922
2372738.0	17.47991718426501	7.612646120264685
2384813.0	18.87784679089027	7.227735857892844
2396888.0	19.59337474120083	5.4351436733063805
2408963.0	17.03768115942029	6.807710888120313
2421038.0	19.999917184265012	6.242093135165042
2433113.0	19.999917184265012	6.242093135165042
2445188.0	14.386749482401656	9.365502090095646
2457263.0	18.30807453416149	6.3909874430243105
2469338.0	17.48488612836439	7.620148729957091
2481413.0	19.61159420289855	5.344256412687816
2493488.0	20.0	0.0
2505563.0	20.0	0.0
2517638.0	20.0	6.239691291402829
2529713.0	20.0	0.0
2541788.0	19.638592132505178	5.391036191821763
2553863.0	19.633954451345755	5.32271199107735
2565938.0	19.64472049689441	5.404966660051966
2578013.0	19.994699792960663	6.197127498604049
2590088.0	19.378053830227742	4.8882755748052995
2602163.0	17.867494824016564	7.942938319736514
2614238.0	20.0	0.0
2626313.0	19.999917184265012	6.239717836164408
2638388.0	18.47287784679089	6.543626488350908
2650463.0	18.460455486542443	6.523282081110003
2662538.0	16.41656314699793	8.345688563464593
2674613.0	19.36231884057971	4.851645896899598
2686688.0	17.58136645962733	7.647958089579111
2698763.0	16.691511387163562	8.746344992317514
2710838.0	20.0	0.0
2722913.0	19.99983436853002	6.241834417413675
2734988.0	20.000082815734988	0.05827044820980982
2747063.0	17.466666666666665	7.592602916498337
2759138.0	20.0	0.0
2771213.0	19.27006211180124	4.648880628421051
2783288.0	18.78592132505176	6.851032474213864
2795363.0	18.800828157349898	6.875768355332405
2807438.0	19.374741200828158	4.882511996446618
2819513.0	20.0	6.242617171598681
2831588.0	15.860869565217392	9.318633795670126
2843663.0	19.36728778467909	4.863903466950985
2855738.0	19.381780538302277	4.86704386070528
2867813.0	20.0	0.0
2879888.0	18.942443064182196	7.128050906864294
2891963.0	17.888198757763973	8.208353065104342
2904038.0	20.0	0.0
2916113.0	19.944844720496896	6.074274573494593
2928188.0	20.0	0.0
2940263.0	20.0	0.0
2952338.0	18.456314699792962	6.513689994918125
2964413.0	17.217391304347824	7.348722794341511
2976488.0	17.060041407867494	7.034049103531356
2988563.0	18.040331262939958	5.933105353053724
3000638.0	20.0	0.0
3012713.0	20.0	0.0
3024788.0	20.0	6.2423452088140845
3036863.0	19.479089026915116	5.087841228299996
3048938.0	16.440579710144927	8.373971306682067
3061013.0	19.10385093167702	4.282440433473954
3073088.0	20.0	0.0
3085163.0	19.836853002070395	5.760341317239572
3097238.0	18.467080745341615	6.529246196968002
3109313.0	20.0	0.0
3121388.0	17.46335403726708	7.587256396572427
3133463.0	17.471552795031055	7.5977385760487515
3145538.0	16.457971014492752	8.397820874794517
3157613.0	18.471221532091096	6.54071497475256
3169688.0	20.0	0.0
3181763.0	19.99966873706004	6.238669232201679
3193838.0	17.479089026915116	7.611394966320782
3205913.0	18.4048033126294	6.312221541323586
3217988.0	20.0	0.0
3230063.0	19.35569358178054	4.835899226105911
3242138.0	18.457060041407868	6.516048034474395
3254213.0	18.79751552795031	7.113571434288452
3266288.0	19.04008281573499	3.973275111777645
3278363.0	14.829979296066252	9.719852259695646
3290438.0	17.526128364389233	7.718939628310824
3302513.0	20.000082815734988	0.05827044820980982
3314588.0	19.40248447204969	4.929818007803341
3326663.0	20.0	0.0
3338738.0	17.650186335403728	7.483264973150764
3350813.0	18.464596273291924	6.528294841715766
3362888.0	19.3888198757764	4.907466740963673
3374963.0	20.0	0.0
3387038.0	20.0	0.0
3399113.0	20.0	0.0
3411188.0	20.0	0.0
3423263.0	16.92753623188406	8.783477807887735
3435338.0	20.0	0.0
3447413.0	18.506832298136647	6.38184536874398
3459488.0	20.0	0.012869789042449443
3471563.0	19.99983436853002	6.2418543191598825
3483638.0	16.43229813664596	8.360015255516211
3495713.0	20.0	0.0
3507788.0	20.0	0.0
3519863.0	20.0	0.0
3531938.0	20.0	6.2423452088140845
3544013.0	16.947080745341616	8.809424653910108
3556088.0	18.082815734989648	5.688315727682965
3568163.0	20.001325051759835	0.2330817928393612
3580238.0	15.826749482401656	9.327454522402927
3592313.0	20.0	0.0
3604388.0	20.0	0.0
3616463.0	20.000082815734988	0.05827044820980982
3628538.0	15.790559006211181	9.24332224966652
3640613.0	20.0	0.0
3652688.0	10.181532091097308	10.047588629471289
3664763.0	14.949896480331264	9.885640086366905
3676838.0	16.015238095238097	7.57140747682518
3688913.0	19.897805383022774	5.990199034426959
3700988.0	20.0	0.0
3713063.0	18.472049689440993	6.538372164308652
3725138.0	20.0	0.0
3737213.0	20.0	0.0
3749288.0	20.0	0.0
3761363.0	20.0	0.0
3773438.0	20.000082815734988	0.05827044820980982
3785513.0	20.0	0.0
3797588.0	20.0	0.0
3809663.0	19.681987577639752	5.4763107377199
3821738.0	18.457971014492752	6.517376042257381
3833813.0	15.455238095238096	9.02777402983412
3845888.0	19.02111801242236	3.92111658580858
3857963.0	18.758592132505175	6.864557757722615
3870038.0	20.0	0.0
3882113.0	19.999917184265012	6.2367839565021645
3894188.0	20.0	0.0
3906263.0	17.269151138716357	7.3301329361263035
3918338.0	20.0	0.0
3930413.0	19.37639751552795	4.884886058163715
3942488.0	18.464596273291924	6.52715303237748
3954563.0	15.313457556935818	8.71178730773646
3966638.0	19.614906832298136	5.348593592352016
3978713.0	18.464596273291924	6.527914260793663
3990788.0	20.0	0.0
4002863.0	15.987577639751553	9.595353430354514
4014938.0	16.13209109730849	7.836185111484366
4027013.0	16.208695652173912	8.093859339413502
4039088.0	20.0	0.0
4051163.0	19.370600414078677	4.871219402563275
4063238.0	18.45383022774327	6.508538745721259
4075313.0	19.279503105590063	4.677464585460823
4087388.0	20.0	0.0
4099463.0	16.08944099378882	7.771583849380402
4111538.0	20.0	0.0
4123613.0	20.0	0.0
4135688.0	14.470393374741201	9.525078590395415
4147763.0	19.999917184265012	6.2423452088140845
4159838.0	20.0	0.0
4171913.0	14.246211180124224	9.069914775634174
4183988.0	15.325051759834368	8.95345683152348
4196063.0	18.467080745341615	6.532669928713336
4208138.0	16.446376811594202	8.381928702778849
4220213.0	10.082567287784679	9.887646264619518
4232288.0	15.867743271221531	9.460327974389829
4244363.0	19.13871635610766	4.519431247311086
4256438.0	20.0	0.0
4268513.0	19.831387163561075	5.773007799026351
4280588.0	18.482815734989646	6.556901757882749
4292663.0	19.979958592132505	6.182128788379265
4304738.0	20.0	0.0
4316813.0	19.3888198757764	4.914043761196731
4328888.0	18.464596273291924	6.528802248435147
4340963.0	20.0	0.0
4353038.0	17.4824016563147	7.616072141558563
4365113.0	17.92215320910973	8.171429295342307
4377188.0	20.0	0.0
4389263.0	10.071221532091098	9.935985583917155
4401338.0	20.0	0.0
4413413.0	16.660869565217393	8.632453571168806
4425488.0	19.971097308488613	6.1540876684571115
4437563.0	17.768115942028984	7.981007475955836
4449638.0	19.999917184265012	6.242093135165042
4461713.0	20.0	0.0
4473788.0	18.469565217391306	6.536662015934355
4485863.0	20.0	0.0
4497938.0	20.0	0.0
4510013.0	20.0	0.0
4522088.0	16.45134575569358	8.38874332023299
4534163.0	20.0	0.0
4546238.0	19.431884057971015	4.995940380934812
4558313.0	19.18840579710145	4.626460935396462
4570388.0	17.64472049689441	7.910131878508962
4582463.0	20.0	0.0
4594538.0	18.78592132505176	6.806768036102632
4606613.0	16.499378881987578	8.51178698031992
4618688.0	19.885383022774327	5.964678642169067
4630763.0	19.378053830227742	4.889291971588201
4642838.0	20.0	0.0
4651302.0	19.891201318771895	5.936229556513128
4657339.5	13.32594849072279	9.761997425801027
4666988.0	17.878260869565217	7.834916803964912
4679063.0	20.0	0.0
4691138.0	20.0	0.0
4703213.0	18.33623188405797	6.111252900042805
4715288.0	16.40231884057971	8.238725906040656
4722679.5	14.957163958641063	9.538462912938682
4728717.0	15.631472189601794	9.268741887207051
4739438.0	20.0	0.0
4751513.0	20.0	0.0
4763588.0	18.460455486542443	6.520615500168309
4775663.0	19.144513457556936	4.531417814769266
4787738.0	17.27287784679089	7.426353387610985
4799813.0	17.47826086956522	7.610796515640427
4811888.0	20.0	0.0
4819084.5	19.139775668679896	3.867075241472509
4825049.5	15.551706200582606	9.097411749557695
