#Position (bp)	Coverage	Std
6038.0	19.35569358178054	4.897415552005664
18113.0	8.736480331262939	10.333186401145976
30188.0	18.4487784679089	6.500332847028158
42263.0	16.448861283643893	8.386531645649367
54338.0	19.997267080745342	6.215328676667567
66413.0	19.9975983436853	6.215575173803374
78488.0	20.0	0.0
90563.0	19.999917184265012	6.242093135165042
102638.0	14.444472049689441	9.12549723538179
114713.0	19.921325051759833	5.924850287701539
126788.0	17.253333333333334	7.299445510578509
138863.0	19.372091097308488	4.875994350998893
150938.0	19.87080745341615	5.8580658768748375
163013.0	20.0	0.0
175088.0	19.81648033126294	5.5752558919631285
187163.0	16.38111801242236	8.286885046150692
199238.0	20.000082815734988	0.05827044820980982
211313.0	20.000248447204967	6.243174326644889
223388.0	18.505175983436853	6.590726906754692
235463.0	20.0	0.0
247538.0	16.412422360248446	8.339583577392004
259613.0	19.813913043478262	5.661858878736995
271688.0	20.0	0.0
283763.0	19.92273291925466	5.984507258091781
295838.0	18.428985507246377	6.467309097029594
307913.0	17.204140786749484	6.9232228400329285
319988.0	19.732670807453417	5.56999503774437
332063.0	19.96968944099379	6.1517389687424595
344138.0	19.94575569358178	6.037440122254932
356213.0	20.0	6.2423452088140845
368288.0	18.450683229813663	6.499638467410272
380363.0	19.776645962732918	5.661361540544254
392438.0	19.92695652173913	5.990489356715298
404513.0	16.359089026915115	8.276595253212957
416588.0	19.262111801242234	4.466521427755191
428663.0	19.763395445134577	5.4639037607207355
440738.0	20.0	0.0
452813.0	19.598509316770187	5.247418767995182
464888.0	19.617722567287785	5.245003537825426
476963.0	20.0	6.242358475566278
489038.0	20.0	0.0
501113.0	20.0	0.0
513188.0	18.448695652173914	6.495100877101658
525263.0	18.43768115942029	6.471091952360177
537338.0	20.0	0.0
549413.0	19.989399585921326	6.1681812252339965
561488.0	19.994285714285713	6.193150561033991
573563.0	14.831304347826087	9.755283115022564
585638.0	17.71933747412008	7.5197848081628385
597713.0	20.0	0.0
609788.0	15.804886128364389	9.255736288610779
621863.0	19.990724637681158	6.215122144513453
633938.0	18.160828157349897	5.749843818204751
646013.0	20.0	0.0
658088.0	17.64952380952381	7.654593067633048
670163.0	20.0	0.0
682238.0	19.942443064182196	6.066245747916917
694313.0	15.853913043478261	9.312192857635917
706388.0	19.491345755693583	5.067519270096073
718463.0	19.39975155279503	4.862609273229691
730538.0	20.0	6.2423452088140845
742613.0	19.99966873706004	6.241350122029341
754688.0	17.318426501035198	7.393943019441061
766763.0	19.994865424430643	6.200601052813274
778838.0	19.72910973084886	5.492430326391876
790913.0	18.612836438923395	7.0431912115932365
802988.0	19.497639751552796	4.528995610754773
815063.0	0.7903933747412009	3.4867153977648293
827138.0	0.0	0.0
839213.0	0.0	0.0
851288.0	0.0	0.0
863363.0	16.464513457556937	8.170937743153138
875438.0	20.0	0.0
887513.0	19.634534161490684	5.31622774462421
899588.0	20.0	6.2423651089318
911663.0	15.321656314699792	8.87258321568497
923738.0	19.99966873706004	6.243963544523754
935813.0	19.53192546583851	5.081668430473116
947888.0	19.918840579710146	5.95495861371826
959963.0	19.855403726708076	5.8408215764026385
972038.0	20.0	6.2423452088140845
984113.0	19.999917184265012	6.2367839565021645
996188.0	19.98832298136646	6.20630815135417
1008263.0	17.547329192546584	7.431748802882881
1020338.0	16.15055900621118	7.938302461026093
1032413.0	20.0	6.2423452088140845
1044488.0	19.998674948240165	6.2312974831074595
1056563.0	19.970683229813666	6.149295100069867
1068638.0	7.806211180124223	9.72597214480335
1080713.0	7.808530020703934	9.248226286212605
1092788.0	19.801739130434783	5.680448470324907
1104863.0	14.139544513457556	9.243250573224783
1116938.0	0.0	0.0
1129013.0	0.0	0.0
1141088.0	0.0	0.0
1153163.0	18.563146997929607	6.774938594604568
1165238.0	19.67345755693582	5.461220333975904
1177313.0	18.501035196687372	6.5809814442973735
1189388.0	19.99983436853002	6.236531658073515
1201463.0	19.970848861283645	6.124228096034367
1213538.0	15.897308488612836	9.572194895313803
1225613.0	14.364057971014493	9.465797644771403
1237688.0	16.416977225672877	8.34294931739546
1249763.0	18.50600414078675	6.592171780109184
1261838.0	19.645962732919255	5.4033116139563475
1273913.0	16.54865424430642	8.415912169203738
1285988.0	19.55768115942029	5.092396800720017
1298063.0	19.961242236024844	6.123112376560095
1310138.0	18.363726708074534	6.225945844312709
1322213.0	18.509068322981367	6.591618996406635
1334288.0	19.99734989648033	6.218658892920648
1346363.0	19.72231884057971	5.446141339199934
1358438.0	19.673706004140787	5.463320189667087
1370513.0	20.0	0.0
1382588.0	18.45134575569358	6.500071667067881
1394663.0	19.553209109730847	4.88611502963405
1406738.0	19.999917184265012	6.24210640245298
1418813.0	18.25648033126294	5.8592886035728435
1430888.0	19.904596273291926	5.953407778927514
1442963.0	19.95354037267081	6.066539256505693
1455038.0	19.923146997929607	5.931011246822747
1467113.0	19.598260869565216	5.228303288783381
1479188.0	19.987246376811594	6.163601162961981
1491263.0	19.938136645962732	6.052756331891324
1503338.0	13.906666666666666	10.31444343002673
1515413.0	20.0	6.2423452088140845
1527488.0	20.0	0.0
1539563.0	18.485300207039337	6.510205398228396
1551638.0	19.845797101449275	5.68787166328241
1563713.0	19.999917184265012	6.244739400994683
1575788.0	19.923975155279503	5.961901123832227
1587863.0	18.446459627329194	6.42098655371442
1599938.0	19.386997929606625	4.873480014672897
1612013.0	19.906915113871637	5.960900900410393
1624088.0	13.44496894409938	9.585405573057407
1636163.0	19.666583850931676	5.41846394772495
1648238.0	20.0	0.0
1660313.0	9.556935817805384	9.283030668111206
1672388.0	16.610517598343684	8.499918401751804
1684463.0	20.0	0.0
1696538.0	17.455320910973086	7.574928680420534
1708613.0	19.95072463768116	6.0478766186326025
1720688.0	18.99097308488613	7.125273595415395
1732763.0	15.869151138716356	9.540650741073534
1744838.0	19.999751552795033	6.241827783484173
1756913.0	20.0	0.0
1768988.0	19.523643892339546	4.94960943311416
1781063.0	17.453416149068325	7.572834745784204
1793138.0	20.0	0.0
1805213.0	17.428985507246377	7.5190744331508625
1817288.0	15.900455486542443	9.344104993879615
1829363.0	16.956107660455487	8.742135181763773
1841438.0	13.843395445134576	10.187781420365827
1853513.0	19.704679089026914	5.517650953955811
1865588.0	19.999751552795033	6.241827783484173
1877663.0	19.999917184265012	6.239439110535393
1889738.0	19.91337474120083	5.975221437029098
1901813.0	18.610600414078675	6.529347666680108
1913888.0	19.979875776397517	6.179221174802061
1925963.0	16.228985507246378	7.880867625722533
1938038.0	19.976149068322982	6.1690941447904475
1950113.0	19.949316770186336	6.056620353259702
1962188.0	19.763892339544512	5.6099586104325265
1974263.0	13.464513457556937	9.598140779245712
1986338.0	19.733664596273293	5.415459811405132
1998413.0	16.32695652173913	8.187209132222115
2010488.0	19.693084886128364	5.571466793944379
2022563.0	19.907494824016563	5.96256090159052
2034638.0	18.483975155279502	6.5318205034298735
2046713.0	18.88695652173913	7.141631364802067
2058788.0	19.999917184265012	6.239439110535393
2070863.0	19.991138716356108	6.167570299189554
2082938.0	19.818964803312628	5.716504745124872
2095013.0	19.998674948240165	6.222493092792877
2107088.0	20.0	6.2423452088140845
2119163.0	19.9960248447205	6.201896457434374
2131238.0	16.820703933747414	8.89115223082579
2143313.0	19.614989648033127	5.475380622446489
2155388.0	20.0	0.0
2167463.0	19.660455486542443	5.435204621296452
2179538.0	19.92513457556936	6.015872724524778
2191613.0	19.970269151138716	6.117307354985713
2203688.0	19.94857142857143	6.027569510416163
2215763.0	19.999917184265012	6.244739400994683
2227838.0	19.97151138716356	6.099927026682275
2239913.0	15.271055900621118	8.346467496416498
2251988.0	18.42120082815735	6.486016173052719
2264063.0	18.831469979296067	7.162242844758044
2276138.0	19.674120082815737	5.459787116941358
2288213.0	18.469730848861282	6.6361579345661434
2300288.0	14.439171842650104	9.272189545344903
2312363.0	19.639006211180124	5.356731799274457
2324438.0	19.83345755693582	5.687835263023714
2336513.0	19.54790890269151	5.218267007255017
2348588.0	19.392877846790892	4.8983708788821545
2360663.0	16.441407867494824	8.376295054532147
2372738.0	17.435859213250517	7.547903607047696
2384813.0	18.846128364389234	7.134014402192026
2396888.0	19.575652173913042	5.335602519332417
2408963.0	17.455320910973086	7.570548798451196
2421038.0	19.999585921325053	6.241064834557574
2433113.0	19.459792960662526	5.043923018870318
2445188.0	14.56231884057971	9.248517311643425
2457263.0	18.272215320910973	6.32738306075391
2469338.0	16.88662525879917	8.731476103628765
2481413.0	19.999917184265012	6.239439110535393
2493488.0	19.639668737060042	5.391235890836333
2505563.0	19.87950310559006	5.828444564851643
2517638.0	19.496894409937887	5.083566671493514
2529713.0	19.99983436853002	6.2418543191598825
2541788.0	19.999420289855074	6.233602921507173
2553863.0	9.818219461697723	10.454887808533716
2565938.0	14.445134575569359	9.422540263132442
2578013.0	19.55105590062112	4.919366385162828
2590088.0	20.0	6.2423452088140845
2602163.0	18.45192546583851	6.452713811099196
2614238.0	20.0	0.0
2626313.0	20.0	0.0
2638388.0	18.40910973084886	6.223936961790973
2650463.0	18.339461697722566	6.200400708349372
2662538.0	16.382525879917186	8.298679083695278
2674613.0	20.0	0.0
2686688.0	18.266749482401657	6.110731150745168
2698763.0	16.580621118012424	8.524022806358078
2710838.0	19.89175983436853	5.875069269667845
2722913.0	20.0	0.0
2734988.0	20.0	0.0
2747063.0	17.427080745341616	7.498952307775114
2759138.0	20.000082815734988	6.239963369855858
2771213.0	19.24182194616977	4.342300007850454
2783288.0	19.152629399585923	3.680095866966255
2795363.0	19.502608695652174	4.893067729067544
2807438.0	19.387246376811593	4.898692097387866
2819513.0	19.953291925465837	6.069528140032807
2831588.0	16.382194616977227	8.299058291759415
2843663.0	19.998757763975156	6.230639579145738
2855738.0	19.382111801242235	4.843607983959625
2867813.0	20.00016563146998	6.2428891225355985
2879888.0	19.0312215320911	7.007301722682722
2891963.0	16.952380952380953	8.730579750184242
2904038.0	19.998592132505177	6.211283394586621
2916113.0	19.99511387163561	6.197408127178975
2928188.0	19.965217391304346	6.135158158635357
2940263.0	19.839585921325053	5.845505785490147
2952338.0	18.37416149068323	6.309196678890208
2964413.0	17.20662525879917	7.331629766365449
2976488.0	18.40770186335404	6.210850053341586
2988563.0	17.937142857142856	8.132673156521626
3000638.0	20.0	0.0
3012713.0	19.448530020703934	5.022730939136248
3024788.0	19.94592132505176	6.076816754136499
3036863.0	19.411180124223602	4.9565816712078945
3048938.0	16.396604554865423	8.315975296654962
3061013.0	18.757184265010352	6.816160312658989
3073088.0	19.973913043478262	6.133207308094027
3085163.0	19.373416149068323	4.6882523550815325
3097238.0	18.077929606625258	5.785632236209869
3109313.0	20.0	6.242637070849441
3121388.0	17.411014492753623	7.490985611014792
3133463.0	17.36281573498965	7.3672826063665
3145538.0	16.447784679089025	8.382837638515134
3157613.0	18.451097308488613	6.3748990167782305
3169688.0	20.0	6.2423452088140845
3181763.0	19.972505175983436	6.1241063910604066
3193838.0	17.381780538302277	7.387959540344835
3205913.0	18.487784679089028	6.560311056605493
3217988.0	19.919668737060043	5.982479595602585
3230063.0	19.1296066252588	3.9800849996645637
3242138.0	18.208364389233953	5.766369264342477
3254213.0	18.327701863354037	5.991574484500101
3266288.0	19.62583850931677	5.451119132156322
3278363.0	14.86385093167702	9.754727048613953
3290438.0	17.515776397515527	7.6940298438526495
3302513.0	19.93167701863354	6.005091007838462
3314588.0	19.381863354037268	4.8890040139528645
3326663.0	19.884637681159422	5.816838554235929
3338738.0	17.139792960662525	6.885986610080134
3350813.0	18.51511387163561	6.608044535866243
3362888.0	19.409855072463767	4.927289118149069
3374963.0	19.999917184265012	6.242119669712724
3387038.0	19.998757763975156	6.223870431411464
3399113.0	19.998757763975156	6.2262916792047385
3411188.0	20.0	6.2423452088140845
3423263.0	16.989648033126294	8.854330682928557
3435338.0	20.0	0.0
3447413.0	19.41175983436853	4.814419335742649
3459488.0	19.99569358178054	6.198590636581609
3471563.0	19.999503105590062	6.235515721630392
3483638.0	16.365631469979295	8.256433591580201
3495713.0	19.999751552795033	6.241575688938278
3507788.0	19.850931677018632	5.802683751192727
3519863.0	19.636770186335404	5.390375596219897
3531938.0	20.0	0.0
3544013.0	17.025010351966873	6.795254707694413
3556088.0	18.414741200828157	6.356887658589992
3568163.0	19.998012422360247	6.238868347775064
3580238.0	16.089523809523808	7.770161113304415
3592313.0	20.000082815734988	6.242637070849441
3604388.0	20.0	0.0
3616463.0	19.645548654244305	5.406468022686462
3628538.0	15.612339544513457	9.039480920988272
3640613.0	20.0	6.2423452088140845
3652688.0	10.14824016563147	10.013820677187375
3664763.0	14.512049689440994	9.279818481840072
3676838.0	16.573084886128363	8.201863142372662
3688913.0	20.0	6.2423452088140845
3700988.0	19.99983436853002	6.239200192942925
3713063.0	18.44944099378882	6.500434768068446
3725138.0	19.860372670807454	5.825993015527675
3737213.0	19.97399585921325	6.128729481039264
3749288.0	20.001821946169773	0.2772237400916077
3761363.0	19.259461697722568	4.422256902042267
3773438.0	19.953623188405796	6.0609464990022905
3785513.0	19.928447204968943	6.024525444572221
3797588.0	19.92712215320911	6.020785253807329
3809663.0	19.96952380952381	6.109694295890259
3821738.0	18.45399585921325	6.455998542771291
3833813.0	15.389233954451345	8.836785528002189
3845888.0	19.956190476190475	6.122415794053806
3857963.0	19.39726708074534	4.712460905374077
3870038.0	19.953623188405796	6.073074676376431
3882113.0	19.999751552795033	6.239173645979016
3894188.0	20.0	0.0
3906263.0	17.153871635610766	7.043561587319906
3918338.0	20.0	6.2423452088140845
3930413.0	19.381863354037268	4.8143763315405375
3942488.0	18.345341614906832	6.109911168974033
3954563.0	15.727122153209109	9.16557606913439
3966638.0	19.634699792960664	5.349027116897848
3978713.0	18.50426501035197	6.586528694877688
3990788.0	19.47966873706004	5.080413409760931
4002863.0	15.958178053830228	9.547171759889755
4014938.0	17.356438923395444	7.109379102392284
4027013.0	17.998343685300206	7.924932483335391
4039088.0	19.959254658385092	6.1187895797555445
4051163.0	19.940952380952382	6.0164852894439305
4063238.0	18.497722567287784	6.577708764303247
4075313.0	19.586583850931678	5.124657237439614
4087388.0	19.990890269151137	6.171758291935829
4099463.0	17.316770186335404	6.956350153163377
4111538.0	20.000082815734988	6.242617171598681
4123613.0	19.944347826086958	6.072133682110115
4135688.0	14.418219461697722	9.463277613406774
4147763.0	19.927619047619046	6.018694134862387
4159838.0	19.99983436853002	6.244494055096921
4171913.0	14.758095238095239	9.749950363519668
4183988.0	15.011097308488614	8.538530379122435
4196063.0	18.4264182194617	6.431489560826055
4208138.0	16.438923395445133	8.375850131445203
4220213.0	10.133498964803312	9.939202345823407
4232288.0	15.867246376811595	9.45793782976598
4244363.0	19.12207039337474	4.4770868227251785
4256438.0	19.999751552795033	6.241575688938278
4268513.0	19.96066252587992	6.08979052630255
4280588.0	18.326625258799172	6.1376076563487825
4292663.0	19.885383022774327	5.878838774929527
4304738.0	20.0	0.0
4316813.0	19.394616977225674	4.918002590727422
4328888.0	18.491097308488612	6.56611541442966
4340963.0	19.7879917184265	5.590016240897602
4353038.0	17.436024844720496	7.548792288197627
4365113.0	18.565631469979294	6.671592383197302
4377188.0	20.0	0.0
4389263.0	10.073291925465838	9.939964715768594
4401338.0	19.99966873706004	6.238669232201679
4413413.0	16.59544513457557	8.55647418728055
4425488.0	19.615734989648033	5.345418502306749
4437563.0	19.262360248447205	4.660392114230848
4449638.0	19.99983436853002	6.2418543191598825
4461713.0	19.953291925465837	6.070073895880449
4473788.0	18.386583850931675	6.226969991858248
4485863.0	19.99751552795031	6.222998817749709
4497938.0	19.999917184265012	6.242093135165042
4510013.0	19.996273291925466	6.210896722312978
4522088.0	16.088612836438923	7.775589557111571
4534163.0	19.966293995859214	6.137324293403572
4546238.0	20.0	0.0
4558313.0	19.205548654244307	4.644977696973689
4570388.0	17.227826086956522	7.175118036700142
4582463.0	19.999917184265012	6.2367839565021645
4594538.0	19.99983436853002	6.239186919475093
4606613.0	16.812422360248448	8.807064734288856
4618688.0	19.999751552795033	6.241827783484173
4630763.0	19.410269151138717	4.950997975396573
4642838.0	20.0	0.0
4651302.0	19.888728621471255	5.936455179905687
4657339.5	13.220576017723623	9.205378426169327
4666988.0	17.00902691511387	6.524913237248691
4679063.0	20.000082815734988	0.05827044820980982
4691138.0	20.0	6.2423452088140845
4703213.0	18.304182194616978	5.882521395712426
4715288.0	17.481242236024844	7.351100254263994
4722679.5	15.539512555391433	8.767702076632112
4728717.0	15.61439094694139	9.249602174497188
4739438.0	20.0	6.2423452088140845
4751513.0	19.67064182194617	5.34852391548679
4763588.0	18.072546583850933	5.574104575799256
4775663.0	19.11809523809524	4.40883735137624
4787738.0	17.257971014492753	7.402226736768194
4799813.0	17.445383022774326	7.559727667162113
4811888.0	19.999917184265012	6.2367839565021645
4819084.5	19.708800690250214	5.4197017005426185
4825049.5	0.0	0.0
