#Position (bp)	mapping quality
6038.0	59.99743282560328
18113.0	59.93127506090452
30188.0	60.0
42263.0	60.0
54338.0	59.96198238268583
66413.0	59.95527413229746
78488.0	60.0
90563.0	59.99527948355894
102638.0	59.96387966769294
114713.0	59.87827894408647
126788.0	59.98387205160944
138863.0	60.0
150938.0	59.99549887471868
163013.0	60.0
175088.0	59.801909028602
187163.0	59.96177996177996
199238.0	60.0
211313.0	59.99503111762587
223388.0	60.0
235463.0	60.0
247538.0	60.0
259613.0	60.0
271688.0	60.0
283763.0	59.9610919203382
295838.0	60.0
307913.0	59.63295465485703
319988.0	59.96747414719312
332063.0	60.0
344138.0	59.91629471236688
356213.0	59.99503105590062
368288.0	59.99461381019067
380363.0	59.966059890369884
392438.0	59.93017978704835
404513.0	60.0
416588.0	59.98993937830517
428663.0	59.93513323248534
440738.0	60.0
452813.0	59.995182800060846
464888.0	59.88019452559058
476963.0	59.99503105590062
489038.0	60.0
501113.0	60.0
513188.0	59.989226459814695
525263.0	59.974128057133875
537338.0	60.0
549413.0	59.926917786652965
561488.0	59.936379338196005
573563.0	60.0
585638.0	59.96606858259216
597713.0	60.0
609788.0	60.0
621863.0	59.99527731287388
633938.0	59.994505043503636
646013.0	60.0
658088.0	59.99465085070243
670163.0	60.0
682238.0	60.0
694313.0	59.82108903236591
706388.0	59.951053289032025
718463.0	59.925208749551764
730538.0	59.99503105590062
742613.0	59.995527876238114
754688.0	60.0
766763.0	59.95228588706003
778838.0	59.96373237515164
790913.0	59.439466073414906
802988.0	58.844347035687285
815063.0	58.30259849119866
827138.0	0.0
839213.0	0.0
851288.0	0.0
863363.0	59.99426585315554
875438.0	60.0
887513.0	59.953181743410646
899588.0	59.99527950310559
911663.0	59.993838137604115
923738.0	60.0
935813.0	59.979647908822635
947888.0	59.928904041243975
959963.0	59.97080340682533
972038.0	59.99503105590062
984113.0	59.985341554209334
996188.0	59.99502815308317
1008263.0	60.0
1020338.0	60.0
1032413.0	59.99503105590062
1044488.0	59.98211061602425
1056563.0	59.99029633500037
1068638.0	57.766815192022065
1080713.0	57.58828270829798
1092788.0	59.90439386715515
1104863.0	59.991214455149795
1116938.0	0.0
1129013.0	0.0
1141088.0	0.0
1153163.0	60.0
1165238.0	60.0
1177313.0	59.9946284691137
1189388.0	59.985589942773856
1201463.0	59.94774992950387
1213538.0	60.0
1225613.0	60.0
1237688.0	59.99424924962797
1249763.0	60.0
1261838.0	59.99519443566235
1273913.0	59.85947704241211
1285988.0	59.86864781778378
1298063.0	59.99527033754854
1310138.0	60.0
1322213.0	59.98738238097155
1334288.0	59.9676975831166
1346363.0	60.0
1358438.0	60.0
1370513.0	60.0
1382588.0	59.99461400359066
1394663.0	59.93087821096546
1406738.0	59.99527948355894
1418813.0	59.74397474222829
1430888.0	60.0
1442963.0	59.93002378195311
1455038.0	59.84287448248342
1467113.0	59.93915038728243
1479188.0	59.925418279151096
1491263.0	60.0
1503338.0	59.99285386754644
1515413.0	59.99503105590062
1527488.0	60.0
1539563.0	59.93602437166793
1551638.0	59.83124546190504
1563713.0	60.0
1575788.0	59.891263685562514
1587863.0	59.99461257693913
1599938.0	60.0
1612013.0	60.0
1624088.0	60.0
1636163.0	60.0
1648238.0	60.0
1660313.0	57.6234835355286
1672388.0	59.77813453522924
1684463.0	60.0
1696538.0	60.0
1708613.0	59.91706274257487
1720688.0	60.0
1732763.0	60.0
1744838.0	59.99527944446515
1756913.0	60.0
1768988.0	59.990328656022534
1781063.0	60.0
1793138.0	60.0
1805213.0	60.0
1817288.0	59.929686767570495
1829363.0	59.91149967032162
1841438.0	59.99318014584916
1853513.0	60.0
1865588.0	59.99527944446515
1877663.0	59.99031051888414
1889738.0	60.0
1901813.0	59.39247874049385
1913888.0	59.995274748504706
1925963.0	59.87385502513204
1938038.0	59.995522610815385
1950113.0	59.933745142971006
1962188.0	59.990446220181106
1974263.0	60.0
1986338.0	59.995215792919375
1998413.0	60.0
2010488.0	59.99293506143973
2022563.0	60.0
2034638.0	60.0
2046713.0	60.0
2058788.0	59.99031051888414
2070863.0	59.91051936054484
2082938.0	59.99022205136348
2095013.0	59.96819665070978
2107088.0	59.99503105590062
2119163.0	59.94185179663039
2131238.0	60.0
2143313.0	60.0
2155388.0	60.0
2167463.0	60.0
2179538.0	60.0
2191613.0	59.93281938782704
2203688.0	59.885917825962416
2215763.0	60.0
2227838.0	59.888785682296934
2239913.0	60.0
2251988.0	60.0
2264063.0	60.0
2276138.0	59.99520131332478
2288213.0	60.0
2300288.0	59.9934615406675
2312363.0	59.99519273343707
2324438.0	59.91081009983757
2336513.0	60.0
2348588.0	59.976939731561394
2360663.0	60.0
2372738.0	60.0
2384813.0	60.0
2396888.0	59.99949233424713
2408963.0	59.98889800875824
2421038.0	59.995030953021804
2433113.0	60.0
2445188.0	60.0
2457263.0	59.994833142220024
2469338.0	59.96645513128598
2481413.0	59.99031051888414
2493488.0	59.99519289560572
2505563.0	59.91926513778667
2517638.0	60.0
2529713.0	59.99552791327464
2541788.0	59.98111746510251
2553863.0	59.5060520433554
2565938.0	59.99828006306436
2578013.0	59.99517110797657
2590088.0	59.99503105590062
2602163.0	60.0
2614238.0	60.0
2626313.0	60.0
2638388.0	59.99460164649782
2650463.0	59.970738183509525
2662538.0	59.994237156188234
2674613.0	60.0
2686688.0	60.0
2698763.0	60.0
2710838.0	59.886091601337256
2722913.0	60.0
2734988.0	60.0
2747063.0	59.9543795620438
2759138.0	59.99006215295175
2771213.0	59.995093503195676
2783288.0	59.51796184513206
2795363.0	59.63700136733845
2807438.0	59.98974801474577
2819513.0	59.936248630341666
2831588.0	59.994237039658266
2843663.0	59.981613764830115
2855738.0	59.9425736736185
2867813.0	59.995031097050955
2879888.0	59.79477985396124
2891963.0	59.99149975574011
2904038.0	59.943350049485886
2916113.0	59.94855886117105
2928188.0	59.995022399203584
2940263.0	60.0
2952338.0	59.9948618097247
2964413.0	59.994224382730906
2976488.0	59.939533816522925
2988563.0	59.881712536531985
3000638.0	60.0
3012713.0	60.0
3024788.0	60.0
3036863.0	60.0
3048938.0	59.98818116157968
3061013.0	59.94066041776126
3073088.0	59.94029479445239
3085163.0	59.950755341250094
3097238.0	60.0
3109313.0	59.99552795031056
3121388.0	60.0
3133463.0	59.903842484832296
3145538.0	59.99426002104659
3157613.0	59.87908275246076
3169688.0	59.99503105590062
3181763.0	59.927353546075764
3193838.0	59.994568454153466
3205913.0	60.0
3217988.0	59.97156279881927
3230063.0	59.943893675050866
3242138.0	59.85263751557767
3254213.0	59.99484878471987
3266288.0	59.935691318327976
3278363.0	60.0
3290438.0	59.973050027659184
3302513.0	59.93268931131193
3314588.0	60.0
3326663.0	59.87980358756721
3338738.0	59.9942018621686
3350813.0	60.0
3362888.0	59.96313584271293
3374963.0	59.99527948355894
3387038.0	59.968196782408846
3399113.0	59.97316603515746
3411188.0	59.99503105590062
3423263.0	60.0
3435338.0	60.0
3447413.0	59.994880480552226
3459488.0	59.94408733971704
3471563.0	59.98583815746975
3483638.0	59.99392758646864
3495713.0	59.99527944446515
3507788.0	60.0
3519863.0	60.0
3531938.0	60.0
3544013.0	59.994454632570765
3556088.0	59.90906556094227
3568163.0	60.0
3580238.0	59.93499106963625
3592313.0	59.99527952265208
3604388.0	60.0
3616463.0	60.0
3628538.0	59.97422010513529
3640613.0	59.99503105590062
3652688.0	60.0
3664763.0	59.99315197479927
3676838.0	59.99500299820108
3688913.0	59.99503105590062
3700988.0	59.99055892802425
3713063.0	60.0
3725138.0	59.98523855988391
3737213.0	59.936314711467496
3749288.0	60.0
3761363.0	59.994839996904
3773438.0	59.9345065161451
3785513.0	60.0
3797588.0	60.0
3809663.0	59.92161969377768
3821738.0	59.99973073885259
3833813.0	59.87601237723665
3845888.0	59.98070307215391
3857963.0	59.958458214855995
3870038.0	59.93525359010542
3882113.0	59.99031043863899
3894188.0	60.0
3906263.0	60.0
3918338.0	59.99503105590062
3930413.0	59.90873198995026
3942488.0	59.91170097508126
3954563.0	59.993681051051844
3966638.0	59.951663721218615
3978713.0	59.99489793634952
3990788.0	59.99566357873793
4002863.0	59.949557591011704
4014938.0	59.346881128357325
4027013.0	59.25116642893296
4039088.0	60.0
4051163.0	59.916274549705754
4063238.0	60.0
4075313.0	59.939748338322595
4087388.0	59.91872074236712
4099463.0	58.90889526542324
4111538.0	59.995031076475875
4123613.0	60.0
4135688.0	59.9862148190695
4147763.0	59.995511706964336
4159838.0	60.0
4171913.0	59.98720567439564
4183988.0	59.99404167517199
4196063.0	59.931505310136224
4208138.0	60.0
4220213.0	60.0
4232288.0	59.9943631685256
4244363.0	59.99506277636542
4256438.0	59.99527944446515
4268513.0	59.94772326522145
4280588.0	59.994577349589235
4292663.0	59.99100434789852
4304738.0	60.0
4316813.0	60.0
4328888.0	60.0
4340963.0	59.93169833430987
4353038.0	60.0
4365113.0	59.89227406548309
4377188.0	60.0
4389263.0	60.0
4401338.0	59.99055884983602
4413413.0	60.0
4425488.0	60.0
4437563.0	59.35647246477753
4449638.0	59.99552791327464
4461713.0	59.936248630341666
4473788.0	59.88325270923979
4485863.0	59.97465523667536
4497938.0	59.99527948355894
4510013.0	59.95775610362179
4522088.0	60.0
4534163.0	59.993529467881686
4546238.0	60.0
4558313.0	59.972057764534924
4570388.0	59.994808341265035
4582463.0	59.985341554209334
4594538.0	59.99055892802425
4606613.0	60.0
4618688.0	59.99527944446515
4630763.0	59.99513608301085
4642838.0	60.0
4651302.0	60.0
4657339.5	59.98868861215555
4666988.0	59.81722042612862
4679063.0	60.0
4691138.0	59.99503105590062
4703213.0	59.79789433678848
4715288.0	59.790388751504125
4722679.5	60.0
4728717.0	60.0
4739438.0	59.99503105590062
4751513.0	60.0
4763588.0	60.0
4775663.0	60.0
4787738.0	60.0
4799813.0	59.99430342791226
4811888.0	59.985341554209334
4819084.5	60.0
4825049.5	0.0
