#Position (bp)	Coverage	Std
6038.0	19.67809523809524	5.472112623397566
18113.0	9.35022774327122	10.05638348817723
30188.0	18.448530020703934	6.498580829306585
42263.0	17.10144927536232	7.091037705088701
54338.0	20.0	0.0
66413.0	20.0	0.0
78488.0	20.0	0.0
90563.0	20.0	0.0
102638.0	15.204306418219462	8.420388349630445
114713.0	19.902277432712214	5.896042115639914
126788.0	17.786583850931677	7.945528841520152
138863.0	20.0	0.0
150938.0	19.947494824016562	6.046630394726866
163013.0	20.0	0.0
175088.0	19.908405797101448	5.841870712036434
187163.0	16.382111801242235	8.300934118903536
199238.0	19.99718426501035	6.205687633631841
211313.0	20.0	0.0
223388.0	19.17184265010352	4.437418532188919
235463.0	20.0	0.0
247538.0	16.728778467908903	8.708007785132105
259613.0	19.8848033126294	5.8951220316559985
271688.0	20.0	0.0
283763.0	19.925051759834368	5.993122352159205
295838.0	18.44935817805383	6.499791364703877
307913.0	18.70824016563147	6.368036122539742
319988.0	20.250517598343684	3.9337052847259346
332063.0	19.95047619047619	6.091102699109356
344138.0	19.930103519668737	6.031120122986125
356213.0	20.0	0.0
368288.0	18.450931677018634	6.502332755476297
380363.0	19.144679089026916	4.098164008451302
392438.0	20.0	0.0
404513.0	16.7575983436853	8.742111498806048
416588.0	19.582608695652173	5.282613381725636
428663.0	19.980041407867496	6.182363213758337
440738.0	20.0	0.0
452813.0	19.995942028985507	6.215415284883312
464888.0	20.00033126293996	0.11654089641961964
476963.0	20.0	0.0
489038.0	20.000082815734988	0.05827044820980982
501113.0	20.0	0.0
513188.0	19.17184265010352	4.435738540256347
525263.0	18.448447204968943	6.498574457471123
537338.0	20.0	0.0
549413.0	19.993871635610766	6.1861864417031125
561488.0	20.0	0.0
573563.0	15.176066252587992	8.384961397630377
585638.0	19.120993788819877	4.256564775179652
597713.0	20.0	0.0
609788.0	16.7464182194617	8.728872155652805
621863.0	20.0	0.0
633938.0	19.117432712215322	4.196123617834566
646013.0	19.999917184265012	6.244739400994683
658088.0	18.840579710144926	6.87781562896876
670163.0	20.0	0.0
682238.0	20.0	0.0
694313.0	15.860372670807454	9.313206633881965
706388.0	20.0	0.0
718463.0	19.40530020703934	4.936566564019349
730538.0	20.0	0.0
742613.0	19.9296066252588	5.994939204550168
754688.0	17.975155279503106	8.231007374656905
766763.0	19.94857142857143	6.053522493191
778838.0	19.731428571428573	5.521754454584953
790913.0	18.584761904761905	6.942264115971146
802988.0	19.78144927536232	5.514708358705245
815063.0	17.258136645962733	6.984140567149099
827138.0	20.746997929606625	7.680288555655745
839213.0	19.543022774327124	5.056082985402779
851288.0	19.106583850931678	4.30308281806549
863363.0	16.70567287784679	8.44939631788248
875438.0	20.0	0.0
887513.0	19.99718426501035	6.2119900093107345
899588.0	20.0	0.0
911663.0	16.586335403726707	8.97285531506978
923738.0	19.64712215320911	5.403962965730766
935813.0	20.0	0.0
947888.0	19.914037267080744	5.941265314760206
959963.0	19.875776397515526	5.891194256876674
972038.0	19.97432712215321	6.131802851623664
984113.0	20.000662525879918	6.244540472627725
996188.0	19.98832298136646	6.208762925095577
1008263.0	18.500207039337475	6.6781681325514155
1020338.0	17.074948240165632	7.14971513425781
1032413.0	19.643561076604556	5.398358772137343
1044488.0	19.999089026915115	6.232593151434188
1056563.0	20.0	0.0
1068638.0	14.90111801242236	9.054031507701033
1080713.0	11.200662525879917	8.56386070326506
1092788.0	19.998012422360247	6.215355325477872
1104863.0	17.585093167701864	7.743106197242846
1116938.0	20.0	0.0
1129013.0	19.213250517598343	3.9601639550307315
1141088.0	17.518840579710144	7.570406587536835
1153163.0	18.56265010351967	6.774168449193882
1165238.0	19.994285714285713	6.198096281563229
1177313.0	19.17184265010352	4.437418532188919
1189388.0	20.0	0.0
1201463.0	19.970848861283645	6.125715405889701
1213538.0	16.26583850931677	8.242795963761754
1225613.0	14.806625258799173	9.93778576551764
1237688.0	17.09656314699793	7.084266532121491
1249763.0	19.151138716356108	4.389664125957291
1261838.0	20.0	0.0
1273913.0	16.60223602484472	8.568515723141468
1285988.0	19.568778467908903	5.150472852118928
1298063.0	19.9416149068323	6.063350855961124
1310138.0	18.429648033126295	5.886813702620306
1322213.0	19.178467908902693	4.452323933160874
1334288.0	20.0	6.2423452088140845
1346363.0	19.898136645962733	5.896449435213449
1358438.0	20.0	0.0
1370513.0	20.0	0.0
1382588.0	18.08927536231884	5.5969379383475655
1394663.0	19.88472049689441	5.894876183380895
1406738.0	20.0	0.0
1418813.0	18.683064182194617	6.544284564067071
1430888.0	19.92405797101449	6.009915891833687
1442963.0	19.94989648033126	6.089654533677956
1455038.0	19.900703933747412	5.900043864103356
1467113.0	19.641325051759836	5.394437745690695
1479188.0	20.0	0.0
1491263.0	19.97904761904762	6.1768418096306155
1503338.0	16.382360248447206	8.300949083904912
1515413.0	20.0	0.0
1527488.0	20.0	6.2423452088140845
1539563.0	19.17184265010352	4.437418532188919
1551638.0	19.895403726708075	5.8883891085759466
1563713.0	19.999917184265012	6.242093135165042
1575788.0	19.942608695652172	6.043637038592266
1587863.0	19.151138716356108	4.389664125957291
1599938.0	19.874368530020703	5.849952663891585
1612013.0	19.90327122153209	5.926653135733892
1624088.0	15.424182194616977	8.672342463805487
1636163.0	19.68223602484472	5.438974449671758
1648238.0	20.0	0.0
1660313.0	11.618302277432711	9.40178389310618
1672388.0	17.67809523809524	8.047467870730195
1684463.0	19.99983436853002	6.239186919475093
1696538.0	17.874120082815736	7.978750245905837
1708613.0	19.973913043478262	6.133423349776017
1720688.0	19.568364389233956	5.384918745578277
1732763.0	16.19296066252588	8.153902646241812
1744838.0	20.0	0.0
1756913.0	20.0	0.0
1768988.0	19.618219461697723	5.061567118761002
1781063.0	17.455155279503106	7.574895881729836
1793138.0	20.0	0.0
1805213.0	17.789979296066253	7.983300375541959
1817288.0	15.926542443064182	9.401457972478607
1829363.0	18.302277432712216	6.0459250003395555
1841438.0	14.559006211180124	9.470363492447849
1853513.0	19.690103519668735	5.486358010885045
1865588.0	20.0	0.0
1877663.0	19.946583850931678	6.079092228190042
1889738.0	20.0	0.0
1901813.0	19.316770186335404	5.088085380222991
1913888.0	19.979710144927537	6.181358470966058
1925963.0	16.70583850931677	8.486393933089461
1938038.0	19.95080745341615	6.039236785586482
1950113.0	19.949151138716356	6.0860360143964005
1962188.0	19.79320910973085	5.67740062412288
1974263.0	14.198674948240166	9.083277014660059
1986338.0	19.988902691511388	6.212156652013143
1998413.0	15.943022774327122	9.363985455055152
2010488.0	19.71743271221532	5.606385002390672
2022563.0	20.0	0.0
2034638.0	19.13383022774327	4.267475337444092
2046713.0	19.443478260869565	5.012324355539511
2058788.0	19.92670807453416	5.987855203483814
2070863.0	20.0	0.0
2082938.0	19.819461697722566	5.720769613342603
2095013.0	19.99983436853002	6.2418543191598825
2107088.0	20.0	0.0
2119163.0	19.99743271221532	6.215621807296977
2131238.0	17.20298136645963	7.297073919365151
2143313.0	19.92	6.038722528172387
2155388.0	20.0	0.0
2167463.0	20.0	0.0
2179538.0	19.96447204968944	6.130208944050977
2191613.0	20.0	0.0
2203688.0	20.0	6.2423452088140845
2215763.0	20.0	6.2423452088140845
2227838.0	19.907660455486543	5.9490869560602375
2239913.0	16.019627329192545	7.618589013112905
2251988.0	14.926376811594203	9.896817565743376
2264063.0	19.298550724637682	4.857770024056847
2276138.0	19.999917184265012	6.242093135165042
2288213.0	18.6111801242236	6.702726493231258
2300288.0	15.059958592132505	8.30377199829005
2312363.0	19.98393374741201	6.194628007319593
2324438.0	19.75486542443064	5.64462403870287
2336513.0	19.51072463768116	5.024272348250999
2348588.0	18.779875776397514	6.975829313922268
2360663.0	17.10144927536232	7.091037705088701
2372738.0	6.102028985507246	9.202178156052783
2384813.0	0.0	0.0
2396888.0	0.0	0.0
2408963.0	17.448447204968943	7.654793218190187
2421038.0	20.0	0.0
2433113.0	19.965051759834367	6.134955677054261
2445188.0	15.45184265010352	8.818238205659895
2457263.0	18.26335403726708	6.3161693976027316
2469338.0	18.15776397515528	6.00075219577628
2481413.0	19.994368530020704	6.189639376471461
2493488.0	20.0	0.0
2505563.0	19.98583850931677	6.200941623546663
2517638.0	19.447536231884058	4.720827383004404
2529713.0	20.0	0.0
2541788.0	20.0	0.0
2553863.0	10.11536231884058	9.91223181450643
2565938.0	14.4448033126294	9.421661311220758
2578013.0	19.788074534161492	5.608319758858116
2590088.0	20.0	0.0
2602163.0	18.42310559006211	6.091089102913152
2614238.0	19.926459627329194	5.982590338938566
2626313.0	20.0	0.0
2638388.0	19.07503105590062	4.054575923734199
2650463.0	19.07776397515528	4.0563831557704475
2662538.0	16.382608695652173	8.300964048879308
2674613.0	20.0	0.0
2686688.0	19.1560248447205	4.3705204810597005
2698763.0	17.02592132505176	6.865384109050514
2710838.0	20.000082815734988	0.05827044820980982
2722913.0	20.0	0.0
2734988.0	20.0	0.0
2747063.0	18.16728778467909	6.049143121564903
2759138.0	19.622857142857143	5.358540328423938
2771213.0	18.807370600414078	6.849454799902005
2783288.0	16.225590062111802	8.000113870825203
2795363.0	16.7007867494824	8.383558789142858
2807438.0	20.0	0.0
2819513.0	20.0	0.0
2831588.0	16.382111801242235	8.300934118903536
2843663.0	19.999917184265012	6.242093135165042
2855738.0	20.0	0.0
2867813.0	19.961573498964803	6.124052299184503
2879888.0	19.563561076604554	5.378963702944868
2891963.0	17.47080745341615	7.313477730993587
2904038.0	20.0	0.0
2916113.0	19.99585921325052	6.207942551654105
2928188.0	19.99536231884058	6.1991049911669815
2940263.0	19.824596273291924	5.816838554235929
2952338.0	18.3696066252588	6.301066326662661
2964413.0	17.542857142857144	7.7771497330972394
2976488.0	18.552049689440995	6.370838064160126
2988563.0	17.761076604554866	7.814813135822639
3000638.0	19.998757763975156	6.229669210151442
3012713.0	20.0	0.0
3024788.0	19.91594202898551	5.933014623770948
3036863.0	20.0	0.0
3048938.0	16.756935817805385	8.740282980765038
3061013.0	18.526211180124225	6.271365138782286
3073088.0	20.0	0.0
3085163.0	19.929937888198758	6.030454113215206
3097238.0	18.44894409937888	6.499746770031444
3109313.0	19.999917184265012	6.242093135165042
3121388.0	16.4264182194617	8.021874855074477
3133463.0	18.178053830227743	6.066300355241242
3145538.0	17.112132505175982	7.1031267719144795
3157613.0	19.117267080745343	4.213632612480667
3169688.0	19.999917184265012	6.242093135165042
3181763.0	20.0	0.0
3193838.0	18.05929606625259	5.711236246356625
3205913.0	19.11544513457557	4.130580797244773
3217988.0	19.941697722567287	6.063617189116498
3230063.0	19.740621118012424	5.547797205218279
3242138.0	18.39801242236025	6.345393333998057
3254213.0	19.210848861283644	4.603842125751119
3266288.0	19.862774327122153	5.879789576663309
3278363.0	15.598674948240166	8.924709226782051
3290438.0	18.15320910973085	6.026442766870042
3302513.0	19.909233954451345	5.958524696864735
3314588.0	20.0	0.0
3326663.0	19.925051759834368	6.0105566206690995
3338738.0	17.90774327122153	8.103507407174787
3350813.0	19.17184265010352	4.437418532188919
3362888.0	19.998343685300206	6.219963851226068
3374963.0	19.99983436853002	6.2418543191598825
3387038.0	19.998509316770186	6.217826506073271
3399113.0	20.0	0.0
3411188.0	19.99983436853002	6.244480792881887
3423263.0	18.329606625258798	6.090348064315654
3435338.0	20.0	0.0
3447413.0	19.958592132505174	6.116027885928027
3459488.0	19.87950310559006	5.886490129572007
3471563.0	19.99983436853002	6.2367839565021645
3483638.0	16.21142857142857	7.900310552902217
3495713.0	20.0	0.0
3507788.0	20.000414078674947	0.13218971246959899
3519863.0	20.0	0.0
3531938.0	20.0	0.0
3544013.0	18.322981366459626	6.078233915886414
3556088.0	18.28935817805383	6.06478481949956
3568163.0	19.999337474120082	6.2429289192400095
3580238.0	16.382857142857144	8.30249532197571
3592313.0	20.0	0.0
3604388.0	20.0	0.0
3616463.0	20.0	0.0
3628538.0	17.069399585921325	6.994159053779464
3640613.0	20.0	0.0
3652688.0	11.09656314699793	10.060331463283836
3664763.0	15.27022774327122	8.655452212453744
3676838.0	16.333167701863353	7.815109853929469
3688913.0	20.0	0.0
3700988.0	19.998260869565218	6.227708071681504
3713063.0	17.91511387163561	7.98956876869652
3725138.0	19.591635610766044	5.244119253934107
3737213.0	19.924140786749483	5.936614813606706
3749288.0	20.0	0.0
3761363.0	19.926128364389236	6.016519701353116
3773438.0	19.89913043478261	5.864593554282837
3785513.0	20.0	0.0
3797588.0	20.000082815734988	0.05827044820980982
3809663.0	20.0	0.0
3821738.0	19.09399585921325	4.132675430175967
3833813.0	15.938385093167701	9.369582078352343
3845888.0	20.0	0.0
3857963.0	20.0	0.0
3870038.0	19.999420289855074	6.233602921507173
3882113.0	20.0	0.0
3894188.0	20.0	0.0
3906263.0	17.862525879917186	7.97673117045018
3918338.0	19.999751552795033	6.241827783484173
3930413.0	20.0	0.0
3942488.0	19.03072463768116	3.982633106328944
3954563.0	16.737888198757766	8.71803537425431
3966638.0	19.99734989648033	6.2153619876625985
3978713.0	19.17184265010352	4.437418532188919
3990788.0	20.0	0.0
4002863.0	16.327950310559007	8.234854973763861
4014938.0	18.354368530020704	5.7159034977010466
4027013.0	18.488612836438925	6.086866015298741
4039088.0	19.965879917184264	6.137627896058555
4051163.0	20.0	0.0
4063238.0	19.17184265010352	4.437418532188919
4075313.0	19.565631469979294	5.063652803080495
4087388.0	20.0	0.0
4099463.0	17.89689440993789	7.498681733696343
4111538.0	19.980207039337476	6.182925798404138
4123613.0	19.998674948240165	6.221002295869805
4135688.0	14.786583850931677	9.847903372198436
4147763.0	19.889689440993788	5.910337646641561
4159838.0	20.00016563146998	0.08439285046188283
4171913.0	15.32223602484472	8.789580694121188
4183988.0	15.867246376811595	9.742897822055536
4196063.0	18.44927536231884	6.49978499405512
4208138.0	17.10310559006211	7.092322271068017
4220213.0	10.768530020703933	10.551775139384487
4232288.0	16.235859213250517	8.117940156280557
4244363.0	19.48902691511387	5.235212833892148
4256438.0	20.0	0.0
4268513.0	19.711635610766045	5.45514363995167
4280588.0	19.100952380952382	4.122020851550986
4292663.0	19.906915113871637	5.949713356701744
4304738.0	20.0	0.0
4316813.0	20.0	0.0
4328888.0	19.17184265010352	4.435738540256347
4340963.0	19.650103519668736	5.264451666199977
4353038.0	17.4351966873706	7.544693609174247
4365113.0	18.426501035196686	5.822367095274268
4377188.0	20.0	0.0
4389263.0	10.788737060041408	10.632167293946218
4401338.0	20.0	0.0
4413413.0	17.666418219461697	7.828709705447883
4425488.0	19.624347826086957	5.305311998716636
4437563.0	22.346832298136647	10.787209664206237
4449638.0	20.0	6.2423452088140845
4461713.0	19.999089026915115	6.234267154728109
4473788.0	19.151138716356108	4.389664125957291
4485863.0	19.999006211180124	6.227309120477925
4497938.0	20.0	0.0
4510013.0	20.0	0.0
4522088.0	16.339710144927537	8.180322802886222
4534163.0	19.645797101449276	5.403564501028019
4546238.0	19.6896066252588	5.463653666472973
4558313.0	19.438178053830228	4.881799552798742
4570388.0	17.989979296066252	8.330179113198648
4582463.0	19.909233954451345	5.968148722329448
4594538.0	19.965797101449276	6.063501096615242
4606613.0	17.511552795031054	7.627741675239282
4618688.0	19.655486542443064	5.427824945951401
4630763.0	20.0	0.0
4642838.0	19.99809523809524	6.2190251078384815
4651302.0	19.874304553884194	5.899896446160496
4657339.5	0.0	0.0
4666988.0	0.0	0.0
4679063.0	0.0	0.0
4691138.0	0.0	0.0
4703213.0	0.0	0.0
4715288.0	0.9691097308488613	4.125384730160649
4722679.5	0.10709010339734121	0.7008119367942611
4728717.0	0.0	0.0
4739438.0	0.0	0.0
4751513.0	0.0	0.0
4763588.0	0.0	0.0
4775663.0	0.0	0.0
4787738.0	0.0	0.0
4799813.0	0.0	0.0
4811888.0	0.0	0.0
4819084.5	0.0	0.0
4825049.5	0.0	0.0
