#Position (bp)	Coverage	Std
6038.0	19.676853002070395	5.465601067682848
18113.0	9.065258799171843	9.77722032415557
30188.0	18.036604554865423	5.590527332838403
42263.0	16.827080745341615	8.823885333624434
54338.0	20.0	0.0
66413.0	20.0	0.0
78488.0	20.0	0.0
90563.0	20.0	0.0
102638.0	15.01631469979296	8.177776277492587
114713.0	19.942194616977226	5.98736419643101
126788.0	17.68033126293996	7.869626070707147
138863.0	19.635031055900622	5.382249793203481
150938.0	20.0	0.0
163013.0	20.0	0.0
175088.0	19.82608695652174	5.629903889533373
187163.0	16.382028985507247	8.289048376102437
199238.0	20.00016563146998	0.08240685814387208
211313.0	20.000662525879918	0.16631432736408636
223388.0	19.025258799171844	4.0981235922340975
235463.0	20.0	0.0
247538.0	16.591304347826085	8.549647965341203
259613.0	19.923809523809524	6.006132132113462
271688.0	19.777225672877847	5.6650393473879275
283763.0	19.92463768115942	5.992617957061508
295838.0	18.44927536231884	6.499912405843937
307913.0	18.427246376811595	5.693125417434044
319988.0	19.540124223602483	5.1034352900604505
332063.0	19.92910973084886	6.026504605820455
344138.0	19.945341614906834	6.041149438843826
356213.0	20.0	0.0
368288.0	18.4511801242236	6.503115991456994
380363.0	20.0	0.0
392438.0	19.910062111801242	6.014537254443866
404513.0	16.40770186335404	8.2462765297166
416588.0	19.126293995859214	3.900023889081156
428663.0	19.62103519668737	5.096403960964373
440738.0	20.0	0.0
452813.0	19.998426501035198	6.231277547644335
464888.0	19.6463768115942	5.29218338391104
476963.0	20.0	0.0
489038.0	20.000082815734988	0.05827044820980982
501113.0	20.0	0.0
513188.0	18.45399585921325	6.507533458878756
525263.0	19.040662525879917	4.089758961649114
537338.0	20.0	0.0
549413.0	19.622028985507246	5.10474143254756
561488.0	19.993706004140787	6.189880207017393
573563.0	14.784596273291925	9.70626145264816
585638.0	18.84935817805383	6.870105070906862
597713.0	20.0	0.0
609788.0	16.325714285714287	8.081904742386557
621863.0	20.0	0.0
633938.0	18.961739130434783	7.152783992305353
646013.0	20.0	0.0
658088.0	18.86128364389234	6.908152233975788
670163.0	20.0	0.0
682238.0	19.941863354037267	6.064409290393243
694313.0	15.84008281573499	9.290650702517583
706388.0	19.512463768115943	5.110051800088322
718463.0	19.37656314699793	4.780446716307318
730538.0	19.999917184265012	6.242093135165042
742613.0	19.999917184265012	6.242093135165042
754688.0	18.069565217391304	5.683217821209444
766763.0	19.99527950310559	6.205794393788037
778838.0	19.730020703933747	5.493252024564595
790913.0	18.447784679089025	6.473113688802117
802988.0	19.231304347826086	3.736707289373847
815063.0	1.1417805383022774	4.235783676492139
827138.0	0.0	0.0
839213.0	0.0	0.0
851288.0	0.0	0.0
863363.0	17.011180124223603	6.851691242156697
875438.0	20.0	0.0
887513.0	19.606293995859215	5.231509882641332
899588.0	19.99734989648033	6.212729868774292
911663.0	16.01407867494824	7.799718633774268
923738.0	19.65142857142857	5.389799429310776
935813.0	19.85399585921325	5.782002490057494
947888.0	19.900538302277432	5.911549561617639
959963.0	19.52008281573499	4.98776972111687
972038.0	19.633126293995858	5.381164912712246
984113.0	20.0	0.0
996188.0	19.967867494824016	6.143521558752531
1008263.0	18.12952380952381	5.87175574491568
1020338.0	17.07991718426501	7.1566616088105475
1032413.0	20.0	0.0
1044488.0	19.999751552795033	6.2370362447249255
1056563.0	19.971097308488613	6.153529176419965
1068638.0	8.817639751552795	10.034610911693004
1080713.0	7.700869565217391	9.60848917271569
1092788.0	19.961325051759836	6.076067159973232
1104863.0	14.132173913043479	9.227207944965112
1116938.0	0.0	0.0
1129013.0	0.0	0.0
1141088.0	0.0	0.0
1153163.0	18.558840579710147	6.7679184759344135
1165238.0	19.63784679089027	5.387355797093047
1177313.0	19.030227743271222	4.109021534503622
1189388.0	20.0	0.0
1201463.0	19.970848861283645	6.123808879830214
1213538.0	16.212836438923397	8.179862158223465
1225613.0	14.68927536231884	9.746947284481413
1237688.0	16.199585921325053	7.8432785640662015
1249763.0	19.030227743271222	4.107408849069708
1261838.0	19.619875776397514	5.353097437364002
1273913.0	16.490931677018633	8.287564582437625
1285988.0	19.58550724637681	5.196981127196725
1298063.0	19.961739130434783	6.124579674596143
1310138.0	18.88231884057971	6.970401784344767
1322213.0	19.033540372670807	4.119689630312397
1334288.0	19.742443064182194	5.560694655504816
1346363.0	19.758840579710146	5.559935057785377
1358438.0	19.63047619047619	5.372662956707484
1370513.0	20.0	0.0
1382588.0	18.450848861283642	6.50156216297331
1394663.0	19.545010351966873	4.825638910058354
1406738.0	20.000082815734988	0.05827044820980982
1418813.0	18.731014492753623	6.612197775345943
1430888.0	19.918840579710146	5.951000750956783
1442963.0	19.92024844720497	5.965310347017318
1455038.0	19.95022774327122	6.064880405013946
1467113.0	19.59958592132505	5.227479549750928
1479188.0	19.989730848861285	6.171241658085064
1491263.0	19.999171842650103	6.239804105859661
1503338.0	16.381863354037268	8.301388045276578
1515413.0	20.0	0.0
1527488.0	19.96033126293996	6.123044750663965
1539563.0	19.025010351966873	4.027904736106232
1551638.0	19.99080745341615	6.183461545717787
1563713.0	20.0	0.0
1575788.0	19.916687370600414	5.955521821438611
1587863.0	19.0048033126294	3.972410025144369
1599938.0	19.7879917184265	5.689516711819968
1612013.0	19.982194616977225	6.189150996874432
1624088.0	14.845879917184265	9.63260508613021
1636163.0	19.67734989648033	5.418876599673077
1648238.0	20.0	6.2423452088140845
1660313.0	10.628405797101449	9.476259974567501
1672388.0	17.033540372670807	6.902065583343162
1684463.0	19.337474120082817	4.796867507884572
1696538.0	17.454989648033127	7.574863082897123
1708613.0	19.972753623188407	6.115262784492214
1720688.0	19.11271221532091	3.880652225814954
1732763.0	16.06376811594203	7.996790246361749
1744838.0	20.0	0.0
1756913.0	20.0	0.0
1768988.0	20.0	0.0
1781063.0	17.79080745341615	7.9174467306650875
1793138.0	20.0	0.0
1805213.0	17.639089026915112	7.791809683035513
1817288.0	15.92223602484472	9.37008587563477
1829363.0	17.68016563146998	7.6884091729541835
1841438.0	14.265010351966874	9.158995849379128
1853513.0	19.690020703933747	5.486139131236812
1865588.0	19.99685300207039	6.215961555047637
1877663.0	20.0	0.0
1889738.0	20.0	0.0
1901813.0	18.46625258799172	6.5293096157228625
1913888.0	20.000993788819876	6.245687539129615
1925963.0	15.647370600414078	8.729232675647388
1938038.0	19.90741200828157	5.932379479938541
1950113.0	19.948985507246377	6.055266516677174
1962188.0	19.562070393374743	5.1956423850146445
1974263.0	13.664430641821946	9.785141057095007
1986338.0	19.954368530020705	6.102370309596519
1998413.0	16.324223602484473	8.190258314787146
2010488.0	19.714782608695653	5.600547148662283
2022563.0	19.928198757763976	6.023968688312046
2034638.0	18.780207039337473	6.778623079126121
2046713.0	18.86567287784679	7.111318363094402
2058788.0	20.0	0.0
2070863.0	19.991138716356108	6.179790746020149
2082938.0	19.81863354037267	5.7159686962619
2095013.0	19.99966873706004	6.2413368531337685
2107088.0	20.0	0.0
2119163.0	19.892339544513458	5.897341226380974
2131238.0	17.02111801242236	7.07642398373045
2143313.0	19.816149068322982	5.832123506603175
2155388.0	20.0	0.0
2167463.0	19.64745341614907	5.406353137217955
2179538.0	19.945010351966875	6.0790581704870705
2191613.0	20.0	0.0
2203688.0	19.791055900621117	5.621903334409913
2215763.0	20.0	0.0
2227838.0	19.99527950310559	6.1840909895036
2239913.0	15.656149068322982	8.926425746319456
2251988.0	18.501035196687372	6.681825416027355
2264063.0	18.951552795031056	7.223506601301587
2276138.0	19.626997929606624	5.322291883227482
2288213.0	18.9064182194617	7.26331147492523
2300288.0	14.977060041407867	9.835786268081833
2312363.0	20.0	0.0
2324438.0	19.951801242236026	6.064368322174861
2336513.0	19.628985507246377	5.369718021983162
2348588.0	19.99776397515528	6.214069390109283
2360663.0	16.8231884057971	8.818482379070634
2372738.0	17.455072463768115	7.574879482331232
2384813.0	19.2024016563147	4.657476902498658
2396888.0	19.80712215320911	5.814204067978639
2408963.0	17.436024844720496	7.548353446385031
2421038.0	20.0	0.0
2433113.0	19.479006211180124	5.085179212087574
2445188.0	14.489937888198758	9.149496812692261
2457263.0	18.27080745341615	6.325799158181361
2469338.0	17.845383022774328	8.017868244123509
2481413.0	20.0	0.0
2493488.0	19.618219461697723	5.3498476207474726
2505563.0	20.0	0.0
2517638.0	19.88248447204969	5.908606909480952
2529713.0	20.0	0.0
2541788.0	19.999917184265012	6.242093135165042
2553863.0	9.836438923395445	10.490780730301388
2565938.0	14.467991718426502	9.447135247747537
2578013.0	19.532670807453417	4.897584649980711
2590088.0	20.0	0.0
2602163.0	18.326625258799172	5.9804097022728575
2614238.0	19.671138716356108	5.454278241776481
2626313.0	20.0	0.0
2638388.0	18.70343685300207	6.7637384152476265
2650463.0	18.978219461697723	7.231115191663999
2662538.0	16.382277432712215	8.301143626467763
2674613.0	19.60033126293996	5.246858470506311
2686688.0	18.949151138716356	7.1661789039079755
2698763.0	16.81151138716356	8.766249035545883
2710838.0	19.847370600414077	5.759140722655943
2722913.0	20.0	0.0
2734988.0	20.0	0.0
2747063.0	17.8712215320911	8.069983747267365
2759138.0	20.00016563146998	0.08240685814387208
2771213.0	19.189565217391305	4.483722573480884
2783288.0	19.503105590062113	4.896164045479733
2795363.0	19.47064182194617	4.820427547337519
2807438.0	19.631966873706006	5.376530549094054
2819513.0	19.99271221532091	6.190040755509242
2831588.0	15.753871635610766	9.200616596494692
2843663.0	19.999337474120082	6.235084064543596
2855738.0	19.894741200828157	5.926771908788051
2867813.0	19.99983436853002	6.24210640245298
2879888.0	19.560745341614908	4.945734511179554
2891963.0	0.0	0.0
2904038.0	0.0	0.0
2916113.0	10.076107660455486	9.988071560564872
2928188.0	20.0	0.0
2940263.0	19.812670807453415	5.794507287060133
2952338.0	18.922070393374742	7.118127792560451
2964413.0	17.412836438923396	7.611666973802967
2976488.0	18.446293995859214	6.293596601153732
2988563.0	17.78111801242236	7.855822964613302
3000638.0	20.0	0.0
3012713.0	19.446045548654244	5.007737284664136
3024788.0	19.861946169772256	5.837552452315985
3036863.0	20.0	0.0
3048938.0	16.590476190476192	8.548146433784119
3061013.0	18.89142857142857	6.969754236706112
3073088.0	19.975569358178053	6.135522608642185
3085163.0	19.509482401656314	5.057491419834314
3097238.0	18.44968944099379	6.500581276764243
3109313.0	20.000082815734988	6.242617171598681
3121388.0	3.1678674948240166	7.259125762259401
3133463.0	16.09242236024845	7.946039548948744
3145538.0	16.793623188405796	8.722878701233839
3157613.0	19.004223602484473	7.248799429402213
3169688.0	20.0	0.0
3181763.0	20.0	0.0
3193838.0	17.77209109730849	7.855917841638594
3205913.0	19.027494824016564	4.066201650092287
3217988.0	19.94103519668737	6.04752058086481
3230063.0	19.740786749482403	5.548558464610127
3242138.0	18.16670807453416	5.64900914743693
3254213.0	18.730517598343685	6.7657583863483515
3266288.0	19.749896480331262	5.5703667300498605
3278363.0	15.5696066252588	8.904582764110765
3290438.0	17.89151138716356	8.123921173798724
3302513.0	19.86865424430642	5.8380276881653
3314588.0	19.773664596273292	5.655639007927549
3326663.0	19.866997929606626	5.758817166335419
3338738.0	17.777888198757765	7.905031550191549
3350813.0	19.03768115942029	4.130831407349134
3362888.0	19.999917184265012	6.242093135165042
3374963.0	20.0	6.242617171598681
3387038.0	19.999006211180124	6.227309120477925
3399113.0	19.998840579710144	6.227029839427302
3411188.0	19.63561076604555	5.3910822768663085
3423263.0	18.069565217391304	5.654291687979462
3435338.0	20.0	0.0
3447413.0	19.95792960662526	6.111205470129165
3459488.0	19.972753623188407	6.124681087738449
3471563.0	19.99983436853002	6.239439110535393
3483638.0	16.384927536231885	8.30190678788312
3495713.0	20.0	0.0
3507788.0	19.88977225672878	5.910435729927055
3519863.0	19.643312629399585	5.39867325162829
3531938.0	20.0	0.0
3544013.0	18.069979296066254	5.653486071611457
3556088.0	18.959337474120083	7.15954241687607
3568163.0	19.947494824016562	6.050628357424435
3580238.0	16.382857142857144	8.302834458268324
3592313.0	20.0	0.0
3604388.0	20.000993788819876	0.20185475375854386
3616463.0	19.643229813664597	5.398619561304711
3628538.0	16.00190476190476	9.460704389009937
3640613.0	20.0	0.0
3652688.0	10.96231884057971	10.839869663751596
3664763.0	15.074285714285715	8.26770012908249
3676838.0	16.572587991718425	8.201777315845412
3688913.0	20.0	0.0
3700988.0	20.0	0.0
3713063.0	18.44894409937888	6.500358327438049
3725138.0	19.967701863354037	6.145758860130594
3737213.0	18.523892339544513	6.614082472763835
3749288.0	20.00016563146998	0.08240685814387208
3761363.0	19.89581780538302	5.882162388826921
3773438.0	19.94293995859213	6.0036151979565275
3785513.0	19.58103519668737	5.109014482804612
3797588.0	20.000082815734988	0.05827044820980982
3809663.0	20.0	0.0
3821738.0	18.99701863354037	7.251084019765438
3833813.0	15.66095238095238	9.08338642262298
3845888.0	19.999917184265012	6.2423452088140845
3857963.0	20.0	0.0
3870038.0	20.0	0.0
3882113.0	20.0	0.0
3894188.0	20.0	0.0
3906263.0	17.151304347826088	7.032412389540529
3918338.0	19.99983436853002	6.239439110535393
3930413.0	19.971180124223604	6.1151205869517105
3942488.0	18.975155279503106	7.1528071484921005
3954563.0	16.06111801242236	7.730555651648191
3966638.0	19.871635610766045	5.837297085730755
3978713.0	19.045962732919254	4.150232600929968
3990788.0	19.436853002070393	5.000082815049154
4002863.0	16.178053830227743	8.053701745237543
4014938.0	17.466418219461698	7.160300027256629
4027013.0	16.662111801242236	7.935928729727393
4039088.0	19.965548654244305	6.136494369507556
4051163.0	19.92265010351967	6.005677093375606
4063238.0	19.033540372670807	4.1184833084407115
4075313.0	19.855072463768117	5.839644618926935
4087388.0	19.991055900621117	6.1706041930803215
4099463.0	17.02095238095238	6.428282487180356
4111538.0	20.0	0.0
4123613.0	20.0	0.0
4135688.0	14.539461697722567	9.46202609847377
4147763.0	19.85159420289855	5.804125041280899
4159838.0	19.999585921325053	6.24377122330943
4171913.0	15.37639751552795	8.879860667028426
4183988.0	15.459544513457557	9.02942509788656
4196063.0	18.448861283643893	6.499141526364089
4208138.0	16.79544513457557	8.745715307045163
4220213.0	10.707246376811595	10.496739117035219
4232288.0	15.863271221532091	9.458296827758556
4244363.0	19.115527950310558	4.465788980855688
4256438.0	20.0	0.0
4268513.0	19.8824016563147	5.852280969552287
4280588.0	18.740207039337474	6.73745440989888
4292663.0	19.858053830227743	5.754875509731307
4304738.0	20.00016563146998	0.08240685814387208
4316813.0	20.0	0.0
4328888.0	19.017308488612837	4.05378947526026
4340963.0	19.780207039337473	5.577862187599379
4353038.0	17.43536231884058	7.547212338252777
4365113.0	18.547163561076605	6.2233714308944865
4377188.0	20.0	0.0
4389263.0	10.61407867494824	10.468262198548379
4401338.0	20.0	0.0
4413413.0	17.3888198757764	7.492024745194632
4425488.0	19.62600414078675	5.308994672312436
4437563.0	20.64944099378882	9.223689008384632
4449638.0	19.843809523809522	5.7373788028986095
4461713.0	19.97407867494824	6.129830667853977
4473788.0	18.843395445134576	6.9077925811134
4485863.0	19.956604554865425	6.1012641666003775
4497938.0	20.0	0.0
4510013.0	20.0	0.0
4522088.0	16.018302277432714	7.675170367205634
4534163.0	19.926211180124223	6.0164371124404115
4546238.0	20.0	0.0
4558313.0	19.37913043478261	4.9054075033912445
4570388.0	17.843395445134576	8.154090540739897
4582463.0	20.0	0.0
4594538.0	20.0	0.0
4606613.0	17.360331262939958	7.403211210811431
4618688.0	20.0	0.0
4630763.0	19.900952380952383	5.899426227495737
4642838.0	20.0	0.0
4651302.0	19.874304553884194	5.899896446160496
4657339.5	13.816255884796455	10.031982917236792
4666988.0	18.321821946169774	5.909672038487792
4679063.0	20.0	0.0
4691138.0	19.99983436853002	6.2418543191598825
4703213.0	19.024761904761906	3.4783090058780926
4715288.0	18.50393374741201	6.435209822984681
4722679.5	17.342688330871493	6.8431466325488195
4728717.0	15.83324436852781	9.441130325179142
4739438.0	19.95296066252588	6.073238312670144
4751513.0	19.671387163561075	5.3534068408175965
4763588.0	18.578302277432712	6.564986490393381
4775663.0	18.267080745341616	6.036733653981243
4787738.0	17.466666666666665	7.681900429118992
4799813.0	17.441490683229812	7.554829259127935
4811888.0	19.64861283643892	5.402890109199992
4819084.5	19.75625539257981	5.551041690362714
4825049.5	0.0	0.0
