#Position (bp)	Coverage	Std
6038.0	19.41209109730849	5.017361163348544
18113.0	8.478178053830227	10.00737616159958
30188.0	18.617805383022773	6.760560330581841
42263.0	16.563975155279504	8.521656736830737
54338.0	19.998509316770186	6.219311406299737
66413.0	19.99983436853002	6.244480792881887
78488.0	20.0	0.0
90563.0	20.0	0.0
102638.0	14.508902691511388	9.180477080211563
114713.0	19.986583850931677	6.170087462594535
126788.0	17.40753623188406	7.5170530766066666
138863.0	19.637267080745342	5.386594817387706
150938.0	20.0	0.0
163013.0	20.0	0.0
175088.0	19.940455486542444	5.98409209304585
187163.0	16.382111801242235	8.302799547818973
199238.0	20.0	6.2423452088140845
211313.0	20.0	0.0
223388.0	18.606211180124223	6.741546351169659
235463.0	20.0	0.0
247538.0	16.5407867494824	8.490598868815953
259613.0	20.0	0.0
271688.0	19.999171842650103	6.242411542293092
283763.0	19.9224016563147	5.986928480397906
295838.0	18.448281573498964	6.500256405199208
307913.0	16.765217391304347	8.82866590232674
319988.0	19.8896066252588	6.83050034694736
332063.0	19.96927536231884	6.150574381095744
344138.0	20.0	0.0
356213.0	20.0	0.0
368288.0	18.448364389233955	6.476292168243121
380363.0	19.738302277432712	5.581995606254107
392438.0	20.0	0.0
404513.0	16.463768115942027	8.399743661670904
416588.0	20.0	0.0
428663.0	19.961739130434783	6.124931232976879
440738.0	20.0	0.0
452813.0	20.0	0.0
464888.0	20.0	0.0
476963.0	19.907494824016563	5.962463675770793
489038.0	20.0	0.0
501113.0	20.0	0.0
513188.0	18.596273291925467	6.72678893982811
525263.0	18.449026915113873	6.499638467410272
537338.0	20.0	0.0
549413.0	19.968861283643893	6.107437003316729
561488.0	19.5055900621118	5.145461728311223
573563.0	14.98136645962733	9.911492378013529
585638.0	18.041407867494826	5.580593407006742
597713.0	20.0	0.0
609788.0	15.771428571428572	9.222373550938146
621863.0	20.0	0.06036466134701191
633938.0	18.98302277432712	8.13613975951344
646013.0	20.0	0.0
658088.0	17.59262939958592	7.533873814870082
670163.0	20.0	0.0
682238.0	20.000082815734988	0.05827044820980982
694313.0	16.21631469979296	8.098626011319546
706388.0	20.0	0.0
718463.0	20.0	0.0
730538.0	20.0	0.0
742613.0	20.0	0.0
754688.0	17.434368530020706	7.550108660592208
766763.0	19.920828157349895	5.963192830779503
778838.0	19.766293995859215	5.599445402883734
790913.0	18.579958592132506	6.99642618027706
802988.0	19.727950310559006	5.338713642258522
815063.0	16.88008281573499	8.763140384564537
827138.0	16.835776397515527	8.725954241956131
839213.0	19.613250517598345	5.3187663383832575
851288.0	19.065175983436852	4.1478074229910264
863363.0	17.041987577639752	6.8938055430527205
875438.0	20.0	0.0
887513.0	19.62616977225673	5.338767935037279
899588.0	20.0	0.0
911663.0	15.122153209109731	8.650111597073296
923738.0	20.0	0.0
935813.0	19.27561076604555	4.375709347995665
947888.0	20.000579710144926	0.15416911474742565
959963.0	19.854989648033126	5.839382252701708
972038.0	20.0	0.0
984113.0	20.0	0.0
996188.0	20.0	0.0
1008263.0	17.4631884057971	7.316545814119085
1020338.0	16.23072463768116	8.002318504613234
1032413.0	20.0	0.0
1044488.0	19.99966873706004	6.238735604765581
1056563.0	20.0	0.0
1068638.0	13.136977225672878	9.13229203234189
1080713.0	8.2568115942029	9.265939766238112
1092788.0	19.945258799171842	6.085614167276848
1104863.0	17.415320910973087	7.525993602850387
1116938.0	20.0	0.0
1129013.0	19.233871635610765	4.085990811415643
1141088.0	17.836356107660457	8.146520551833726
1153163.0	18.547412008281572	6.750753351104852
1165238.0	20.0	0.0
1177313.0	18.6111801242236	6.750017253256072
1189388.0	20.0	0.0
1201463.0	19.99296066252588	6.1907230401492175
1213538.0	16.220289855072465	8.186996709042432
1225613.0	14.526708074534161	9.653628674433822
1237688.0	16.412753623188404	8.221065704946758
1249763.0	18.60289855072464	6.736261995563848
1261838.0	20.0	0.0
1273913.0	16.68256728778468	8.733894376112232
1285988.0	19.62327122153209	5.324656502884104
1298063.0	20.0	0.0
1310138.0	9.756521739130434	10.621377716486373
1322213.0	10.523395445134575	10.447780035034022
1334288.0	19.996935817805383	6.22071607522903
1346363.0	19.601904761904763	5.203343406762201
1358438.0	20.0	0.0
1370513.0	20.0	0.0
1382588.0	18.450683229813663	6.501294663229521
1394663.0	19.871387163561078	5.845930792636714
1406738.0	19.45416149068323	4.927507611657233
1418813.0	18.490269151138715	6.461928639278714
1430888.0	19.904596273291926	5.953407778927514
1442963.0	20.0	0.0
1455038.0	19.99569358178054	6.213276375039933
1467113.0	20.0	0.0
1479188.0	20.0	0.0
1491263.0	20.0	0.0
1503338.0	16.381863354037268	8.300909177174622
1515413.0	20.0	0.0
1527488.0	20.0	0.0
1539563.0	18.598757763975154	6.728450764436121
1551638.0	19.804057971014494	5.564357141069824
1563713.0	20.0	0.0
1575788.0	19.968198757763975	6.1137119755581235
1587863.0	18.600910973084886	6.743179976129673
1599938.0	19.382360248447206	4.806439779508038
1612013.0	19.96198757763975	6.125424732812404
1624088.0	13.76728778467909	9.916441791559262
1636163.0	19.681821946169773	5.438631845979983
1648238.0	20.0	0.0
1660313.0	8.679089026915113	9.715991812183146
1672388.0	17.0583850931677	6.970574057530083
1684463.0	20.0	0.0
1696538.0	17.62815734989648	7.806060182278777
1708613.0	19.993954451345754	6.1945143701159875
1720688.0	19.450931677018634	5.167865352167822
1732763.0	15.825424430641823	9.403179938758084
1744838.0	20.0	0.0
1756913.0	20.0	0.0
1768988.0	19.86169772256729	5.835473727401091
1781063.0	17.617391304347827	7.789864413302695
1793138.0	20.0	0.0
1805213.0	17.536397515527952	7.681221219330287
1817288.0	16.057391304347828	7.729961069542715
1829363.0	17.20248447204969	7.05004294951897
1841438.0	14.0	8.897297610055805
1853513.0	19.690269151138715	5.4869466783386605
1865588.0	19.62070393374741	5.3545824108917275
1877663.0	19.648530020703934	5.412790618288565
1889738.0	19.619875776397514	5.353546066537809
1901813.0	17.20662525879917	6.979858630447697
1913888.0	20.0	0.0
1925963.0	16.51966873706004	8.395581998971203
1938038.0	19.96463768115942	6.107131899787974
1950113.0	20.0	0.0
1962188.0	20.0	0.0
1974263.0	13.903768115942029	10.181414480717173
1986338.0	19.970683229813666	6.1543769877754855
1998413.0	16.392215320910974	8.322615053278131
2010488.0	20.0	0.0
2022563.0	19.594368530020702	5.307028817090068
2034638.0	18.479337474120083	6.392892015588983
2046713.0	18.84968944099379	7.09141726016485
2058788.0	20.0	0.0
2070863.0	19.99983436853002	6.244480792881887
2082938.0	19.83751552795031	5.767740658016503
2095013.0	19.999917184265012	6.242093135165042
2107088.0	20.0	0.0
2119163.0	19.551635610766045	5.024659686878716
2131238.0	16.60455486542443	8.570158636082477
2143313.0	19.678509316770185	5.587482312467084
2155388.0	20.0	0.0
2167463.0	20.0	0.0
2179538.0	20.0	0.0
2191613.0	20.0	0.0
2203688.0	19.446790890269153	5.027172542107136
2215763.0	20.0	0.0
2227838.0	19.974575569358176	6.138889372917489
2239913.0	16.037184265010353	9.453733912382365
2251988.0	18.486459627329193	6.584026092439286
2264063.0	19.03271221532091	4.282517786551799
2276138.0	20.0	0.0
2288213.0	18.917184265010352	7.27884708637517
2300288.0	14.550227743271222	9.394593396904822
2312363.0	19.323643892339543	4.716211414209469
2324438.0	19.28703933747412	4.399096462847911
2336513.0	19.627329192546583	5.350451307370865
2348588.0	20.0	0.0
2360663.0	16.5648033126294	8.522774264253414
2372738.0	17.629813664596274	7.807863531034253
2384813.0	18.86857142857143	7.211378173087269
2396888.0	19.582608695652173	5.4081833553392915
2408963.0	17.628985507246377	7.807280140254082
2421038.0	20.0	0.0
2433113.0	20.0	0.0
2445188.0	15.038592132505176	8.104248304420969
2457263.0	18.371014492753623	6.488722498977521
2469338.0	17.045879917184266	6.79667437859838
2481413.0	19.999917184265012	6.242093135165042
2493488.0	20.0	0.0
2505563.0	20.0	0.0
2517638.0	19.864596273291927	5.835211173641773
2529713.0	20.0	0.0
2541788.0	20.0	0.0
2553863.0	10.106252587991719	9.89973335483812
2565938.0	14.463850931677019	9.442531856842994
2578013.0	19.997267080745342	6.219011791310216
2590088.0	20.000082815734988	0.05827044820980982
2602163.0	17.550062111801243	7.197664677629418
2614238.0	19.873954451345757	5.809601533607625
2626313.0	20.0	0.0
2638388.0	18.234285714285715	5.9473257208440895
2650463.0	18.652008281573497	6.794480770750578
2662538.0	16.382443064182194	8.301253366414988
2674613.0	20.0	0.0
2686688.0	18.399171842650105	6.319315422734356
2698763.0	16.735403726708075	8.79567934586519
2710838.0	19.890683229813664	5.873285838646292
2722913.0	20.0	0.0
2734988.0	20.0	0.0
2747063.0	17.606376811594203	7.7641635753534155
2759138.0	20.0	0.012869789042449443
2771213.0	18.843892339544514	6.705370055234817
2783288.0	19.503105590062113	4.8602413694972215
2795363.0	19.523726708074534	4.9416973471477865
2807438.0	20.0	0.0
2819513.0	20.0	0.0
2831588.0	16.382277432712215	8.300844328328717
2843663.0	20.0	0.0
2855738.0	19.45672877846791	5.046409871184834
2867813.0	20.0	0.0
2879888.0	19.56488612836439	5.378594180854216
2891963.0	17.12016563146998	6.830851945568534
2904038.0	20.0	0.0
2916113.0	19.995610766045548	6.20945648961971
2928188.0	20.0	0.0
2940263.0	19.839337474120082	5.844946145614569
2952338.0	18.535652173913043	6.570049364673323
2964413.0	17.2703933747412	7.421166081158727
2976488.0	18.653581780538303	6.741153239463527
2988563.0	17.445797101449276	7.263402689755015
3000638.0	20.0	0.0
3012713.0	20.0	0.0
3024788.0	19.96703933747412	6.143777676705655
3036863.0	20.0	0.0
3048938.0	16.48447204968944	8.42637090971401
3061013.0	18.89672877846791	7.01144878599815
3073088.0	20.0	0.0
3085163.0	19.47743271221532	5.0889805037244695
3097238.0	18.449026915113873	6.499511050251361
3109313.0	19.92182194616977	5.95833706148807
3121388.0	16.946583850931678	8.804431408237573
3133463.0	17.624844720496895	7.798099253463867
3145538.0	16.56472049689441	8.520645977124904
3157613.0	18.56281573498965	6.604847959124191
3169688.0	20.0	0.0
3181763.0	20.0	0.0
3193838.0	17.541449275362318	7.606284859126567
3205913.0	18.266749482401657	5.939954897319895
3217988.0	19.92182194616977	6.002932340729038
3230063.0	19.184430641821947	4.12390897799638
3242138.0	18.367867494824015	6.21877208892526
3254213.0	18.886128364389233	7.236782053699946
3266288.0	19.167701863354036	4.291693551544972
3278363.0	14.993209109730849	9.902426663713683
3290438.0	17.63701863354037	7.839296879781895
3302513.0	19.946666666666665	6.079480472518602
3314588.0	19.77391304347826	5.655133800563644
3326663.0	19.935238095238095	6.041437312702385
3338738.0	18.22360248447205	6.095309264594858
3350813.0	18.59544513457557	6.725372987570739
3362888.0	19.436024844720496	5.001987182750222
3374963.0	20.0	6.2423452088140845
3387038.0	19.999006211180124	6.227548494267003
3399113.0	20.0	0.0
3411188.0	20.0	0.0
3423263.0	17.210766045548656	7.061428192366049
3435338.0	20.0	0.0
3447413.0	19.29606625258799	4.71203911586052
3459488.0	19.9479917184265	6.045753775697129
3471563.0	20.0	6.2423452088140845
3483638.0	16.385093167701864	8.303657304927821
3495713.0	20.0	0.0
3507788.0	20.0	0.0
3519863.0	20.0	0.0
3531938.0	20.0	0.0
3544013.0	17.197515527950312	7.039462853590516
3556088.0	18.377556935817804	6.271153849206229
3568163.0	19.998592132505177	6.240626926090184
3580238.0	16.089026915113873	7.763454226830419
3592313.0	20.0	0.0
3604388.0	20.000662525879918	0.16481371628774416
3616463.0	20.0	0.0
3628538.0	16.007950310559007	9.464266455701333
3640613.0	20.0	0.0
3652688.0	10.320496894409938	10.183167209171119
3664763.0	14.686211180124223	9.607467764869268
3676838.0	16.417556935817807	8.017067714644853
3688913.0	20.0	0.0
3700988.0	19.92513457556936	6.013779897389356
3713063.0	18.44927536231884	6.50037743767992
3725138.0	19.94608695652174	6.077225584709967
3737213.0	20.0	0.0
3749288.0	19.85424430641822	5.814916208992041
3761363.0	19.926128364389236	6.0166986401082045
3773438.0	19.647867494824016	5.360209198352574
3785513.0	20.0	0.0
3797588.0	19.998592132505177	6.2310516079379985
3809663.0	20.0	0.0
3821738.0	18.55726708074534	6.616974219844518
3833813.0	15.179296066252588	8.559014474720083
3845888.0	19.83271221532091	5.859818608121141
3857963.0	19.506418219461697	5.271313828866734
3870038.0	20.0	0.0
3882113.0	20.0	0.0
3894188.0	20.0	0.0
3906263.0	17.340289855072463	7.322734671158188
3918338.0	20.0	0.0
3930413.0	20.0	0.0
3942488.0	18.626915113871636	6.775305299745682
3954563.0	16.06608695652174	7.7141369512532965
3966638.0	19.99569358178054	6.212356617355512
3978713.0	18.594616977225673	6.724326222529506
3990788.0	20.0	0.0
4002863.0	16.038343685300205	7.877335993865467
4014938.0	18.255900621118013	5.708589293199022
4027013.0	17.483229813664597	7.325131871565031
4039088.0	19.965797101449276	6.13739176195813
4051163.0	20.0	0.0
4063238.0	18.605383022774326	6.738658902891867
4075313.0	19.785672877846793	5.599090431900193
4087388.0	20.0	0.0
4099463.0	14.29648033126294	9.220528002558353
4111538.0	19.99983436853002	6.244480792881887
4123613.0	20.0	0.0
4135688.0	14.513871635610766	9.568647041833037
4147763.0	19.85159420289855	5.804039430086957
4159838.0	19.999751552795033	6.244222174058689
4171913.0	14.869565217391305	9.864590459189687
4183988.0	15.383850931677019	9.019027505383114
4196063.0	18.44894409937888	6.499249837266219
4208138.0	16.54824016563147	8.503902404641087
4220213.0	10.331262939958592	10.156391984196256
4232288.0	15.95304347826087	9.53257029768631
4244363.0	19.132505175983436	4.505804859590818
4256438.0	19.999917184265012	6.244739400994683
4268513.0	19.94120082815735	6.0350460261958485
4280588.0	18.278260869565216	6.0207921312896
4292663.0	19.519171842650103	4.9731952311822045
4304738.0	20.0	0.0
4316813.0	19.436853002070393	5.005380128196387
4328888.0	18.597929606625257	6.727404478288245
4340963.0	19.677846790890268	5.428282655499042
4353038.0	17.60910973084886	7.776990002498704
4365113.0	18.061283643892338	5.8749564995526224
4377188.0	20.0	0.0
4389263.0	10.222111801242235	10.086729489841701
4401338.0	20.0	0.0
4413413.0	16.78343685300207	8.774421701199243
4425488.0	19.634616977225672	5.3791946413611065
4437563.0	18.214492753623187	5.723179414337426
4449638.0	20.0	0.0
4461713.0	20.0	0.0
4473788.0	18.601242236024845	6.735278402210223
4485863.0	19.998343685300206	6.225473615648085
4497938.0	20.0	0.0
4510013.0	20.0	0.0
4522088.0	16.38169772256729	8.301178543881063
4534163.0	20.0	0.0
4546238.0	20.0	0.0
4558313.0	19.28198757763975	4.82938726615081
4570388.0	17.69929606625259	7.976658494967778
4582463.0	20.0	0.0
4594538.0	19.99983436853002	6.2445205794424865
4606613.0	16.928198757763976	8.906368252275142
4618688.0	19.644057971014494	5.4492805382998215
4630763.0	20.0	0.0
4642838.0	20.0	0.0
4651302.0	19.874304553884194	5.900071072156768
4657339.5	13.521185267238993	9.726828261903
4666988.0	18.422360248447205	6.370103567580177
4679063.0	20.0	0.0
4691138.0	20.0	0.0
4703213.0	18.984679089026915	6.972587555970372
4715288.0	18.182194616977224	5.793163672952362
4722679.5	17.583825701624814	7.013044397992408
4728717.0	15.674175296252802	9.31401242068591
4739438.0	20.0	0.0
4751513.0	19.705341614906832	5.469955582879528
4763588.0	18.587163561076604	6.71156722201077
4775663.0	19.212587991718426	4.670217519240258
4787738.0	17.328364389233954	7.499537597891929
4799813.0	17.53010351966874	7.67270983359049
4811888.0	20.0	0.0
4819084.5	19.471958584987057	4.783582074484609
4825049.5	15.645755305867665	9.205015685725288
