#Position (bp)	Coverage	Std
6038.0	19.024844720496894	3.8323889375876394
18113.0	8.431469979296066	10.031544450281373
30188.0	17.215734989648034	6.485779954246587
42263.0	15.947826086956521	9.41711142429778
54338.0	19.637267080745342	5.393232474290268
66413.0	19.63975155279503	5.397607015213617
78488.0	20.0	0.0
90563.0	19.304347826086957	4.448378865852308
102638.0	14.542028985507246	9.309204243322428
114713.0	19.722567287784678	5.65022581494177
126788.0	16.89855072463768	8.841694936955134
138863.0	18.565631469979294	6.267177636540255
150938.0	19.338302277432714	4.521153410065828
163013.0	19.671221532091096	5.457329297759316
175088.0	18.800828157349898	6.632999877174761
187163.0	15.853498964803313	9.295177849989745
199238.0	19.32670807453416	4.496430606465283
211313.0	19.699378881987577	5.511568860528537
223388.0	17.277018633540372	7.065367668412951
235463.0	20.0	0.0
247538.0	15.869482401656315	9.252541478400614
259613.0	19.62120082815735	5.335136858620126
271688.0	19.104596273291925	3.9695424271249893
283763.0	20.0	0.0
295838.0	18.07469979296066	5.6627803017017735
307913.0	15.268737060041408	8.580419714936562
319988.0	15.558095238095238	8.13551374228645
332063.0	19.171014492753624	4.12692015664176
344138.0	18.85879917184265	6.723057571194081
356213.0	20.0	0.0
368288.0	17.677101449275362	7.518402543864902
380363.0	17.118840579710145	6.218139496599594
392438.0	19.444306418219462	4.893507762276636
404513.0	11.575817805383023	9.601712235158418
416588.0	17.260621118012423	6.825788391355323
428663.0	19.646211180124222	5.3814419242676035
440738.0	18.6111801242236	6.333780086672999
452813.0	17.97432712215321	7.637311701161863
464888.0	19.167867494824016	3.9456032085207218
476963.0	20.0	0.0
489038.0	18.847204968944098	6.70126838215025
501113.0	19.648861283643893	5.413371987337643
513188.0	16.979710144927537	8.376670748957423
525263.0	17.862525879917186	7.75606888538681
537338.0	19.68033126293996	5.470803363400461
549413.0	18.90385093167702	6.73408560256636
561488.0	19.429399585921324	4.986233636715913
573563.0	14.255900621118013	9.008484613466125
585638.0	17.65879917184265	7.471591469628604
597713.0	20.0	0.0
609788.0	15.735817805383023	9.188952769607122
621863.0	19.993540372670807	6.226005701726396
633938.0	16.48761904761905	7.616229810197375
646013.0	18.93846790890269	6.960985627838421
658088.0	13.768612836438923	9.301283332724081
670163.0	19.389068322981366	4.63701910388261
682238.0	20.001407867494823	0.2402552128212477
694313.0	14.066252587991718	8.562424532317678
706388.0	18.70807453416149	6.492805382816462
718463.0	18.561490683229813	6.473068910340164
730538.0	20.0	0.0
742613.0	20.0	0.0
754688.0	15.537888198757765	8.504958972396821
766763.0	18.21913043478261	5.63269073968597
778838.0	19.116024844720496	3.5921815260287246
790913.0	16.243478260869566	7.880988472017088
802988.0	13.875776397515528	9.89271225163159
815063.0	16.786749482401657	8.70287070983664
827138.0	12.58335403726708	9.53242260631271
839213.0	19.282981366459627	4.370094114236878
851288.0	18.289937888198757	5.951320816566498
863363.0	16.44472049689441	8.135335598499122
875438.0	19.34575569358178	4.5407107186240925
887513.0	15.585258799171843	8.581790148518497
899588.0	15.580455486542443	8.524984593466465
911663.0	15.045962732919255	8.560997794054948
923738.0	20.0	0.0
935813.0	19.28447204968944	4.696371005480507
947888.0	18.988819875776397	6.90980639603179
959963.0	18.777888198757765	6.795388766554333
972038.0	17.70583850931677	7.513967669941597
984113.0	18.403312629399586	5.89530465516632
996188.0	18.65175983436853	6.652834511645206
1008263.0	16.37664596273292	7.543332377274469
1020338.0	15.58592132505176	8.803025077642252
1032413.0	20.0	0.0
1044488.0	17.380703933747412	7.022796361639718
1056563.0	18.92422360248447	6.762654727605372
1068638.0	10.045714285714286	9.589279728649368
1080713.0	0.8086128364389233	2.708196285750575
1092788.0	19.100621118012423	3.7759070592485195
1104863.0	16.505175983436853	8.289882581141287
1116938.0	19.051925465838508	3.7591792417266507
1129013.0	5.273706004140787	8.368327353271464
1141088.0	15.36231884057971	8.91926056967341
1153163.0	18.59958592132505	6.828632933704317
1165238.0	19.243892339544512	4.595569024439205
1177313.0	17.6	7.408824686130294
1189388.0	19.692753623188405	5.497366205437596
1201463.0	19.298550724637682	4.429554422394239
1213538.0	15.628985507246377	9.144503604339178
1225613.0	14.494409937888198	9.620759128633257
1237688.0	15.195859213250518	8.42397741243022
1249763.0	17.52712215320911	7.674889819887449
1261838.0	20.0	0.0
1273913.0	15.679503105590062	9.051739935460656
1285988.0	18.812422360248448	6.751857347408308
1298063.0	19.941532091097308	6.063070852080645
1310138.0	17.79271221532091	7.550574820781765
1322213.0	18.183850931677018	5.886349440090085
1334288.0	19.65879917184265	5.428892874867847
1346363.0	18.90600414078675	6.786285036474174
1358438.0	18.776811594202897	6.5957637449261295
1370513.0	20.0	0.0
1382588.0	18.017391304347825	5.5708944905132265
1394663.0	19.392712215320913	4.750625980328166
1406738.0	19.447619047619046	5.028078509626197
1418813.0	16.58385093167702	8.0615746295154
1430888.0	19.467494824016562	5.069414641091475
1442963.0	18.98302277432712	6.901423623653765
1455038.0	19.31511387163561	4.45959082322123
1467113.0	19.378053830227742	4.758159603852629
1479188.0	18.928861283643894	6.923491980267484
1491263.0	19.06616977225673	3.6887496128097577
1503338.0	16.398840579710146	8.323938389401917
1515413.0	19.02857142857143	3.411088968395661
1527488.0	19.58592132505176	5.298110917682478
1539563.0	18.24182194616977	5.964005212778896
1551638.0	19.584099378881987	5.079826540459765
1563713.0	19.137888198757764	4.074208124611467
1575788.0	19.6472049689441	5.409454188453512
1587863.0	18.550062111801243	6.677510849015251
1599938.0	19.107412008281575	4.183898941414199
1612013.0	19.373084886128364	4.633490472036318
1624088.0	13.520496894409938	9.662567846659828
1636163.0	18.309979296066253	5.386164316612396
1648238.0	20.0	0.0
1660313.0	2.5490683229813667	6.372287309016618
1672388.0	12.43064182194617	9.468290765534396
1684463.0	19.12215320910973	4.007704794837971
1696538.0	16.500207039337475	7.95684009816875
1708613.0	19.62310559006211	5.251922649029321
1720688.0	18.76024844720497	6.677324813626086
1732763.0	15.238923395445134	8.550117745245204
1744838.0	19.3175983436853	4.470181862063019
1756913.0	19.68447204968944	5.480044732404211
1768988.0	18.31966873706004	5.637658060382617
1781063.0	17.532091097308488	7.676831860345015
1793138.0	19.556935817805382	5.237189833288124
1805213.0	16.845300207039337	8.523614742676578
1817288.0	15.7575983436853	9.06723905147334
1829363.0	16.179958592132504	7.5522801734181835
1841438.0	13.604554865424431	9.78347785418843
1853513.0	19.674534161490683	5.461546357290804
1865588.0	18.92422360248447	6.818389456653874
1877663.0	19.278757763975154	4.313760542809943
1889738.0	18.96223602484472	6.914916214430076
1901813.0	14.93896480331263	9.73246259470592
1913888.0	19.88695652173913	5.967767112280626
1925963.0	13.724886128364389	9.660304895976617
1938038.0	18.982194616977225	6.906113953439244
1950113.0	19.65631469979296	5.428389448840383
1962188.0	20.0	0.0
1974263.0	13.575155279503106	9.71983947928697
1986338.0	19.64496894409938	5.38764786176692
1998413.0	16.394368530020703	8.327708246431376
2010488.0	19.501035196687372	5.170036301837623
2022563.0	19.67743271221532	5.435014156558159
2034638.0	17.52190476190476	7.2584012863684
2046713.0	17.93167701863354	7.9141145499500345
2058788.0	19.59089026915114	5.301392449608113
2070863.0	20.0	0.0
2082938.0	19.27536231884058	4.278493572085484
2095013.0	19.111387163561076	3.9818532468566814
2107088.0	19.363146997929608	4.578580068660431
2119163.0	17.26310559006211	6.624898139769306
2131238.0	15.734989648033126	9.180486101060218
2143313.0	18.438095238095237	5.959101464914921
2155388.0	18.9879917184265	6.906149928310141
2167463.0	19.246376811594203	4.314825902314922
2179538.0	19.999917184265012	6.244739400994683
2191613.0	19.196687370600415	4.190504893558763
2203688.0	19.454244306418218	5.0427160843385135
2215763.0	20.0	0.0
2227838.0	18.370186335403726	5.516562676895456
2239913.0	15.403809523809525	8.579690979778272
2251988.0	17.822443064182195	7.732360544227185
2264063.0	18.97888198757764	7.3628241948469455
2276138.0	19.38169772256729	4.67767704377717
2288213.0	18.32679089026915	6.3701945717527
2300288.0	13.19751552795031	9.177346310356118
2312363.0	18.33623188405797	5.892550653928204
2324438.0	19.596687370600414	5.250960673221465
2336513.0	18.30070393374741	5.881402066612275
2348588.0	18.568033126293997	6.374489790000117
2360663.0	16.149896480331265	7.849948899360254
2372738.0	16.88695652173913	8.588142434554195
2384813.0	18.26583850931677	5.891018534929423
2396888.0	19.269565217391303	4.516755096809531
2408963.0	16.45879917184265	8.068567440277254
2421038.0	19.62815734989648	5.373772670314152
2433113.0	18.453167701863354	6.139172663624051
2445188.0	13.084886128364388	8.76236541232147
2457263.0	18.00414078674948	5.864049858701887
2469338.0	16.483809523809523	8.12198916981143
2481413.0	19.648861283643893	5.411780723607903
2493488.0	19.30600414078675	4.439023263763311
2505563.0	20.0	0.0
2517638.0	18.774575569358177	6.535971495917431
2529713.0	20.0	0.0
2541788.0	20.0	0.0
2553863.0	10.309233954451345	10.191459096190142
2565938.0	14.822360248447206	9.953723150402839
2578013.0	19.297722567287785	4.426019434336717
2590088.0	19.431884057971015	4.99395079205408
2602163.0	17.024596273291927	6.4533426586521285
2614238.0	19.603229813664598	5.205650696295579
2626313.0	19.417805383022774	4.970430160804681
2638388.0	18.429813664596274	6.470701607713516
2650463.0	18.476438923395445	6.527774708896098
2662538.0	15.749896480331262	9.053807407462818
2674613.0	18.41167701863354	5.880388150735681
2686688.0	17.719254658385093	7.662794953607672
2698763.0	16.699792960662524	8.75524096221333
2710838.0	20.0	0.0
2722913.0	19.279503105590063	4.377989366166753
2734988.0	20.0	0.0
2747063.0	16.799171842650104	8.480937094204815
2759138.0	19.68281573498965	5.476507327227451
2771213.0	18.262608695652172	5.760959489903258
2783288.0	16.099047619047617	7.7451220205928095
2795363.0	14.312380952380952	8.281146738486635
2807438.0	19.238757763975155	4.433441521742232
2819513.0	18.258053830227745	5.814182702400604
2831588.0	15.383850931677019	8.790664161342733
2843663.0	18.75064182194617	6.558808658170531
2855738.0	19.115527950310558	3.9923010794406126
2867813.0	19.61159420289855	5.340536026632519
2879888.0	18.666832298136647	6.476177079513606
2891963.0	17.119668737060042	7.032106199307837
2904038.0	20.0	0.0
2916113.0	19.653913043478262	5.424230584397407
2928188.0	20.0	0.0
2940263.0	19.539544513457557	5.334950582954569
2952338.0	18.053002070393376	5.744166182708815
2964413.0	16.688198757763974	8.741988346391638
2976488.0	18.11503105590062	5.740928572066126
2988563.0	17.513871635610766	7.566051452083137
3000638.0	19.339958592132504	4.5247421943648725
3012713.0	19.67304347826087	5.459074159894681
3024788.0	19.946335403726707	6.078104477324082
3036863.0	18.731262939958594	6.528599290479709
3048938.0	16.152380952380952	7.852005849412826
3061013.0	17.475031055900622	6.769827103125394
3073088.0	20.0	0.0
3085163.0	18.631221532091097	6.5316429976268005
3097238.0	16.79942028985507	8.097168689532747
3109313.0	19.27958592132505	4.382262384030022
3121388.0	15.504265010351967	8.432673318471801
3133463.0	17.25465838509317	7.13084455723015
3145538.0	16.47701863354037	8.419734287127978
3157613.0	17.577639751552795	7.210269878335102
3169688.0	20.0	0.0
3181763.0	19.633126293995858	5.38531858989789
3193838.0	17.224844720496893	7.0839450472679575
3205913.0	15.151138716356108	8.07886079335611
3217988.0	17.460372670807452	7.091002668211295
3230063.0	16.374327122153208	7.4473278101200275
3242138.0	18.193788819875778	5.873039076297589
3254213.0	17.409523809523808	6.872401070974486
3266288.0	18.625258799171842	6.467565197655246
3278363.0	15.011262939958591	8.334000801426532
3290438.0	17.287701863354037	7.209793201779256
3302513.0	19.687784679089027	5.487505099343501
3314588.0	18.348654244306417	5.915288819824959
3326663.0	19.34592132505176	4.596361870334426
3338738.0	16.5696066252588	8.206728542771547
3350813.0	18.17888198757764	5.847517213051691
3362888.0	18.749482401656316	6.562911034155195
3374963.0	19.167701863354036	4.11804090188104
3387038.0	18.94815734989648	6.983689960603816
3399113.0	19.12463768115942	4.337281208496115
3411188.0	20.0	0.0
3423263.0	16.441407867494824	7.884350408655087
3435338.0	19.54534161490683	5.215957359883632
3447413.0	17.821946169772257	7.526664814498759
3459488.0	13.165051759834368	9.50314756618018
3471563.0	17.31751552795031	7.173525053815773
3483638.0	16.385093167701864	8.301926738874522
3495713.0	18.236024844720497	5.798850460795369
3507788.0	20.0	0.0
3519863.0	20.0	0.0
3531938.0	20.0	0.0
3544013.0	16.243478260869566	7.6265201451126785
3556088.0	18.02567287784679	5.475607494398429
3568163.0	19.304679089026916	4.442100486118977
3580238.0	15.353788819875776	8.911109217983135
3592313.0	18.505175983436853	6.219238168413002
3604388.0	20.0	0.0
3616463.0	19.30103519668737	4.438351586266303
3628538.0	15.016149068322981	8.261657802646702
3640613.0	20.0	0.0
3652688.0	9.935403726708074	10.723921133244579
3664763.0	14.19320910973085	8.929514649971631
3676838.0	15.89639751552795	9.264835900598044
3688913.0	19.273788819875776	4.279993421174873
3700988.0	19.670393374741202	5.453519007504915
3713063.0	17.704347826086956	7.55515263002277
3725138.0	19.0120082815735	3.296186390436208
3737213.0	19.479089026915116	5.129180111171415
3749288.0	19.68281573498965	5.478472834310061
3761363.0	18.008281573498966	5.047894832108218
3773438.0	18.9175983436853	6.8042247258657484
3785513.0	18.645879917184264	6.389594283980135
3797588.0	20.000082815734988	0.05827044820980982
3809663.0	19.645465838509317	5.362178723478534
3821738.0	17.90153209109731	7.840384914707061
3833813.0	15.107246376811593	8.473683533705966
3845888.0	18.785093167701863	6.716501110218107
3857963.0	17.786335403726707	7.751016763597226
3870038.0	20.0	0.0
3882113.0	18.868737060041408	6.741558635541112
3894188.0	18.99461697722567	7.109344155906519
3906263.0	16.622774327122155	8.274043326008302
3918338.0	19.989233954451347	6.213489632738518
3930413.0	18.874534161490683	6.9552845690778895
3942488.0	18.551552795031057	6.662586743285315
3954563.0	14.788654244306418	9.478610550656382
3966638.0	19.938716356107662	6.058698382239911
3978713.0	18.539958592132503	6.642544350257255
3990788.0	19.095652173913045	3.952041692640993
4002863.0	15.985093167701864	9.589957652913755
4014938.0	16.03312629399586	7.87174626331124
4027013.0	14.683809523809524	9.077695460050663
4039088.0	19.309482401656314	4.529388735672902
4051163.0	18.83312629399586	6.678478149501931
4063238.0	16.467080745341615	7.763822242800604
4075313.0	17.29192546583851	6.808209634441423
4087388.0	20.0	0.0
4099463.0	13.013664596273292	9.002622116302788
4111538.0	20.0	0.0
4123613.0	19.520828157349897	5.175183656636464
4135688.0	14.485548654244306	9.540815665396568
4147763.0	19.677846790890268	5.467880994250676
4159838.0	19.999917184265012	6.244739400994683
4171913.0	14.441407867494824	9.423946415676854
4183988.0	15.369772256728778	9.003817915753373
4196063.0	18.530848861283644	6.628628542625363
4208138.0	14.302277432712215	8.91907950945983
4220213.0	9.833209109730848	10.452427972370742
4232288.0	15.958095238095238	9.552804104166901
4244363.0	18.82815734989648	6.970865130134555
4256438.0	20.0	0.0
4268513.0	18.857142857142858	6.71663674093894
4280588.0	17.749068322981365	7.6148759283212675
4292663.0	19.575652173913042	5.109711453567252
4304738.0	18.563975155279504	6.043280751051106
4316813.0	19.447619047619046	5.029066651692295
4328888.0	17.46335403726708	7.2349222095943775
4340963.0	19.671221532091096	5.458027309550701
4353038.0	16.747494824016563	8.445161060726722
4365113.0	15.235942028985507	7.79822669230085
4377188.0	19.107246376811595	3.9728999166115413
4389263.0	10.17888198757764	10.047464993471293
4401338.0	20.0	0.0
4413413.0	15.103105590062112	8.112730583196262
4425488.0	18.645134575569358	6.177673015977745
4437563.0	16.284057971014494	7.848577299834026
4449638.0	18.942443064182196	6.845130956043356
4461713.0	19.335983436853002	4.512811301008418
4473788.0	18.523395445134575	6.616436024996979
4485863.0	18.859958592132504	6.709012510145114
4497938.0	19.19089026915114	4.172382828541614
4510013.0	19.648033126293996	5.4084283584502275
4522088.0	15.35983436853002	8.613894116057505
4534163.0	20.0	0.0
4546238.0	16.496728778467908	7.630178721969265
4558313.0	18.154865424430643	5.68700527391238
4570388.0	17.662857142857142	7.9308449913885415
4582463.0	19.36728778467909	4.59391081358215
4594538.0	18.886128364389233	6.95939123012896
4606613.0	14.742608695652175	8.969490500266364
4618688.0	19.6631884057971	5.429129316435148
4630763.0	19.140372670807455	4.064215396714382
4642838.0	19.359006211180123	4.562961879964856
4651302.0	19.06552647846693	3.4780522294729432
4657339.5	12.294378288562726	9.751069500878685
4666988.0	12.854658385093167	9.434187423384406
4679063.0	20.0	0.0
4691138.0	20.0	0.0
4703213.0	17.260455486542444	6.945782341791637
4715288.0	15.416231884057972	8.436851040912268
4722679.5	13.903249630723781	9.373270396828056
4728717.0	15.640012810931996	9.279332436240287
4739438.0	20.0	0.0
4751513.0	20.0	0.0
4763588.0	18.526708074534163	6.622566352492644
4775663.0	17.767287784679088	7.53863753609504
4787738.0	16.998592132505177	8.947956265262574
4799813.0	16.419047619047618	7.9401279252905805
4811888.0	19.82608695652174	5.846065371791779
4819084.5	19.671268334771355	5.317933259277465
4825049.5	8.681647940074907	9.412783827103452
