#Position (bp)	Coverage	Std
6038.0	19.685714285714287	5.52921845551236
18113.0	9.378302277432713	10.083945791847517
30188.0	19.17184265010352	4.436298608256089
42263.0	17.12215320910973	7.1196517466649185
54338.0	20.0	0.0
66413.0	20.0	0.0
78488.0	20.0	0.0
90563.0	20.0	0.0
102638.0	15.01863354037267	8.019825331245395
114713.0	19.99966873706004	6.243963544523754
126788.0	17.9672049689441	8.407711140688578
138863.0	23.258716356107662	10.360487929867372
150938.0	20.0	0.0
163013.0	20.0	0.0
175088.0	20.0	0.0
187163.0	16.382111801242235	8.301033885069776
199238.0	20.0	0.0
211313.0	20.0	0.0
223388.0	19.151138716356108	4.389664125957291
235463.0	20.0	0.0
247538.0	17.10144927536232	7.091504846912878
259613.0	20.0	0.0
271688.0	20.0	0.0
283763.0	20.0	0.0
295838.0	18.44952380952381	6.500683193909517
307913.0	18.774824016563148	6.4720197262890125
319988.0	20.24215320910973	3.764165790633949
332063.0	20.0	0.0
344138.0	19.447784679089025	5.023629465045208
356213.0	20.0	0.0
368288.0	18.450351966873708	6.502504693407355
380363.0	19.738302277432712	5.581847242046343
392438.0	20.0	0.0
404513.0	17.11055900621118	7.103348290476669
416588.0	20.0	0.0
428663.0	19.99461697722567	6.19821653371014
440738.0	20.0	0.0
452813.0	19.946004140786748	6.077545816116725
464888.0	20.0	0.0
476963.0	19.927701863354038	6.021589865928895
489038.0	20.0	0.0
501113.0	20.0	0.0
513188.0	19.17184265010352	4.43779177736104
525263.0	19.151138716356108	4.389664125957291
537338.0	20.0	0.0
549413.0	20.00016563146998	0.08240685814387208
561488.0	20.0	0.0
573563.0	15.512049689440994	8.931610414492635
585638.0	19.045879917184266	3.8889129448136974
597713.0	20.0	0.0
609788.0	16.8944099378882	8.89636676486007
621863.0	20.0	0.0
633938.0	19.17184265010352	4.43779177736104
646013.0	20.0	0.0
658088.0	18.88198757763975	6.937759377204102
670163.0	20.0	0.0
682238.0	20.0	0.0
694313.0	16.196273291925465	8.072907942625354
706388.0	20.0	0.0
718463.0	20.0	0.0
730538.0	20.0	0.0
742613.0	20.0	0.0
754688.0	17.99585921325052	8.255470612330706
766763.0	19.928612836438923	6.022139966179524
778838.0	19.730931677018635	5.520899497630794
790913.0	18.61407867494824	7.052873370075996
802988.0	19.725217391304348	5.361197913170355
815063.0	17.555859213250518	7.292300031646588
827138.0	21.28712215320911	7.882821955846627
839213.0	19.9879917184265	6.192428422860995
851288.0	19.418302277432712	4.888665218548681
863363.0	17.07536231884058	6.9790932986471494
875438.0	20.0	0.0
887513.0	19.998674948240165	6.219857334280197
899588.0	20.0	0.0
911663.0	16.60289855072464	8.399940845695292
923738.0	20.0	0.0
935813.0	19.706915113871634	5.510088620390316
947888.0	20.00033126293996	0.11654089641961964
959963.0	19.875776397515526	5.891362945015055
972038.0	20.0	0.0
984113.0	21.283643892339544	5.779703188235481
996188.0	20.0	0.0
1008263.0	18.50351966873706	6.685852310514525
1020338.0	17.092339544513457	7.174748680862651
1032413.0	20.0	0.0
1044488.0	20.000082815734988	0.059674756845497744
1056563.0	20.0	0.0
1068638.0	14.91792960662526	9.253646810639914
1080713.0	16.086128364389236	12.614317016343765
1092788.0	19.998343685300206	6.228938010372235
1104863.0	17.96273291925466	8.21665732259389
1116938.0	20.0	0.0
1129013.0	20.89855072463768	7.948175826238577
1141088.0	18.19710144927536	6.210656706724216
1153163.0	18.549896480331263	6.754861756534805
1165238.0	18.837846790890268	7.078968939205485
1177313.0	19.17184265010352	4.43779177736104
1189388.0	20.0	0.0
1201463.0	19.970848861283645	6.12649947843083
1213538.0	16.26086956521739	8.23686607472279
1225613.0	14.815734989648034	9.94648205025191
1237688.0	16.951387163561076	8.834995351280208
1249763.0	19.17184265010352	4.43779177736104
1261838.0	20.0	0.0
1273913.0	16.696977225672878	8.751541715701086
1285988.0	19.628654244306418	5.334795348264776
1298063.0	19.942360248447205	6.06606144456808
1310138.0	19.02368530020704	3.7933580397045694
1322213.0	19.170186335403727	4.434057911802395
1334288.0	19.82616977225673	5.744497772511109
1346363.0	19.786004140786748	5.559935057785377
1358438.0	20.0	0.0
1370513.0	21.490683229813666	6.7666518781264
1382588.0	19.17184265010352	4.435365122300075
1394663.0	19.851511387163562	5.780283472169298
1406738.0	20.0	0.0
1418813.0	19.047619047619047	3.946064947695179
1430888.0	20.0	0.0
1442963.0	20.0	0.0
1455038.0	19.99734989648033	6.218472447950648
1467113.0	20.0	0.0
1479188.0	19.99718426501035	6.215548525935651
1491263.0	20.0	0.0
1503338.0	16.401325051759834	8.323271772690735
1515413.0	20.0	0.0
1527488.0	20.0	0.0
1539563.0	19.17184265010352	4.43779177736104
1551638.0	20.0	0.0
1563713.0	20.0	0.0
1575788.0	20.0	0.0
1587863.0	19.151138716356108	4.389664125957291
1599938.0	20.0	0.0
1612013.0	20.227080745341613	3.309187912113962
1624088.0	15.440165631469979	8.692134899420905
1636163.0	19.68256728778468	5.439400770796505
1648238.0	20.0	0.0
1660313.0	12.09151138716356	8.872349865312186
1672388.0	17.966790890269152	8.930126738242667
1684463.0	20.0	0.0
1696538.0	18.178053830227743	6.067801864077115
1708613.0	19.9296066252588	6.004229013416181
1720688.0	19.563975155279504	5.376353409462294
1732763.0	16.053830227743273	7.839032770859469
1744838.0	20.0	0.0
1756913.0	20.0	0.0
1768988.0	20.0	0.0
1781063.0	18.178053830227743	6.067801864077115
1793138.0	19.66873706004141	5.345449487904947
1805213.0	16.85631469979296	8.698777906122295
1817288.0	15.100124223602485	8.30143792578194
1829363.0	18.302111801242237	6.04144416667469
1841438.0	14.558426501035196	9.471530841439058
1853513.0	20.0	0.0
1865588.0	20.0	0.0
1877663.0	19.92712215320911	6.020785253807329
1889738.0	20.0	0.0
1901813.0	20.72463768115942	7.593840808145883
1913888.0	19.959006211180125	6.119175305400187
1925963.0	17.119337474120083	7.05915261279752
1938038.0	19.987080745341615	6.173958533643978
1950113.0	20.0	0.0
1962188.0	20.0	0.0
1974263.0	14.595942028985506	9.370452658371116
1986338.0	19.98583850931677	6.203638817304676
1998413.0	16.395859213250517	8.332510104265172
2010488.0	20.00016563146998	0.08240685814387208
2022563.0	20.0	0.0
2034638.0	19.02815734989648	3.818859162132984
2046713.0	19.461697722567287	5.0496909689591485
2058788.0	20.0	0.0
2070863.0	20.0	0.0
2082938.0	19.839254658385094	5.774764835271782
2095013.0	19.99983436853002	6.2418543191598825
2107088.0	20.0	0.0
2119163.0	19.8920082815735	5.9176893817644425
2131238.0	17.181614906832298	7.270206367161664
2143313.0	19.914948240165632	6.012106488631236
2155388.0	20.0	0.0
2167463.0	20.0	0.0
2179538.0	19.999751552795033	6.244235436823008
2191613.0	20.0	0.0
2203688.0	20.0	0.0
2215763.0	19.932753623188407	6.014096621941969
2227838.0	19.963809523809523	6.133868911713629
2239913.0	16.991801242236026	8.838125580015028
2251988.0	18.846128364389234	7.1476298754509475
2264063.0	19.30600414078675	4.873683928103656
2276138.0	20.0	0.0
2288213.0	18.913457556935818	7.273366713842861
2300288.0	15.09142857142857	8.367124862693808
2312363.0	19.901283643892338	5.9121869432000995
2324438.0	20.0	0.0481543412345424
2336513.0	19.606625258799173	5.32718330711246
2348588.0	20.0	0.0
2360663.0	17.099792960662526	7.0895192815798405
2372738.0	18.178053830227743	6.068484245278776
2384813.0	18.855486542443064	7.193222022444613
2396888.0	19.21879917184265	4.392445990622801
2408963.0	18.13664596273292	5.999861972187377
2421038.0	20.0	0.0
2433113.0	20.0	0.0
2445188.0	16.543022774327124	8.280111620455667
2457263.0	18.655072463768114	6.90899135118023
2469338.0	18.17904761904762	6.071908640136272
2481413.0	20.0	0.0
2493488.0	20.0	0.0
2505563.0	20.0	0.0
2517638.0	19.86567287784679	5.8423243339606215
2529713.0	20.0	0.0
2541788.0	19.96496894409938	6.137459229771018
2553863.0	10.286211180124223	10.178201039354427
2565938.0	14.49896480331263	9.48053688934044
2578013.0	19.761076604554866	5.553653228478945
2590088.0	20.0	0.0
2602163.0	19.062111801242235	3.9617634152203025
2614238.0	19.926128364389236	6.016781225431068
2626313.0	20.0	0.0
2638388.0	19.130600414078675	4.3452170225530615
2650463.0	19.170683229813665	4.407775925887841
2662538.0	16.401573498964805	8.325266488936029
2674613.0	20.0	0.0
2686688.0	19.154202898550725	4.366823918904486
2698763.0	17.119089026915113	7.136353146522674
2710838.0	20.0	0.0
2722913.0	20.0	0.0
2734988.0	20.0	0.0
2747063.0	15.112215320910973	8.634683779685004
2759138.0	18.65490683229814	6.618100532508184
2771213.0	19.22343685300207	4.282140677099234
2783288.0	19.503105590062113	4.896062557957015
2795363.0	20.70393374741201	6.308087418045665
2807438.0	20.0	0.0
2819513.0	20.0	0.0
2831588.0	16.381863354037268	8.301198496622717
2843663.0	19.999503105590062	6.236040310787285
2855738.0	20.0	0.0
2867813.0	20.0	0.0
2879888.0	19.904679089026914	6.0041255657692405
2891963.0	17.462608695652175	7.239310674892952
2904038.0	20.0	0.0
2916113.0	19.996687370600416	6.209516505984603
2928188.0	20.0	0.0
2940263.0	19.823105590062113	5.814175580523814
2952338.0	19.050766045548656	4.043131844730229
2964413.0	17.542857142857144	7.777469184452862
2976488.0	18.879171842650102	6.997402653294972
2988563.0	17.732339544513458	7.78982188832067
3000638.0	20.0	0.0
3012713.0	20.0	0.0
3024788.0	19.96703933747412	6.143818115406467
3036863.0	20.0	0.0
3048938.0	16.76935817805383	8.75562877220633
3061013.0	19.806045548654243	5.631007029442556
3073088.0	20.0	0.0
3085163.0	19.863850931677018	5.861768612197171
3097238.0	18.44927536231884	6.49978499405512
3109313.0	19.999917184265012	6.2423452088140845
3121388.0	17.788819875776397	8.002199490600733
3133463.0	18.182194616977224	6.07509936528915
3145538.0	17.12215320910973	7.1206985490250165
3157613.0	19.11751552795031	4.171628515585934
3169688.0	20.0	0.0
3181763.0	20.0	0.0
3193838.0	18.066749482401658	5.723830537746964
3205913.0	19.17184265010352	4.438538173544575
3217988.0	19.942525879917184	6.066184314089473
3230063.0	19.613416149068325	5.164771575242284
3242138.0	18.450683229813663	6.503039582343307
3254213.0	19.212422360248446	4.61238767698637
3266288.0	19.85126293995859	5.818148233010536
3278363.0	15.894824016563147	9.34977109140634
3290438.0	18.16728778467909	6.048184711322682
3302513.0	19.84679089026915	5.760715103988114
3314588.0	20.0	0.0
3326663.0	19.91561076604555	5.985254482604067
3338738.0	19.130434782608695	4.344244901949699
3350813.0	19.17184265010352	4.438538173544575
3362888.0	20.0	0.0
3374963.0	20.0	6.2423452088140845
3387038.0	19.999006211180124	6.226165318682868
3399113.0	20.0	0.0
3411188.0	20.0	0.0
3423263.0	18.348654244306417	6.123639832919031
3435338.0	20.0	0.0
3447413.0	19.917184265010352	5.994538577207023
3459488.0	19.081656314699792	3.9033457008642602
3471563.0	19.999751552795033	6.238947992225086
3483638.0	16.38534161490683	8.302729726479905
3495713.0	20.0	0.0
3507788.0	20.0	0.0
3519863.0	20.0	0.0
3531938.0	20.0	0.0
3544013.0	18.322981366459626	6.078506409113302
3556088.0	18.4472049689441	6.496949435456128
3568163.0	19.999171842650103	6.242411542293092
3580238.0	16.40248447204969	8.327260727365996
3592313.0	20.0	0.0
3604388.0	20.0	0.0
3616463.0	20.0	0.0
3628538.0	17.119503105590063	7.0944996628260215
3640613.0	20.0	0.0
3652688.0	11.079006211180124	10.049245205115984
3664763.0	15.23768115942029	8.617090245925143
3676838.0	17.380703933747412	7.11233146015931
3688913.0	20.0	0.0
3700988.0	20.0	0.0
3713063.0	19.17184265010352	4.437045255619336
3725138.0	20.0	0.0
3737213.0	20.0	0.0
3749288.0	20.687370600414077	6.210790049863084
3761363.0	19.89614906832298	5.882669215708911
3773438.0	19.869565217391305	5.815450257522847
3785513.0	19.928447204968943	6.024209268318008
3797588.0	20.000082815734988	0.05827044820980982
3809663.0	20.0	0.0
3821738.0	19.13623188405797	4.280786677185554
3833813.0	16.095238095238095	7.904324366149217
3845888.0	20.0	0.0
3857963.0	20.0	0.0
3870038.0	18.52902691511387	6.620990524683622
3882113.0	19.993954451345754	6.19852383415336
3894188.0	20.0	0.0
3906263.0	17.007204968944098	6.624498105915612
3918338.0	20.0	0.0
3930413.0	20.0	0.0
3942488.0	19.17184265010352	4.435365122300075
3954563.0	17.11130434782609	7.105044427355808
3966638.0	19.99718426501035	6.2160281700761395
3978713.0	19.17184265010352	4.43779177736104
3990788.0	20.0	0.0
4002863.0	16.336894409937887	8.246622999159666
4014938.0	19.161076604554864	5.443426335420657
4027013.0	18.707246376811593	7.257591156822345
4039088.0	19.96472049689441	6.1206435472679015
4051163.0	20.0	0.0
4063238.0	19.17184265010352	4.437605158699167
4075313.0	19.58625258799172	5.122329633044445
4087388.0	20.0	0.0
4099463.0	18.14857142857143	6.9640068426407975
4111538.0	20.000082815734988	0.05827044820980982
4123613.0	19.961242236024844	6.123078563705393
4135688.0	14.789233954451346	9.850896691746897
4147763.0	19.890269151138718	5.911871763094259
4159838.0	20.000082815734988	0.06238861710686285
4171913.0	15.714285714285714	9.375908513604779
4183988.0	16.184679089026915	8.998449371825597
4196063.0	19.151138716356108	4.389664125957291
4208138.0	15.975155279503106	9.436833697154109
4220213.0	10.379296066252587	10.239088015807127
4232288.0	16.798343685300207	8.708911216424783
4244363.0	19.495652173913044	5.248326165191328
4256438.0	20.0	0.0
4268513.0	19.55089026915114	5.210564201318918
4280588.0	19.166045548654246	4.384302886576411
4292663.0	19.98873706004141	6.208876301516742
4304738.0	20.0	0.0
4316813.0	20.0	0.0
4328888.0	19.17184265010352	4.438538173544575
4340963.0	20.00016563146998	0.08240685814387208
4353038.0	18.178053830227743	6.068347775177104
4365113.0	19.29606625258799	5.049231743624784
4377188.0	20.0	0.0
4389263.0	10.801325051759834	10.643689019415635
4401338.0	20.0	0.0
4413413.0	17.66790890269151	7.84901518265025
4425488.0	19.63494824016563	5.380518496954198
4437563.0	23.99097308488613	16.415919153562943
4449638.0	20.0	0.0
4461713.0	20.0	0.0
4473788.0	19.17184265010352	4.436858605558026
4485863.0	19.998592132505177	6.22625177615909
4497938.0	20.0	0.0
4510013.0	20.0	0.0
4522088.0	17.118840579710145	7.1152302165985235
4534163.0	20.0	0.0
4546238.0	19.944265010351966	6.071922279281203
4558313.0	19.56687370600414	5.381087962527231
4570388.0	17.989979296066252	8.329682015807808
4582463.0	20.0	0.0
4594538.0	20.0	0.0
4606613.0	17.53383022774327	7.656778212015267
4618688.0	20.0	0.0
4630763.0	20.0	0.0
4642838.0	20.0	0.0
4651302.0	19.885637749845458	5.928727034094002
4657339.5	13.56923289947383	9.776631608901544
4666988.0	18.89855072463768	6.977182569243466
4679063.0	19.379710144927536	4.890138807532547
4691138.0	20.0	0.0
4703213.0	18.613664596273292	6.443280159456867
4715288.0	19.234202898550723	7.139131947859213
4722679.5	17.58714918759232	7.06244567043586
4728717.0	16.038219280452655	7.937301008804338
4739438.0	20.0	0.0
4751513.0	19.123643892339544	4.004324784183427
4763588.0	19.17184265010352	4.438351586266303
4775663.0	13.64968944099379	9.999565207939098
4787738.0	16.954202898550726	8.765941999034377
4799813.0	17.76033126293996	7.935834809273869
4811888.0	5.520165631469979	8.94629016187467
4819084.5	19.499568593615187	4.858391599978362
4825049.5	15.210153974198919	8.551440390409574
