#Position (bp)	Coverage	Std
6038.0	19.686873706004143	5.530311729558015
18113.0	9.373830227743271	10.097479340256909
30188.0	19.167701863354036	4.427235489408139
42263.0	17.134575569358176	7.137368491643628
54338.0	20.0	0.0
66413.0	20.0	0.0
78488.0	20.0	0.0
90563.0	20.0	0.0
102638.0	15.202981366459626	8.416945345200917
114713.0	19.98633540372671	6.167274884671964
126788.0	17.813913043478262	7.985452611852948
138863.0	19.27047619047619	4.396930983128275
150938.0	20.0	0.0
163013.0	20.0	0.0
175088.0	19.965051759834367	6.135077166804841
187163.0	16.36223602484472	8.253770077782297
199238.0	20.0	0.0
211313.0	20.0	0.0
223388.0	19.17184265010352	4.436111926779475
235463.0	20.0	0.0
247538.0	17.109730848861282	7.101890804713235
259613.0	20.0	0.0
271688.0	20.000082815734988	0.05827044820980982
283763.0	20.0	0.0
295838.0	18.448861283643893	6.498861183882188
307913.0	18.751884057971015	6.4662141524881855
319988.0	20.06616977225673	2.97519072235185
332063.0	20.0	0.0
344138.0	20.0	0.0
356213.0	20.0	0.0
368288.0	18.450683229813663	6.502058919014453
380363.0	19.28513457556936	4.39320951640967
392438.0	20.0	0.0
404513.0	17.10310559006211	7.092555803522941
416588.0	20.0	0.0
428663.0	19.99718426501035	6.2198173899552085
440738.0	20.0	0.0
452813.0	20.001987577639753	0.2854657303947147
464888.0	19.999751552795033	6.236279349437738
476963.0	19.878757763975155	5.818859891317424
489038.0	20.0	0.0
501113.0	20.0	0.0
513188.0	19.151138716356108	4.389664125957291
525263.0	19.17184265010352	4.436111926779475
537338.0	20.0	0.0
549413.0	20.000082815734988	0.05827044820980982
561488.0	20.0	0.0
573563.0	15.533333333333333	8.953849930137794
585638.0	19.041242236024846	3.8776099872538095
597713.0	20.0	0.0
609788.0	16.91511387163561	8.919005227283277
621863.0	20.136314699792962	2.5034965196733507
633938.0	19.17184265010352	4.436111926779475
646013.0	20.0	0.0
658088.0	18.86128364389234	6.908152233975788
670163.0	20.0	0.0
682238.0	20.0	0.0
694313.0	16.21648033126294	8.098738495431945
706388.0	20.0	0.0
718463.0	19.900289855072465	5.892965241495502
730538.0	20.0	0.0
742613.0	20.000082815734988	0.05827044820980982
754688.0	18.65830227743271	6.979354351482742
766763.0	19.928198757763976	6.023473750656239
778838.0	19.730683229813664	5.520201934674665
790913.0	17.722401656314698	7.819988191865187
802988.0	0.0	0.0
815063.0	15.658136645962733	9.073753471986848
827138.0	20.746997929606625	7.681711765757285
839213.0	19.98360248447205	6.124613479163494
851288.0	19.404057971014492	4.755382697141554
863363.0	16.968364389233955	8.870744248351924
875438.0	19.999751552795033	6.241827783484173
887513.0	20.0	0.0
899588.0	20.0	0.0
911663.0	16.60455486542443	8.4019124314156
923738.0	20.0	0.0
935813.0	19.972670807453415	6.1273510297535525
947888.0	20.00033126293996	6.243466149921645
959963.0	19.854658385093167	5.838261745334764
972038.0	20.0	0.0
984113.0	20.0	0.0
996188.0	20.0	0.0
1008263.0	18.5007867494824	6.681434988007053
1020338.0	17.05863354037267	7.106594493863221
1032413.0	19.996687370600416	6.234645735999452
1044488.0	19.99966873706004	6.241575688938278
1056563.0	20.0	0.0
1068638.0	14.982360248447206	9.270322647436693
1080713.0	15.25879917184265	12.245436890437237
1092788.0	19.997267080745342	6.211890021543487
1104863.0	17.985093167701862	8.243072252845506
1116938.0	20.0	0.0
1129013.0	19.229896480331263	3.986644370060279
1141088.0	18.18550724637681	6.19155907075981
1153163.0	18.54824016563147	6.752041329242677
1165238.0	20.0	0.0
1177313.0	18.775983436853004	6.783392214658402
1189388.0	20.0	0.0
1201463.0	19.99296066252588	6.1907230401492175
1213538.0	16.2824016563147	8.26276539213512
1225613.0	14.814906832298137	9.946024102380537
1237688.0	17.10136645962733	7.090576372335712
1249763.0	19.17184265010352	4.437045255619336
1261838.0	20.0	0.0
1273913.0	16.69399585921325	8.747623161355596
1285988.0	19.655155279503106	5.409760368664844
1298063.0	19.961739130434783	6.124579674596143
1310138.0	19.061863354037268	3.9536758586195506
1322213.0	19.170186335403727	4.433310761318025
1334288.0	19.909482401656316	5.968918806486358
1346363.0	19.835942028985507	5.731291465573359
1358438.0	19.64273291925466	5.397146704193231
1370513.0	20.0	0.0
1382588.0	19.17184265010352	4.436111926779475
1394663.0	19.8688198757764	5.81705210893759
1406738.0	20.0	0.0
1418813.0	19.0679917184265	4.032897842786493
1430888.0	20.0	0.0
1442963.0	20.0	0.0
1455038.0	19.99734989648033	6.217779889114955
1467113.0	20.0	0.0
1479188.0	20.0	0.0
1491263.0	19.999917184265012	6.242093135165042
1503338.0	16.382111801242235	8.3007345829738
1515413.0	20.0	0.0
1527488.0	20.0	0.0
1539563.0	19.17184265010352	4.437045255619336
1551638.0	19.624513457556937	5.3333048653484525
1563713.0	20.0	0.0
1575788.0	19.940786749482402	6.040093783978413
1587863.0	19.17184265010352	4.436111926779475
1599938.0	20.0	0.0
1612013.0	20.251180124223602	3.534872120879775
1624088.0	15.403726708074535	8.649728630600084
1636163.0	19.662360248447204	5.396893516397115
1648238.0	20.0	0.0
1660313.0	8.222443064182194	9.649630164873708
1672388.0	17.584347826086958	7.809183954631052
1684463.0	20.0	0.0
1696538.0	18.178053830227743	6.066573384489766
1708613.0	19.951966873706006	6.0678701056505515
1720688.0	19.196107660455485	4.337825351310021
1732763.0	16.08422360248447	7.891369083000792
1744838.0	20.0	0.0
1756913.0	20.0	0.0
1768988.0	20.0	0.0
1781063.0	18.178053830227743	6.067255903857902
1793138.0	20.0	0.0
1805213.0	18.166459627329193	6.047431568147634
1817288.0	16.60182194616977	8.346680822059843
1829363.0	18.302277432712216	6.044692074657956
1841438.0	14.558674948240165	9.469121659919255
1853513.0	20.0	0.0
1865588.0	20.0	0.0
1877663.0	19.946997929606624	6.08044756988361
1889738.0	20.0	0.0
1901813.0	19.316770186335404	5.048952907865006
1913888.0	19.979958592132505	6.182155580301067
1925963.0	16.876770186335403	8.674385796360417
1938038.0	20.01639751552795	0.8249725511463467
1950113.0	20.0	0.0
1962188.0	19.923229813664598	5.990496268979244
1974263.0	15.295320910973086	8.683646370374273
1986338.0	19.99055900621118	6.216927403099034
1998413.0	16.391635610766045	8.319808486408663
2010488.0	19.96008281573499	6.11926327451061
2022563.0	20.0	0.0
2034638.0	19.154202898550725	4.358832445719277
2046713.0	19.461697722567287	5.048214738864565
2058788.0	20.0	0.0
2070863.0	20.0	0.0
2082938.0	19.83751552795031	5.767439122978855
2095013.0	19.999917184265012	6.242093135165042
2107088.0	20.0	0.0
2119163.0	19.96182194616977	6.124897430163276
2131238.0	17.186086956521738	7.256626870686728
2143313.0	19.925962732919256	6.052448471914156
2155388.0	20.0	0.0
2167463.0	20.0	0.0
2179538.0	20.0	0.0
2191613.0	19.62128364389234	5.3551623668340165
2203688.0	20.0	0.0
2215763.0	20.0	0.0
2227838.0	20.000910973084885	0.19368925615606705
2239913.0	16.996687370600416	8.842027441450423
2251988.0	18.873706004140786	7.217703103843914
2264063.0	19.17233954451346	4.366055778867492
2276138.0	20.0	0.0
2288213.0	18.913788819875776	7.273958770193585
2300288.0	15.090766045548655	8.36395698204597
2312363.0	19.993871635610766	6.208983006845492
2324438.0	19.996935817805383	6.215881616071076
2336513.0	19.66873706004141	5.4197323702193385
2348588.0	20.0	0.0
2360663.0	17.12215320910973	7.1196517466649185
2372738.0	18.178053830227743	6.066573384489766
2384813.0	19.24265010351967	4.703040732601108
2396888.0	19.90865424430642	6.01305687667017
2408963.0	18.178053830227743	6.067255903857902
2421038.0	20.0	0.0
2433113.0	20.0	0.0
2445188.0	16.594037267080747	8.40448958203742
2457263.0	18.64430641821946	6.892850438212126
2469338.0	18.13813664596273	5.937772550135519
2481413.0	19.94873706004141	6.0856958173885545
2493488.0	20.0	0.0
2505563.0	19.999337474120082	6.238138226267568
2517638.0	19.79022774327122	5.602912581826164
2529713.0	20.0	0.0
2541788.0	20.0	0.0
2553863.0	10.31287784679089	10.194794270986701
2565938.0	14.466335403726708	9.44503111887086
2578013.0	19.72977225672878	5.453845491194444
2590088.0	20.0	0.0
2602163.0	17.008033126293995	6.6202962910557455
2614238.0	19.92687370600414	6.019155068883937
2626313.0	20.0	0.0
2638388.0	19.151221532091096	4.390050863469688
2650463.0	19.16968944099379	4.404138840158819
2662538.0	14.638012422360248	9.625638641391978
2674613.0	18.521987577639752	6.713559715826697
2686688.0	18.86790890269151	7.017517271389099
2698763.0	16.660041407867496	8.70848328696911
2710838.0	20.0	0.0
2722913.0	20.0	0.0
2734988.0	20.0	0.0
2747063.0	18.169772256728777	6.0535908957344695
2759138.0	20.000082815734988	0.05827044820980982
2771213.0	19.133167701863353	4.270714953164182
2783288.0	19.523809523809526	4.908732236933793
2795363.0	19.500372670807455	4.885640429018118
2807438.0	19.726211180124224	5.459544418612158
2819513.0	20.0	0.0
2831588.0	17.12215320910973	7.1196517466649185
2843663.0	20.0	0.0
2855738.0	19.895569358178054	5.93119974666025
2867813.0	20.0	0.0
2879888.0	19.910476190476192	6.017145963715209
2891963.0	17.16496894409938	6.658657715132068
2904038.0	20.0	0.0
2916113.0	19.995610766045548	6.208322738190413
2928188.0	20.0	0.0
2940263.0	19.836438923395445	5.838063151975974
2952338.0	19.078095238095237	4.114499936911998
2964413.0	17.554451345755695	7.791937224739796
2976488.0	18.88190476190476	6.9972487938639025
2988563.0	17.930848861283643	8.096999930066373
3000638.0	20.0	0.0
3012713.0	20.0	0.0
3024788.0	19.946004140786748	6.077041614355516
3036863.0	20.0	0.0
3048938.0	16.75370600414079	8.736970778541792
3061013.0	19.327867494824016	4.337185737805518
3073088.0	20.0	0.0
3085163.0	19.80049689440994	5.6816292533994925
3097238.0	18.428985507246377	6.467309097029594
3109313.0	20.0	6.2423452088140845
3121388.0	17.798757763975154	8.014092143084381
3133463.0	18.178053830227743	6.067255903857902
3145538.0	17.12215320910973	7.1196517466649185
3157613.0	19.158592132505177	4.4061410185045435
3169688.0	20.0	0.0
3181763.0	20.0	0.0
3193838.0	18.085465838509318	5.77576861600169
3205913.0	19.067412008281572	3.9226475193517696
3217988.0	19.942028985507246	6.064586816141526
3230063.0	19.606625258799173	5.329048485796985
3242138.0	18.437018633540372	6.461653090543153
3254213.0	19.227329192546584	4.639152846203152
3266288.0	19.944513457556937	6.096362150494285
3278363.0	15.91055900621118	9.364595675944214
3290438.0	18.178053830227743	6.066573384489766
3302513.0	19.946997929606624	6.080515669534404
3314588.0	20.0	0.0
3326663.0	19.89648033126294	5.918906787316036
3338738.0	19.151138716356108	4.389664125957291
3350813.0	19.167701863354036	4.427235489408139
3362888.0	20.0	0.0
3374963.0	19.999917184265012	6.242093135165042
3387038.0	19.999006211180124	6.226830345293529
3399113.0	20.0	0.0
3411188.0	20.0	0.0
3423263.0	18.33623188405797	6.10094518014195
3435338.0	19.95006211180124	6.056032360408136
3447413.0	19.937888198757765	6.0545142544338635
3459488.0	19.61672877846791	5.269286766040951
3471563.0	19.999917184265012	6.242093135165042
3483638.0	16.38567287784679	8.302744688244848
3495713.0	20.0	0.0
3507788.0	20.0	0.0
3519863.0	20.0	0.0
3531938.0	20.0	0.0
3544013.0	18.32049689440994	6.07475855581003
3556088.0	18.44712215320911	6.496305686899265
3568163.0	19.998757763975156	6.241117912283907
3580238.0	16.383022774327124	8.303133684670339
3592313.0	20.0	0.0
3604388.0	20.000579710144926	0.1547053567656985
3616463.0	20.00016563146998	0.08240685814387208
3628538.0	16.377308488612837	8.27568965932593
3640613.0	20.0	0.0
3652688.0	11.075859213250517	10.037288655861033
3664763.0	15.257556935817805	8.641275114863896
3676838.0	18.083146997929607	5.438281606564536
3688913.0	20.0	0.0
3700988.0	20.0	0.0
3713063.0	19.124886128364388	4.229737962310862
3725138.0	20.0	0.0
3737213.0	20.0	0.0
3749288.0	19.793871635610767	5.665777545640788
3761363.0	19.926128364389236	6.0164921718415165
3773438.0	19.82873706004141	5.750974352589375
3785513.0	19.92894409937888	6.026202276030537
3797588.0	19.999917184265012	6.244739400994683
3809663.0	20.0	0.0
3821738.0	19.1151966873706	4.226819624822751
3833813.0	16.06848861283644	7.797631959909021
3845888.0	19.83792960662526	5.86797463303957
3857963.0	19.482650103519667	5.219536481010989
3870038.0	19.9272049689441	6.020131857163906
3882113.0	20.0	0.0
3894188.0	20.0	0.0
3906263.0	17.865590062111803	7.98311883510472
3918338.0	20.0	0.0
3930413.0	20.0	0.0
3942488.0	19.17184265010352	4.437045255619336
3954563.0	16.869648033126293	8.721259809844415
3966638.0	19.99701863354037	6.215028869678056
3978713.0	19.17184265010352	4.436111926779475
3990788.0	20.0	0.0
4002863.0	16.318012422360248	8.222576606243852
4014938.0	18.488612836438925	6.0878999564642315
4027013.0	18.4472049689441	6.011031955994199
4039088.0	19.98608695652174	6.20153590806726
4051163.0	20.0	0.0
4063238.0	19.17184265010352	4.437045255619336
4075313.0	19.855072463768117	5.839644618926935
4087388.0	20.0	0.0
4099463.0	18.015486542443064	5.007547099160483
4111538.0	20.000082815734988	0.05827044820980982
4123613.0	19.944347826086958	6.072133682110115
4135688.0	14.789399585921325	9.851241369580745
4147763.0	19.889689440993788	5.910337646641561
4159838.0	20.000082815734988	0.05827044820980982
4171913.0	15.72	9.380111994810973
4183988.0	15.961159420289855	9.92492731432412
4196063.0	19.17184265010352	4.436111926779475
4208138.0	17.10144927536232	7.090220132837279
4220213.0	10.869813664596274	10.707328037657394
4232288.0	16.79006211180124	8.699015912549584
4244363.0	19.483229813664597	5.223572942509206
4256438.0	20.000082815734988	0.05827044820980982
4268513.0	19.94103519668737	6.032877486411069
4280588.0	19.17184265010352	4.437045255619336
4292663.0	19.927287784679088	6.015810776284962
4304738.0	20.0	0.0
4316813.0	20.0	0.0
4328888.0	19.17184265010352	4.437045255619336
4340963.0	20.000082815734988	0.05827044820980982
4353038.0	18.178053830227743	6.067255903857902
4365113.0	18.923395445134574	6.997781369789918
4377188.0	20.0	0.0
4389263.0	10.78807453416149	10.630765151289127
4401338.0	20.0	0.0
4413413.0	17.664596273291924	7.844899174889514
4425488.0	19.63569358178054	5.382972925394288
4437563.0	22.20190476190476	9.511279127531795
4449638.0	20.0	0.0
4461713.0	20.0	0.0
4473788.0	19.151138716356108	4.389664125957291
4485863.0	19.998757763975156	6.226770495807071
4497938.0	19.998840579710144	6.239027635658404
4510013.0	19.999006211180124	6.224083326122618
4522088.0	17.12215320910973	7.1196517466649185
4534163.0	20.0	0.0
4546238.0	19.650517598343686	5.410188991850123
4558313.0	19.558260869565217	5.343187067015929
4570388.0	17.996770186335404	8.335272652189332
4582463.0	20.0	0.0
4594538.0	20.0	0.0
4606613.0	17.539544513457557	7.683571245244318
4618688.0	19.643892339544514	5.403204324956227
4630763.0	20.0	0.0
4642838.0	20.0	0.0
4651302.0	19.88852256336287	5.935917140734788
4657339.5	14.270839102741624	9.334264634207852
4666988.0	18.61134575569358	6.402872026390612
4679063.0	19.999171842650103	6.216640994845946
4691138.0	19.64190476190476	5.373510675268608
4703213.0	19.37888198757764	4.741334036661516
4715288.0	19.735320910973083	7.963670096624261
4722679.5	17.60709010339734	7.087030199300002
4728717.0	16.037151702786378	7.935485032899814
4739438.0	19.59561076604555	5.165276644646923
4751513.0	19.42335403726708	4.533546457053337
4763588.0	19.151304347826088	4.390437566915799
4775663.0	19.14368530020704	4.527669705340988
4787738.0	17.6	7.850228465243656
4799813.0	17.798757763975154	8.012128487396511
4811888.0	20.0	0.0
4819084.5	19.72389991371872	5.460739156116826
4825049.5	15.647315855181024	9.045947814822819
