#Position (bp)	Coverage	Std
6038.0	19.483809523809523	5.152562730478047
18113.0	8.953374741200829	10.537614770514237
30188.0	18.73706004140787	6.9357894996486795
42263.0	16.676604554865424	8.651667224049568
54338.0	20.0	0.0
66413.0	20.0	0.0
78488.0	20.0	0.0
90563.0	20.0	0.0
102638.0	14.718178053830227	9.497442175001373
114713.0	19.98583850931677	6.1666302947839
126788.0	17.501780538302278	7.617398631078849
138863.0	19.286625258799173	4.430059190421932
150938.0	20.0	0.0
163013.0	20.0	0.0
175088.0	19.92513457556936	6.0146749454806745
187163.0	16.36173913043478	8.253459027663798
199238.0	20.0	0.0
211313.0	20.0	0.0
223388.0	18.723809523809525	6.913424993053412
235463.0	20.0	0.0
247538.0	16.671635610766046	8.6447724722695
259613.0	20.0	0.0
271688.0	20.000082815734988	0.05827044820980982
283763.0	20.0	0.0
295838.0	18.428985507246377	6.467309097029594
307913.0	18.057142857142857	5.438136935875495
319988.0	20.185258799171844	3.88696393253609
332063.0	20.0	0.0
344138.0	20.0	0.0
356213.0	20.0	0.0
368288.0	18.45101449275362	6.502593844618818
380363.0	19.121242236024845	3.69987969140199
392438.0	20.0	0.0
404513.0	16.685714285714287	8.664627885692237
416588.0	20.0	0.0
428663.0	19.99768115942029	6.221614630691654
440738.0	20.0	0.0
452813.0	20.00207039337474	0.29220373504517616
464888.0	20.0	0.0
476963.0	19.856894409937887	5.756710010494498
489038.0	20.0	0.0
501113.0	20.0	0.0
513188.0	18.731262939958594	6.9261708504846675
525263.0	18.72712215320911	6.918574034197125
537338.0	20.0	0.0
549413.0	20.000082815734988	0.05827044820980982
561488.0	20.0	0.0
573563.0	15.112215320910973	8.474758527008147
585638.0	18.603975155279503	6.601668651599172
597713.0	20.0	0.0
609788.0	16.45465838509317	8.389434348968479
621863.0	20.0	0.0
633938.0	18.714699792960662	6.898254947814827
646013.0	20.0	0.0
658088.0	18.5648033126294	6.478951427060007
670163.0	20.0	0.0
682238.0	20.0	0.0
694313.0	16.21639751552795	8.099132177522819
706388.0	20.0	0.0
718463.0	19.796107660455487	5.570574866907912
730538.0	20.0	0.0
742613.0	20.000082815734988	0.05827044820980982
754688.0	17.56438923395445	7.721310351253385
766763.0	19.92910973084886	6.026339700542562
778838.0	19.730434782608697	5.520269444619602
790913.0	17.683809523809522	7.714399968481412
802988.0	0.0	0.0
815063.0	15.433706004140786	8.823519295248532
827138.0	18.457971014492752	6.706617355724693
839213.0	19.96472049689441	6.063944967711081
851288.0	19.22550724637681	4.442016590149518
863363.0	16.959668737060042	8.865818231796469
875438.0	20.0	6.2423452088140845
887513.0	20.0	0.0
899588.0	20.0	0.0
911663.0	15.243064182194617	8.789062466931215
923738.0	20.0	0.0
935813.0	19.95022774327122	6.062025845366916
947888.0	19.979544513457558	6.178169005193106
959963.0	19.833954451345754	5.789445669441964
972038.0	20.0	0.0
984113.0	20.0	0.0
996188.0	20.0	0.0
1008263.0	18.48944099378882	6.664948018634304
1020338.0	16.834202898550725	8.886703492567044
1032413.0	20.0	0.0
1044488.0	20.0	0.0
1056563.0	20.0	0.0
1068638.0	14.809109730848862	8.99193105047871
1080713.0	11.406293995859214	8.986818043708498
1092788.0	19.962484472049688	6.116339315739341
1104863.0	17.526293995859213	7.6704104640736555
1116938.0	20.0	0.0
1129013.0	18.95287784679089	6.868598092154818
1141088.0	17.96687370600414	8.30517810988139
1153163.0	18.56215320910973	6.773385989590078
1165238.0	20.0	0.0
1177313.0	18.370186335403726	6.167932834032371
1189388.0	20.0	0.0
1201463.0	19.970848861283645	6.126269674461256
1213538.0	16.260041407867494	8.235709751677241
1225613.0	14.812422360248448	9.94581593728665
1237688.0	16.671635610766046	8.64534724493512
1249763.0	18.71552795031056	6.899995499143371
1261838.0	20.0	0.0
1273913.0	16.672463768115943	8.722024191902976
1285988.0	19.636521739130433	5.348121320268897
1298063.0	19.961407867494824	6.123497829907172
1310138.0	18.571925465838508	6.512125972298835
1322213.0	18.71966873706004	6.906533648606767
1334288.0	19.889689440993788	5.9110662264728
1346363.0	19.859958592132504	5.807612623895808
1358438.0	19.63022774327122	5.372763148597908
1370513.0	20.0	0.0
1382588.0	18.728778467908903	6.920967631817282
1394663.0	19.848530020703933	5.75077994530273
1406738.0	20.0	0.0
1418813.0	18.641656314699794	6.717980570078974
1430888.0	20.0	0.0
1442963.0	20.0	0.0
1455038.0	19.99552795031056	6.213982763134953
1467113.0	20.0	0.0
1479188.0	20.0	0.0
1491263.0	19.999751552795033	6.241827783484173
1503338.0	16.381946169772256	8.301103720672717
1515413.0	20.0	0.0
1527488.0	20.0	0.0
1539563.0	18.7296066252588	6.922702472575973
1551638.0	19.619710144927538	5.322890915833554
1563713.0	20.0	0.0
1575788.0	19.943022774327122	6.045301719339309
1587863.0	18.733333333333334	6.928615611052059
1599938.0	20.000414078674947	0.13528590995637413
1612013.0	20.0	0.0
1624088.0	14.09855072463768	8.824490671464616
1636163.0	19.662360248447204	5.397108343169413
1648238.0	20.0	0.0
1660313.0	7.946252587991719	10.13887829111635
1672388.0	17.393706004140785	7.489763891271736
1684463.0	20.0	0.0
1696538.0	17.732505175983437	7.935793066493285
1708613.0	19.951552795031056	6.066129705720547
1720688.0	19.13937888198758	4.211165283324587
1732763.0	15.835196687370601	9.386713662125908
1744838.0	20.0	0.0
1756913.0	20.0	0.0
1768988.0	20.0	0.0
1781063.0	17.734989648033125	7.9387666903081975
1793138.0	20.0	0.0
1805213.0	17.7383850931677	7.9456539157622705
1817288.0	16.189482401656313	7.865431351932765
1829363.0	17.460041407867497	7.407203700902701
1841438.0	14.128778467908903	9.022837369857584
1853513.0	20.0	0.0
1865588.0	20.0	0.0
1877663.0	19.946583850931678	6.078942372869711
1889738.0	20.0	0.0
1901813.0	19.17184265010352	4.277390121626503
1913888.0	20.000662525879918	0.16481371628774416
1925963.0	16.339627329192545	8.057798455039004
1938038.0	19.9975983436853	6.238543122384829
1950113.0	20.0	0.0
1962188.0	19.9079917184265	5.964546739307439
1974263.0	14.406708074534162	9.315562792710248
1986338.0	19.99055900621118	6.216820834127673
1998413.0	16.41134575569358	8.344591980493172
2010488.0	20.00033126293996	0.11724935824253224
2022563.0	20.0	0.0
2034638.0	18.666915113871635	6.753421033237446
2046713.0	19.411180124223602	4.919012845134722
2058788.0	20.0	0.0
2070863.0	20.0	0.0
2082938.0	19.83751552795031	5.7676545067572125
2095013.0	20.0	6.2423452088140845
2107088.0	20.0	0.0
2119163.0	19.982277432712216	6.189411916796006
2131238.0	16.94625258799172	9.021749657007003
2143313.0	19.73664596273292	5.6937363427166785
2155388.0	20.0	0.0
2167463.0	20.0	0.0
2179538.0	20.0	0.0
2191613.0	19.650683229813666	5.4136014579336775
2203688.0	20.0	0.0
2215763.0	20.0	0.0
2227838.0	20.001490683229814	0.24922239313959002
2239913.0	16.585424430641822	8.386339083880024
2251988.0	18.650103519668736	6.9038351630519195
2264063.0	19.094824016563148	4.426019434336717
2276138.0	20.0	0.0
2288213.0	18.89689440993789	7.250558627725086
2300288.0	14.684472049689441	9.538819021397847
2312363.0	19.65175983436853	5.383434448344972
2324438.0	19.99701863354037	6.215408622755714
2336513.0	19.587577639751554	5.292637176453106
2348588.0	20.0	0.0
2360663.0	16.616149068322983	8.584834237304037
2372738.0	17.75320910973085	7.9651154531616575
2384813.0	18.951966873706006	7.33033064820464
2396888.0	19.716770186335403	5.6560856029436195
2408963.0	17.73581780538302	7.940592047850925
2421038.0	19.99983436853002	6.244480792881887
2433113.0	20.0	0.0
2445188.0	15.906086956521738	9.363109851270384
2457263.0	18.42153209109731	6.564034006848544
2469338.0	17.687701863354036	7.829508338852277
2481413.0	19.968115942028984	6.147018668372235
2493488.0	20.0	0.0
2505563.0	19.999420289855074	6.238397097306752
2517638.0	19.76910973084886	5.54028349462626
2529713.0	20.0	0.0
2541788.0	20.0	0.0
2553863.0	10.30583850931677	10.173383044360799
2565938.0	14.45648033126294	9.434749215195028
2578013.0	19.756770186335405	5.526469338921304
2590088.0	20.0	0.0
2602163.0	16.59511387163561	8.300684698241907
2614238.0	19.926128364389236	6.0166986401082045
2626313.0	20.0	0.0
2638388.0	18.71710144927536	6.9025215184474
2650463.0	18.76447204968944	6.956415630660738
2662538.0	14.615486542443064	9.602992977196372
2674613.0	18.52488612836439	6.718091516434442
2686688.0	18.472132505175985	6.437036984092569
2698763.0	16.645134575569358	8.690491222086324
2710838.0	20.0	0.0
2722913.0	20.0	0.0
2734988.0	20.0	0.0
2747063.0	17.73913043478261	7.944449994448055
2759138.0	20.000082815734988	0.05827044820980982
2771213.0	19.09648033126294	4.109263382731051
2783288.0	19.293581780538304	4.396073911856957
2795363.0	19.32703933747412	4.515618169577243
2807438.0	19.74418219461698	5.506630672785274
2819513.0	20.0	0.0
2831588.0	16.674120082815737	8.648364174718289
2843663.0	20.0	0.0
2855738.0	19.91329192546584	5.979218669744493
2867813.0	20.0	0.0
2879888.0	19.71262939958592	5.649859376399103
2891963.0	17.121739130434783	6.618031707788972
2904038.0	20.0	0.0
2916113.0	19.9951966873706	6.205714323843079
2928188.0	20.0	0.0
2940263.0	19.823105590062113	5.813805230908579
2952338.0	18.640828157349898	6.723193069647774
2964413.0	17.333333333333332	7.50582934258985
2976488.0	18.635942028985507	6.615885268669548
2988563.0	17.930600414078675	8.078286721583211
3000638.0	20.0	0.0
3012713.0	20.0	0.0
3024788.0	19.92496894409938	6.013862522793833
3036863.0	20.0	0.0
3048938.0	16.530848861283644	8.481913530734507
3061013.0	19.347577639751552	4.4372505616185185
3073088.0	20.0	0.0
3085163.0	19.921076604554866	5.979467975253377
3097238.0	18.448447204968943	6.5005239476678245
3109313.0	19.88488612836439	5.864918335385868
3121388.0	17.596356107660455	7.761779267107789
3133463.0	17.741614906832297	7.9480455818665625
3145538.0	16.687370600414077	8.66596588980782
3157613.0	18.732091097308487	6.927187114915532
3169688.0	20.0	0.0
3181763.0	20.0	0.0
3193838.0	17.639337474120083	7.713975915871258
3205913.0	18.617308488612835	6.588049913010274
3217988.0	19.92182194616977	6.002877156954878
3230063.0	19.58567287784679	5.289561578970659
3242138.0	18.436687370600414	6.460038010515767
3254213.0	18.94575569358178	7.318713075165919
3266288.0	19.77888198757764	5.765931211254543
3278363.0	15.248115942028985	8.625735483389203
3290438.0	17.737474120082815	7.950587566343981
3302513.0	19.90790890269151	5.957454400997004
3314588.0	20.0	0.0
3326663.0	19.877184265010353	5.858822159909726
3338738.0	18.72463768115942	6.916239478938008
3350813.0	18.731262939958594	6.925812133317229
3362888.0	20.0	0.0
3374963.0	20.0	6.2423452088140845
3387038.0	19.999006211180124	6.227309120477925
3399113.0	20.0	0.0
3411188.0	20.0	0.0
3423263.0	17.480745341614906	7.4376079771899954
3435338.0	19.992463768115943	6.182055109995606
3447413.0	19.288612836438922	4.703331271743445
3459488.0	19.60215320910973	5.213146306208748
3471563.0	19.99983436853002	6.2418543191598825
3483638.0	16.38592132505176	8.30355757028163
3495713.0	20.0	0.0
3507788.0	20.0	0.0
3519863.0	20.0	0.0
3531938.0	20.0	0.0
3544013.0	17.448447204968943	7.389517504147302
3556088.0	18.447619047619046	6.497491154618666
3568163.0	19.998012422360247	6.238908170127165
3580238.0	15.551469979296066	9.130310360978134
3592313.0	20.0	0.0
3604388.0	20.000579710144926	0.15523974646333072
3616463.0	20.00016563146998	0.08240685814387208
3628538.0	16.39710144927536	8.299686940639955
3640613.0	20.0	0.0
3652688.0	10.410931677018633	10.255865362177984
3664763.0	14.84910973084886	9.778291755109025
3676838.0	16.742194616977226	8.34029357363456
3688913.0	20.0	0.0
3700988.0	20.0	0.0
3713063.0	18.69424430641822	6.808087992366231
3725138.0	20.0	0.0
3737213.0	20.0	0.0
3749288.0	19.811180124223604	5.70636200111636
3761363.0	19.926128364389236	6.0166986401082045
3773438.0	19.811014492753625	5.709553941524688
3785513.0	19.948985507246377	6.087172134601853
3797588.0	20.0	0.0
3809663.0	20.0	0.0
3821738.0	18.601407867494824	6.687072290457565
3833813.0	15.498550724637681	8.894486160423828
3845888.0	19.826418219461697	5.847566781754679
3857963.0	19.473954451345755	5.2042266625579945
3870038.0	19.906915113871637	5.960984258772486
3882113.0	20.0	0.0
3894188.0	20.0	0.0
3906263.0	17.443312629399585	7.459222479588606
3918338.0	20.0	0.0
3930413.0	20.0	0.0
3942488.0	18.71966873706004	6.9050945875447605
3954563.0	16.172256728778468	7.874060461880507
3966638.0	19.99718426501035	6.214842315807535
3978713.0	18.732091097308487	6.925752345316299
3990788.0	20.0	0.0
4002863.0	16.095072463768116	7.948634269450471
4014938.0	18.467908902691512	6.052140596276778
4027013.0	18.509316770186334	6.125519372072851
4039088.0	19.98600414078675	6.201355625522771
4051163.0	20.0	0.0
4063238.0	18.727950310559006	6.918873279184708
4075313.0	19.875776397515526	5.890941215612078
4087388.0	20.0	0.0
4099463.0	17.749068322981365	7.4381980943148545
4111538.0	20.000082815734988	0.05827044820980982
4123613.0	19.92463768115942	6.012003176530845
4135688.0	14.558840579710145	9.61476607661749
4147763.0	19.85159420289855	5.804082235841775
4159838.0	20.00016563146998	0.08240685814387208
4171913.0	15.485548654244306	9.127625122268705
4183988.0	15.121573498964803	8.664580096009594
4196063.0	18.742857142857144	6.944321600017676
4208138.0	16.690683229813665	8.671220335789032
4220213.0	10.439254658385094	10.27538819142479
4232288.0	16.208612836438924	8.050148205366431
4244363.0	19.2703933747412	4.8048026353211695
4256438.0	20.0	0.0
4268513.0	19.963643892339544	6.096851171129124
4280588.0	18.751138716356106	6.956237054216263
4292663.0	19.864844720496894	5.819016444464852
4304738.0	20.0	0.0
4316813.0	20.0	0.0
4328888.0	18.7296066252588	6.923061350869924
4340963.0	20.0	0.0
4353038.0	17.72753623188406	7.927649023993118
4365113.0	18.404140786749483	6.430839259519751
4377188.0	20.0	0.0
4389263.0	10.580538302277432	10.437787697030513
4401338.0	20.0	0.0
4413413.0	17.226501035196687	7.272142598369101
4425488.0	19.614906832298136	5.342551557341974
4437563.0	20.254741200828157	5.664586148332818
4449638.0	20.0	0.0
4461713.0	20.0	0.0
4473788.0	18.737888198757766	6.93787874574666
4485863.0	19.999006211180124	6.226165318682868
4497938.0	19.9792132505176	6.177331162391657
4510013.0	20.0	0.0
4522088.0	16.684057971014493	8.662429287412412
4534163.0	20.0	0.0
4546238.0	19.709316770186334	5.505735763183326
4558313.0	19.334658385093167	4.911751236274018
4570388.0	17.745424430641823	8.029495316086553
4582463.0	20.0	0.0
4594538.0	20.0	0.0
4606613.0	17.323395445134576	7.3973024012632465
4618688.0	20.0	0.0
4630763.0	20.0	0.0
4642838.0	20.0	0.0
4651302.0	19.898413352565424	5.961688248050906
4657339.5	13.816255884796455	10.031803483968282
4666988.0	18.591304347826085	6.372079365884781
4679063.0	20.0	0.0
4691138.0	20.0	0.0
4703213.0	19.37888198757764	4.742032655518531
4715288.0	17.354699792960663	7.16213299711217
4722679.5	16.117429837518465	7.557021053846005
4728717.0	15.744635422226967	9.388333904063154
4739438.0	20.0	0.0
4751513.0	19.451097308488613	4.601871974846524
4763588.0	18.714948240165633	6.8989932352811785
4775663.0	19.135403726708073	4.509525230596126
4787738.0	17.39047619047619	7.582397617059421
4799813.0	17.58583850931677	7.745522983891784
4811888.0	20.0	0.0
4819084.5	19.691544434857637	5.37293411951343
4825049.5	15.739804411152726	9.312582827444768
