#Position (bp)	Coverage	Std
6038.0	19.041490683229814	3.8909141921298613
18113.0	8.490931677018633	10.083116281906669
30188.0	18.48447204968944	6.5560175762140345
42263.0	16.408281573498964	8.334269098599318
54338.0	20.0	0.0
66413.0	20.0	0.0
78488.0	19.99983436853002	6.242093135165042
90563.0	20.0	6.239691291402829
102638.0	14.871304347826086	9.657629816088223
114713.0	19.542608695652174	5.151951930642616
126788.0	17.260124223602485	7.315934564409705
138863.0	20.0	0.0
150938.0	20.0	0.0
163013.0	19.633126293995858	5.380241437854499
175088.0	19.928281573498964	5.8994192085263455
187163.0	15.700289855072464	9.070645211607903
199238.0	20.0	0.0
211313.0	20.0	0.0
223388.0	18.481987577639753	6.551658080401057
235463.0	20.0	0.0
247538.0	16.4	8.318444670677954
259613.0	19.99966873706004	6.23611999135551
271688.0	19.00952380952381	3.7147236562966675
283763.0	20.0	0.0
295838.0	18.448612836438922	6.497274472373643
307913.0	16.89855072463768	8.980494160251922
319988.0	19.78608695652174	6.643067963439311
332063.0	19.633954451345755	5.386164316612396
344138.0	20.0	0.0
356213.0	20.000828157349897	6.245170390718714
368288.0	18.45134575569358	6.503128726221993
380363.0	19.12182194616977	3.7042530533469
392438.0	20.0	0.0
404513.0	15.709316770186335	9.154369692777854
416588.0	19.095734989648033	4.269832546985431
428663.0	20.000082815734988	0.05827044820980982
440738.0	20.0	0.0
452813.0	19.765797101449277	5.602151317028309
464888.0	19.999917184265012	6.239691291402829
476963.0	19.85664596273292	5.75508416869987
489038.0	19.999751552795033	6.241827783484173
501113.0	20.0	0.0
513188.0	18.495238095238093	6.574875322562882
525263.0	18.49606625258799	6.576323678644018
537338.0	19.999917184265012	6.2423452088140845
549413.0	19.999917184265012	6.242099768812536
561488.0	20.0	0.0
573563.0	14.883975155279503	9.812832262839997
585638.0	18.49623188405797	6.566064963867694
597713.0	20.0	0.0
609788.0	15.817805383022774	9.276007029871174
621863.0	19.991387163561075	6.220030423390941
633938.0	18.247619047619047	5.9857802513449565
646013.0	20.0	0.0
658088.0	15.117184265010351	7.9970232557109
670163.0	20.0	0.0
682238.0	19.439337474120084	5.014058909654174
694313.0	15.838509316770187	9.298219959214661
706388.0	20.0	0.0
718463.0	19.032463768115942	7.010840467302834
730538.0	20.0	0.0
742613.0	19.68695652173913	5.485346562899548
754688.0	17.327536231884057	7.4094394498276674
766763.0	19.690269151138715	5.486644805482865
778838.0	19.730766045548656	5.520764492324424
790913.0	17.72770186335404	7.8039380619891086
802988.0	0.0	0.0
815063.0	14.36687370600414	8.9846429825458
827138.0	17.13656314699793	6.797898835039295
839213.0	19.991884057971014	6.1857982006271435
851288.0	19.05010351966874	3.9519473932173974
863363.0	17.050683229813664	6.933460740985767
875438.0	20.0	0.0
887513.0	20.0	0.0
899588.0	20.0	0.0
911663.0	14.967287784679089	10.032452517688222
923738.0	20.0	0.0
935813.0	19.326293995859213	4.73651075808877
947888.0	20.000496894409938	0.14273286519730755
959963.0	19.294741200828156	4.718941173303755
972038.0	19.672215320910972	5.460424148732218
984113.0	19.999917184265012	6.242093135165042
996188.0	19.9455900621118	6.0369600071860985
1008263.0	17.916356107660455	8.085131920881308
1020338.0	16.041242236024846	7.67623311692815
1032413.0	19.996604554865424	6.234386709192138
1044488.0	20.0	0.0
1056563.0	20.0	0.0
1068638.0	11.673457556935817	9.868736842864237
1080713.0	7.918343685300207	8.902043406521571
1092788.0	19.403229813664595	4.737848136965146
1104863.0	17.224844720496893	7.248919388304482
1116938.0	19.99271221532091	6.188060366327119
1129013.0	16.46385093167702	7.755908720634593
1141088.0	17.845465838509316	8.153003739683678
1153163.0	18.55710144927536	6.765562536768349
1165238.0	20.0	0.0
1177313.0	17.536397515527952	7.328647100453217
1189388.0	20.0	0.0
1201463.0	19.970848861283645	6.124228096034367
1213538.0	15.897308488612836	9.572194895313803
1225613.0	14.44463768115942	9.562478433378025
1237688.0	16.41407867494824	8.306000724363457
1249763.0	18.509233954451346	6.596705370041202
1261838.0	20.0	0.0
1273913.0	16.085051759834368	7.6820890878473405
1285988.0	19.68679089026915	5.494684048699346
1298063.0	19.961159420289857	6.122963598602696
1310138.0	9.700207039337474	10.568694739115745
1322213.0	10.469565217391304	10.395770759758076
1334288.0	19.673706004140787	5.455007007261801
1346363.0	19.942608695652172	6.038921379565345
1358438.0	20.0	0.0
1370513.0	20.0	0.0
1382588.0	18.502691511387162	6.585384406750991
1394663.0	19.869896480331263	5.8347002243538215
1406738.0	19.61407867494824	5.346812676455149
1418813.0	17.34376811594203	7.203053182871797
1430888.0	19.95064182194617	6.063207440954801
1442963.0	18.662443064182195	6.412281177278515
1455038.0	19.535238095238096	5.168570409969833
1467113.0	20.0	6.2423452088140845
1479188.0	20.0	0.0
1491263.0	19.657971014492755	5.424757295808401
1503338.0	16.38169772256729	8.301557637771994
1515413.0	20.0	0.0
1527488.0	20.0	0.0
1539563.0	18.511801242236025	6.603782089696689
1551638.0	19.679006211180123	5.474616751100354
1563713.0	20.00016563146998	0.08240685814387208
1575788.0	19.895983436853	5.921438748564582
1587863.0	18.520828157349897	6.626985424595816
1599938.0	19.36993788819876	4.841376188176783
1612013.0	19.96207039337474	6.1256613282220025
1624088.0	13.43768115942029	9.581923111651355
1636163.0	19.667080745341615	5.415803880959743
1648238.0	20.0	0.0
1660313.0	4.650766045548655	7.919632548934636
1672388.0	15.080414078674949	8.431121486718688
1684463.0	16.426666666666666	7.572107473762038
1696538.0	17.466666666666665	7.592602916498337
1708613.0	19.93167701863354	6.007745173556662
1720688.0	19.373084886128364	5.010010682557222
1732763.0	15.76198757763975	9.333938164371709
1744838.0	20.0	0.0
1756913.0	19.999917184265012	6.242093135165042
1768988.0	19.999917184265012	6.239439110535393
1781063.0	17.462443064182196	7.543475098596603
1793138.0	20.0	0.0
1805213.0	17.410103519668738	7.415880224430918
1817288.0	15.935734989648033	9.388116359444417
1829363.0	17.024430641821947	6.799920837439588
1841438.0	13.858136645962732	10.192409793140401
1853513.0	20.0	0.0
1865588.0	20.0	0.0
1877663.0	19.966459627329193	6.13944245214404
1889738.0	19.999751552795033	6.2343800673376135
1901813.0	16.8935817805383	8.767103957478902
1913888.0	19.980703933747414	6.184626635881815
1925963.0	13.598426501035197	9.561707618830003
1938038.0	19.7127950310559	5.566418089936012
1950113.0	19.860207039337475	5.8387014637339245
1962188.0	19.999917184265012	6.242093135165042
1974263.0	13.89416149068323	10.176085308964392
1986338.0	19.963064182194618	6.094487207888958
1998413.0	16.40919254658385	8.339811974386231
2010488.0	20.0	0.0
2022563.0	19.632049689440993	5.376191668179443
2034638.0	18.500207039337475	6.583560679566344
2046713.0	19.186418219461697	4.470830234013195
2058788.0	20.0	0.0
2070863.0	19.999917184265012	6.244739400994683
2082938.0	19.83751552795031	5.767568354211063
2095013.0	18.979627329192546	7.086697654330423
2107088.0	20.0	0.0
2119163.0	18.88	6.660666036492854
2131238.0	16.554534161490682	8.477420991472977
2143313.0	13.363229813664596	8.901387520659949
2155388.0	5.484306418219462	7.261327268895415
2167463.0	16.050683229813664	7.190210736465421
2179538.0	19.999917184265012	6.242093135165042
2191613.0	19.5951966873706	5.307715388950649
2203688.0	19.374492753623187	4.866048345529992
2215763.0	20.0	6.2423452088140845
2227838.0	19.99734989648033	6.218951866580139
2239913.0	15.915776397515527	9.237425003968031
2251988.0	18.52505175983437	6.722293801556978
2264063.0	18.954865424430643	7.332335712304068
2276138.0	20.0	0.0
2288213.0	18.602070393374742	6.834269995896534
2300288.0	14.442153209109732	9.274422183203553
2312363.0	19.676356107660457	5.4578148806295665
2324438.0	20.000662525879918	0.16681153124562098
2336513.0	19.56927536231884	5.260611871929037
2348588.0	19.500869565217393	5.110829649885125
2360663.0	16.40546583850932	8.328106020967812
2372738.0	17.46086956521739	7.583817357656086
2384813.0	18.868737060041408	7.211619333835437
2396888.0	19.581118012422362	5.408504919646325
2408963.0	17.46335403726708	7.5854006009856
2421038.0	20.0	0.0
2433113.0	19.972339544513456	6.129114581132763
2445188.0	14.457060041407868	9.369864915249348
2457263.0	18.29896480331263	6.376522673673127
2469338.0	17.475031055900622	7.6010732597306925
2481413.0	19.94873706004141	6.085736642033607
2493488.0	19.999917184265012	6.2423452088140845
2505563.0	20.0	0.0
2517638.0	19.961407867494824	6.123524878353789
2529713.0	20.0	6.2423452088140845
2541788.0	19.999751552795033	6.241575688938278
2553863.0	10.294824016563147	10.15823463249699
2565938.0	14.463933747412009	9.442650257864026
2578013.0	19.633457556935817	5.371314037808031
2590088.0	19.402070393374743	4.940431913792965
2602163.0	14.56455486542443	9.070668036784301
2614238.0	19.947080745341616	6.080917441950499
2626313.0	20.0	0.0
2638388.0	18.49366459627329	6.572235975243565
2650463.0	18.50650103519669	6.575731780357604
2662538.0	14.634202898550724	9.618804908484984
2674613.0	11.64248447204969	10.253797963233305
2686688.0	18.231884057971016	6.056080222425682
2698763.0	16.65623188405797	8.703888852657776
2710838.0	20.000082815734988	6.242617171598681
2722913.0	20.0	6.2423452088140845
2734988.0	20.0	0.0
2747063.0	17.47743271221532	7.6088920412395185
2759138.0	20.0	0.012869789042449443
2771213.0	19.015238095238097	3.7746457198734586
2783288.0	18.795031055900623	6.796174785747235
2795363.0	17.699792960662524	7.180581128405619
2807438.0	19.699792960662524	5.412293345214983
2819513.0	20.0	6.2423452088140845
2831588.0	14.144099378881988	8.529864719472704
2843663.0	19.015320910973085	3.7332926646705333
2855738.0	18.826252587991718	6.860738360326919
2867813.0	20.0	0.0
2879888.0	18.963892339544515	7.157396382859233
2891963.0	15.868737060041408	8.738198193017569
2904038.0	19.08008281573499	3.780137695083189
2916113.0	19.994285714285713	6.203545369809065
2928188.0	20.0	6.239691291402829
2940263.0	19.813747412008283	5.797200723787651
2952338.0	18.41134575569358	6.363534832886371
2964413.0	17.2	7.325188399841172
2976488.0	17.890766045548656	7.844482176735314
2988563.0	17.735734989648034	7.781610216204345
3000638.0	20.0	6.2423452088140845
3012713.0	19.625341614906834	5.3701961054676675
3024788.0	19.96687370600414	6.143319352826081
3036863.0	19.386749482401655	4.894404630531744
3048938.0	16.38757763975155	8.308742184432647
3061013.0	18.72008281573499	6.629047066536182
3073088.0	20.0	0.0
3085163.0	19.476273291925466	4.919214871119189
3097238.0	18.081159420289854	5.789266859114852
3109313.0	19.994368530020704	6.191405249602331
3121388.0	17.099875776397514	6.897378504021891
3133463.0	17.469979296066253	7.59761867454596
3145538.0	16.43469979296066	8.36679823047022
3157613.0	18.50351966873706	6.589344557520313
3169688.0	19.999917184265012	6.2423452088140845
3181763.0	19.999917184265012	6.242093135165042
3193838.0	17.374492753623187	7.362734211722149
3205913.0	18.243478260869566	5.97167919273569
3217988.0	19.961656314699795	6.12142150502937
3230063.0	18.43022774327122	6.265122491569383
3242138.0	18.38343685300207	6.265393465657454
3254213.0	18.517018633540374	6.508615090276481
3266288.0	19.059875776397515	4.020351951467011
3278363.0	14.850931677018634	9.743794542738332
3290438.0	17.523643892339546	7.713949076314081
3302513.0	19.946749482401657	6.077246025516687
3314588.0	19.773498964803313	5.654496735637342
3326663.0	19.89639751552795	5.9158278062787115
3338738.0	18.487784679089028	6.5593010787599875
3350813.0	18.49846790890269	6.5779102070119055
3362888.0	19.3888198757764	4.909997406736741
3374963.0	20.0	6.2423452088140845
3387038.0	19.63511387163561	5.366339380218633
3399113.0	19.999917184265012	6.242093135165042
3411188.0	19.999917184265012	6.242093135165042
3423263.0	16.989565217391306	8.854527096548955
3435338.0	20.0	0.0
3447413.0	18.86583850931677	6.9206624941675985
3459488.0	19.99983436853002	6.239465656369833
3471563.0	19.99983436853002	6.239186919475093
3483638.0	16.385590062111802	8.302540208456895
3495713.0	20.0	0.0
3507788.0	19.671221532091096	5.458497658456089
3519863.0	19.999917184265012	6.2423452088140845
3531938.0	20.0	0.0
3544013.0	17.02360248447205	6.798520116642853
3556088.0	18.44737060041408	6.494431441747062
3568163.0	19.998012422360247	6.2388948960380395
3580238.0	16.111635610766047	7.800875886480523
3592313.0	20.0	0.0
3604388.0	19.94310559006211	6.067992938548746
3616463.0	20.00016563146998	6.240527397152983
3628538.0	15.830890269151139	9.292134744822745
3640613.0	20.0	0.0
3652688.0	10.183022774327123	10.047835896907358
3664763.0	14.62575569358178	9.54954824248827
3676838.0	16.186666666666667	7.709444075308581
3688913.0	19.90111801242236	5.997659999186227
3700988.0	19.998260869565218	6.227721369614809
3713063.0	18.50351966873706	6.589344557520313
3725138.0	20.0	0.0
3737213.0	20.0	0.0
3749288.0	19.741614906832297	5.556940338110985
3761363.0	19.935734989648033	6.008599772120965
3773438.0	19.81855072463768	5.610172659293183
3785513.0	20.0	0.0
3797588.0	19.20886128364389	4.531171083413598
3809663.0	20.0	0.0
3821738.0	18.422443064182193	6.380476172706563
3833813.0	15.427991718426501	8.95827918997553
3845888.0	19.17631469979296	4.31603491064385
3857963.0	19.196438923395444	4.345531485599838
3870038.0	20.0	0.0
3882113.0	19.999917184265012	6.242099768812536
3894188.0	19.01192546583851	3.7162393333326493
3906263.0	17.141780538302278	7.021799831798597
3918338.0	19.999917184265012	6.242093135165042
3930413.0	19.396273291925464	4.9274235768391215
3942488.0	18.50335403726708	6.586365237316972
3954563.0	15.780041407867495	9.231178602166311
3966638.0	19.996935817805383	6.209023020870998
3978713.0	18.492753623188406	6.570528338733769
3990788.0	20.0	0.0
4002863.0	15.963561076604554	9.57050766559568
4014938.0	15.61879917184265	8.840762921089736
4027013.0	16.027577639751552	6.976416943871775
4039088.0	19.94178053830228	6.061916553214558
4051163.0	20.0	0.0
4063238.0	18.511884057971013	6.604039168064749
4075313.0	18.67511387163561	6.448046873946626
4087388.0	19.999917184265012	6.239439110535393
4099463.0	16.572919254658384	8.214671518530116
4111538.0	19.99983436853002	6.239439110535393
4123613.0	20.000993788819876	6.245674279448853
4135688.0	14.45175983436853	9.506240731037632
4147763.0	19.928364389233955	6.023514997014175
4159838.0	20.000496894409938	0.1438886157672909
4171913.0	14.712049689440994	9.701917592359981
4183988.0	14.73871635610766	9.735261727913283
4196063.0	18.4944099378882	6.573426647358191
4208138.0	15.914285714285715	9.37610283368448
4220213.0	10.136645962732919	9.944192100001846
4232288.0	15.91304347826087	9.510177614580579
4244363.0	19.13697722567288	4.513948935206073
4256438.0	19.65714285714286	5.431333066751438
4268513.0	19.92182194616977	5.961401033098906
4280588.0	18.472132505175985	6.465612174168003
4292663.0	19.92695652173913	6.014902128800401
4304738.0	20.0	0.0
4316813.0	20.0	0.0
4328888.0	18.493581780538303	6.571977652818907
4340963.0	19.999751552795033	6.241575688938278
4353038.0	17.473291925465837	7.602631123499286
4365113.0	17.921325051759833	8.170263711149772
4377188.0	20.0	0.0
4389263.0	10.085217391304347	9.949945118818235
4401338.0	20.0	6.2423452088140845
4413413.0	16.645134575569358	8.616465531809986
4425488.0	19.593291925465838	5.198916912207908
4437563.0	17.30351966873706	7.080121181309612
4449638.0	20.0	0.0
4461713.0	20.0	0.0
4473788.0	18.401159420289854	6.270797281903206
4485863.0	19.999006211180124	6.22613871614096
4497938.0	20.0	0.0
4510013.0	20.0	0.0
4522088.0	16.422277432712214	8.351689927055553
4534163.0	20.0	6.2423452088140845
4546238.0	20.0	0.0
4558313.0	19.207453416149068	4.673567804669655
4570388.0	17.627329192546583	7.8864876447376995
4582463.0	20.0	0.0
4594538.0	19.31478260869565	4.5782002123394525
4606613.0	16.794534161490684	8.785872341152643
4618688.0	20.0	0.0
4630763.0	19.381946169772256	4.8866997420068685
4642838.0	20.0	0.0
4651302.0	19.881516587677726	5.910974959703581
4657339.5	12.306840210468014	9.771283638190395
4666988.0	17.00472049689441	6.481615983355816
4679063.0	20.0	0.0
4691138.0	20.0	0.0
4703213.0	17.555942028985505	7.140500646481425
4715288.0	16.47792960662526	7.863888690820524
4722679.5	16.377031019202363	7.829162806527132
4728717.0	15.600085406213301	9.2310820051961
4739438.0	19.65631469979296	5.425215264164721
4751513.0	19.674368530020704	5.406115699513073
4763588.0	18.48538302277433	6.555221710744699
4775663.0	19.131097308488613	4.496209583762528
4787738.0	14.706997929606626	9.135447307906054
4799813.0	17.44985507246377	7.567922935451695
4811888.0	20.0	0.0
4819084.5	19.702329594477998	5.403558728931767
4825049.5	15.507074490220557	9.035896186422347
