#Position (bp)	Coverage	Std
6038.0	18.071635610766045	5.229815779249409
18113.0	8.424844720496894	10.02394648357572
30188.0	17.888198757763973	7.79787623048764
42263.0	15.97184265010352	9.438764174993395
54338.0	20.0	0.0
66413.0	20.0	0.0
78488.0	20.0	0.0
90563.0	20.0	0.0
102638.0	13.75527950310559	9.794349154605365
114713.0	17.982608695652175	8.072554017433964
126788.0	16.891097308488614	8.831995289103673
138863.0	19.250517598343684	4.619474484555311
150938.0	19.65383022774327	5.423520588082818
163013.0	19.68033126293996	5.471242340970029
175088.0	18.91511387163561	6.799926926900034
187163.0	15.49648033126294	8.764435002381674
199238.0	19.695238095238096	5.503102832652639
211313.0	19.401242236024846	4.724203132602918
223388.0	16.635196687370602	8.20958385551578
235463.0	17.47097308488613	7.072619470166076
247538.0	15.26128364389234	8.729735481301764
259613.0	18.565631469979294	6.159979027148295
271688.0	17.055072463768116	6.70495629541278
283763.0	17.394285714285715	7.141393638890806
295838.0	18.129937888198757	5.768645168559541
307913.0	12.908985507246376	9.858552424196015
319988.0	16.47055900621118	7.7224203717173765
332063.0	18.87536231884058	6.7462250774067005
344138.0	13.481573498964803	9.493504371874442
356213.0	20.0	0.0
368288.0	17.677101449275362	7.518402543864902
380363.0	17.869151138716354	7.680595861977836
392438.0	19.458385093167703	4.920511007144339
404513.0	10.393374741200828	9.861382950986345
416588.0	13.874948240165631	9.68400529699011
428663.0	19.659792960662525	5.41223979000501
440738.0	18.026501035196688	5.076605703207463
452813.0	18.73706004140787	6.738105846109479
464888.0	19.655486542443064	5.389192466885423
476963.0	19.320910973084885	4.768122235013816
489038.0	17.20662525879917	6.759990689348825
501113.0	17.66376811594203	7.934331930818486
513188.0	17.346252587991717	6.871533381603612
525263.0	15.797101449275363	9.052151637890427
537338.0	15.726045548654245	9.325008117825718
549413.0	19.70186335403727	5.516885429725773
561488.0	19.172836438923394	4.195304483603655
573563.0	14.041242236024845	8.668669938884326
585638.0	16.054492753623187	7.287301414430579
597713.0	20.0	0.0
609788.0	15.735817805383023	9.188952769607122
621863.0	19.993540372670807	6.226005701726396
633938.0	15.704182194616978	8.823472366153435
646013.0	18.312215320910973	5.429419133987095
658088.0	13.898136645962733	9.428774073987682
670163.0	19.337474120082817	4.508955891313824
682238.0	16.1016149068323	7.374450886670626
694313.0	13.57913043478261	9.491331994128872
706388.0	18.70807453416149	6.492805382816462
718463.0	18.572256728778466	6.4921676014742165
730538.0	20.0	0.0
742613.0	17.75320910973085	7.879028431660539
754688.0	5.475776397515528	8.875382941611502
766763.0	16.097722567287786	6.985557416724901
778838.0	18.593457556935817	6.586302367944215
790913.0	14.92008281573499	9.506584837863866
802988.0	12.911469979296067	9.888630357737458
815063.0	14.746169772256728	9.402964159755586
827138.0	10.967950310559006	10.165577445640391
839213.0	18.144099378881986	5.412828868171213
851288.0	18.626997929606624	6.688669694149405
863363.0	16.14873706004141	7.59644681023877
875438.0	19.693581780538302	5.501176234096863
887513.0	3.6596273291925465	7.930051341934319
899588.0	11.583768115942028	9.932405086757859
911663.0	14.139130434782608	9.021024442244775
923738.0	20.0	0.0
935813.0	17.879089026915114	7.7788426757931814
947888.0	16.770186335403725	8.232823263133222
959963.0	15.984927536231885	9.020459835960356
972038.0	17.676770186335403	7.5271434288684675
984113.0	18.321325051759835	5.993177625753321
996188.0	18.48016563146998	6.399236496901113
1008263.0	17.370434782608697	7.18481836282813
1020338.0	15.584265010351967	8.800804593370042
1032413.0	18.637432712215322	6.424828908308392
1044488.0	8.812173913043479	10.207028796520664
1056563.0	18.993788819875775	6.919555509366549
1068638.0	6.185755693581781	8.354976449397046
1080713.0	1.0154865424430641	2.793737450817342
1092788.0	13.667246376811594	9.60835988658548
1104863.0	16.87784679089027	8.882765316540622
1116938.0	15.373250517598343	8.514710203822117
1129013.0	5.495320910973085	8.509329917929726
1141088.0	10.807453416149068	10.52627590708365
1153163.0	18.29896480331263	6.165112556672339
1165238.0	18.958757763975154	7.064347836280918
1177313.0	17.302691511387163	6.804060412374226
1189388.0	19.687784679089027	5.487505099343501
1201463.0	19.328612836438925	4.437082584689409
1213538.0	14.677432712215321	9.255275480697618
1225613.0	13.898136645962733	10.25935718931202
1237688.0	10.709233954451346	10.15763132428436
1249763.0	16.24265010351967	7.457207110453536
1261838.0	19.69855072463768	5.510201343016395
1273913.0	15.72008281573499	9.092480910605799
1285988.0	18.191801242236025	5.280708277985467
1298063.0	19.111469979296068	3.890062723365579
1310138.0	17.76737060041408	7.488857146885608
1322213.0	14.170931677018633	8.117797333043777
1334288.0	15.639420289855073	8.312862641726195
1346363.0	17.210269151138718	6.256643673896717
1358438.0	18.99544513457557	7.111941376651495
1370513.0	18.87817805383023	7.091580754552802
1382588.0	13.473788819875777	9.297596474736864
1394663.0	17.263188405797102	6.649970812059422
1406738.0	17.65631469979296	7.404888989875605
1418813.0	15.45424430641822	8.246226315546098
1430888.0	18.391718426501036	5.760851673865729
1442963.0	19.33664596273292	4.5157648859496655
1455038.0	18.996687370600416	6.907402936047017
1467113.0	13.509482401656316	9.520486790971354
1479188.0	18.80894409937888	6.646158933656987
1491263.0	16.232877846790892	7.364432457727524
1503338.0	14.205879917184266	8.952462446217336
1515413.0	19.393788819875777	4.652575590716307
1527488.0	18.37896480331263	5.741354108390248
1539563.0	17.436024844720496	7.108010236614008
1551638.0	17.391304347826086	7.312968146080638
1563713.0	16.734575569358178	7.676513615153944
1575788.0	18.86153209109731	6.799458022488697
1587863.0	18.463768115942027	6.471303112600683
1599938.0	19.10368530020704	3.9347472631472438
1612013.0	17.926293995859215	7.693717692082665
1624088.0	10.997349896480332	10.082602937117857
1636163.0	16.35089026915114	7.734748567582964
1648238.0	9.15064182194617	9.193304792188194
1660313.0	0.4140786749482402	1.8833915049921524
1672388.0	6.859213250517598	9.238101854813964
1684463.0	17.61689440993789	7.530492877718327
1696538.0	8.337060041407868	9.593234330898847
1708613.0	14.76952380952381	8.60687769666214
1720688.0	16.891925465838508	8.191375558498867
1732763.0	14.32712215320911	9.23109337435866
1744838.0	17.944844720496896	7.8440334830776886
1756913.0	17.20248447204969	6.862681510570627
1768988.0	17.669565217391305	6.970181981340377
1781063.0	15.914699792960663	8.992073804431756
1793138.0	16.959006211180125	8.359965724517885
1805213.0	15.820703933747412	9.012638928498498
1817288.0	16.114699792960664	7.787142346286286
1829363.0	15.851925465838509	9.023571616632568
1841438.0	11.488198757763975	9.774530642202842
1853513.0	19.540372670807454	5.209761501914677
1865588.0	18.452173913043477	5.858171903745251
1877663.0	17.51312629399586	6.941506569726555
1889738.0	15.482650103519669	8.079890944880347
1901813.0	11.086873706004141	9.119991464163672
1913888.0	17.57846790890269	7.23591800097059
1925963.0	9.865093167701863	9.87184129317314
1938038.0	15.230310559006211	8.049129680458405
1950113.0	17.350227743271223	7.025307697187764
1962188.0	15.555610766045548	8.350901564251478
1974263.0	13.575155279503106	9.720095084267694
1986338.0	13.420041407867496	9.395201629799983
1998413.0	14.482981366459628	8.679382294762313
2010488.0	18.61399585921325	6.373196980444964
2022563.0	18.55287784679089	6.211763368061179
2034638.0	14.656066252587992	8.945262576765858
2046713.0	18.271635610766044	6.010852848546013
2058788.0	20.0	0.0
2070863.0	19.06832298136646	3.528024450275131
2082938.0	16.44952380952381	7.500514820149865
2095013.0	17.815320910973085	7.155110814379156
2107088.0	14.600414078674948	9.518424978885683
2119163.0	13.73896480331263	9.133683933365385
2131238.0	12.712215320910973	10.13060876524463
2143313.0	15.84910973084886	8.921089535999332
2155388.0	19.093002070393375	3.8678266268972044
2167463.0	17.582608695652173	6.923462076313642
2179538.0	17.58517598343685	7.062161148176651
2191613.0	15.064761904761905	7.8013642168464585
2203688.0	17.925797101449277	7.9979759344236
2215763.0	17.68231884057971	7.305546830508556
2227838.0	18.2120082815735	5.202881826071612
2239913.0	14.236521739130435	8.884275545415829
2251988.0	14.53416149068323	9.340417305727543
2264063.0	7.760993788819876	9.037199404953181
2276138.0	17.795942028985507	7.076693148733035
2288213.0	18.03792960662526	5.663613840926167
2300288.0	13.156107660455486	8.984444804616754
2312363.0	15.003395445134576	7.983538965267086
2324438.0	15.66832298136646	8.93942809922429
2336513.0	18.361076604554864	5.973398587339523
2348588.0	18.278674948240166	5.733090177327274
2360663.0	15.51966873706004	8.64442280020212
2372738.0	17.207453416149068	7.055561804771636
2384813.0	17.61242236024845	7.170811551161933
2396888.0	14.081821946169772	8.013952636059315
2408963.0	12.642650103519669	9.54085472600288
2421038.0	18.906666666666666	6.764858655537423
2433113.0	18.31966873706004	5.766125107710028
2445188.0	7.370600414078675	8.708488041856363
2457263.0	14.149233954451345	8.219756032508169
2469338.0	10.629648033126294	9.455910548774149
2481413.0	18.3407867494824	5.680222490029055
2493488.0	15.203146997929606	7.894873457827801
2505563.0	17.63975155279503	7.045518964144519
2517638.0	17.485548654244308	6.426878083857037
2529713.0	17.279503105590063	6.873389139345273
2541788.0	17.299296066252587	6.35869174142967
2553863.0	8.796356107660456	9.999751549708654
2565938.0	14.210683229813664	9.033207657289307
2578013.0	17.61904761904762	7.618040047249075
2590088.0	19.121325051759836	4.012145123074792
2602163.0	12.43975155279503	8.706590635656095
2614238.0	18.05374741200828	5.313407394191223
2626313.0	17.307246376811595	6.411054118226761
2638388.0	17.554037267080744	7.190527470235201
2650463.0	17.664844720496895	7.508697510372717
2662538.0	14.092753623188406	8.723733126863584
2674613.0	17.526293995859213	6.631557655318832
2686688.0	17.104761904761904	6.421244501837704
2698763.0	16.20207039337474	8.000258794985914
2710838.0	18.58534161490683	6.251499199074156
2722913.0	19.065010351966873	3.5169509663028986
2734988.0	17.754037267080744	7.629912801479325
2747063.0	14.603726708074534	9.097083918366662
2759138.0	16.3527950310559	8.10913142219068
2771213.0	17.454906832298136	6.831706618474698
2783288.0	10.570517598343685	9.447981150811371
2795363.0	11.792132505175983	9.182235978068512
2807438.0	17.165879917184267	6.291740946732213
2819513.0	16.824016563146998	8.743030350521774
2831588.0	15.383850931677019	8.790664161342733
2843663.0	18.74368530020704	6.544524998303248
2855738.0	17.495652173913044	7.1832390601625615
2867813.0	18.902360248447206	7.120506646779587
2879888.0	18.7248033126294	6.572015456734799
2891963.0	16.49142857142857	8.156695226538353
2904038.0	20.0	0.0
2916113.0	12.038260869565217	9.382411632044626
2928188.0	20.0	0.0
2940263.0	19.535403726708076	5.326017238737519
2952338.0	18.051345755693582	5.7408492312967345
2964413.0	15.195693581780539	8.460410789355189
2976488.0	14.229896480331263	8.097276080089172
2988563.0	14.690683229813665	9.547978442557593
3000638.0	13.298467908902692	8.967509792805245
3012713.0	19.634865424430643	5.507141984408876
3024788.0	19.269151138716357	4.244143449883429
3036863.0	17.57929606625259	7.485544385093232
3048938.0	14.841821946169773	9.454815723887528
3061013.0	16.707329192546585	7.8146064862001525
3073088.0	20.0	0.0
3085163.0	19.248861283643894	4.466808810815722
3097238.0	16.189730848861284	7.099558205133228
3109313.0	17.593871635610768	6.983535799058297
3121388.0	10.554865424430641	10.156008736583331
3133463.0	17.542028985507248	7.691381533670031
3145538.0	15.984265010351967	9.453361600438981
3157613.0	17.07337474120083	6.165542396535627
3169688.0	19.506666666666668	5.007902657491971
3181763.0	19.699378881987577	5.51238019404746
3193838.0	16.123892339544515	7.499322260613289
3205913.0	13.441656314699793	9.340164610339592
3217988.0	17.23693581780538	7.236993759493526
3230063.0	15.990890269151139	8.727135758696816
3242138.0	18.430310559006212	6.395624798496784
3254213.0	17.372587991718426	6.890981894474785
3266288.0	15.850931677018634	9.245593209135901
3278363.0	11.706832298136646	9.690596496371446
3290438.0	15.588985507246377	8.60640620371077
3302513.0	16.426666666666666	8.278716256590924
3314588.0	14.917184265010352	9.4332173759599
3326663.0	18.250186335403725	5.572611224481148
3338738.0	16.98368530020704	8.854919910719621
3350813.0	14.476853002070394	8.63998121307673
3362888.0	13.403561076604555	9.580514213130302
3374963.0	17.855072463768117	7.755396171199554
3387038.0	16.26517598343685	7.649679623597662
3399113.0	14.029813664596274	8.601478037560861
3411188.0	20.0	0.0
3423263.0	15.697722567287785	8.991254089587262
3435338.0	19.296894409937888	4.716694284023941
3447413.0	17.649026915113872	7.265568705396463
3459488.0	3.204886128364389	6.450858995555421
3471563.0	10.964223602484472	10.735274955230034
3483638.0	16.40513457556936	8.32732039796428
3495713.0	15.692753623188405	8.995674138668527
3507788.0	19.699378881987577	5.51238019404746
3519863.0	19.696894409937887	5.507059275453101
3531938.0	19.692753623188405	5.497772935141722
3544013.0	15.4824016563147	8.715854999045662
3556088.0	18.447453416149067	6.497223487265793
3568163.0	19.378053830227742	4.61353665823676
3580238.0	10.01896480331263	9.334071251515299
3592313.0	14.162981366459627	8.946965896758744
3604388.0	18.191718426501033	5.762468702618196
3616463.0	16.277598343685302	7.499046178133626
3628538.0	15.317432712215322	8.569351715262698
3640613.0	19.692753623188405	5.499806132476307
3652688.0	9.944513457556935	10.733685680211318
3664763.0	13.10832298136646	9.038019534248047
3676838.0	15.902194616977226	9.2720287746719
3688913.0	19.262194616977226	4.248726517279447
3700988.0	19.019461697722566	3.758738610495416
3713063.0	17.131262939958592	6.429557780323435
3725138.0	16.76753623188406	8.405351740896911
3737213.0	16.954202898550726	8.548679265492712
3749288.0	19.35105590062112	4.55003924629856
3761363.0	18.019875776397516	5.074239736422739
3773438.0	18.3512215320911	5.477898374414599
3785513.0	18.583022774327123	6.306669380500948
3797588.0	19.686211180124225	5.4854748912567874
3809663.0	19.970517598343687	6.16255304572771
3821738.0	17.53175983436853	7.1707307076746085
3833813.0	15.103105590062112	8.468062029423349
3845888.0	18.457971014492752	6.015824542615602
3857963.0	17.786335403726707	7.751016763597226
3870038.0	20.0	0.0
3882113.0	18.160828157349897	5.539080056064801
3894188.0	18.992132505175984	7.10532416360994
3906263.0	16.850103519668735	8.598035309308994
3918338.0	18.90103519668737	6.836777902718307
3930413.0	18.43544513457557	6.170349188638423
3942488.0	18.250931677018635	5.9807143469136586
3954563.0	14.726045548654245	9.395699646255732
3966638.0	19.958674948240166	6.1100196026292295
3978713.0	18.539958592132503	6.643666327972284
3990788.0	18.802484472049688	6.645573255358755
4002863.0	15.99072463768116	9.595690026295417
4014938.0	16.114285714285714	7.889275158459105
4027013.0	15.834368530020704	9.000708506733702
4039088.0	18.079503105590064	5.773889969771054
4051163.0	18.545755693581782	6.017682708151323
4063238.0	17.168530020703933	6.833597429628685
4075313.0	16.13134575569358	7.436299531664769
4087388.0	20.0	0.0
4099463.0	12.073706004140787	9.315131615744006
4111538.0	13.618219461697722	9.968542654275174
4123613.0	18.9807867494824	6.9673417406983145
4135688.0	14.184596273291925	9.118311383390681
4147763.0	19.173416149068323	3.915970379939457
4159838.0	18.1551966873706	5.140010714475947
4171913.0	13.788819875776397	9.878487407369455
4183988.0	14.754120082815735	9.618942663880189
4196063.0	18.530848861283644	6.627504019146989
4208138.0	14.336977225672879	8.96029890805765
4220213.0	7.799171842650104	9.728470948609017
4232288.0	15.463188405797101	8.87178046464386
4244363.0	19.170186335403727	4.590159606962628
4256438.0	20.0	0.0
4268513.0	17.344927536231886	6.630758367014977
4280588.0	17.42575569358178	6.992542611519292
4292663.0	19.226915113871634	4.1470586248683805
4304738.0	18.999585921325053	6.923432172230638
4316813.0	19.44182194616977	5.015792863927918
4328888.0	17.447619047619046	7.209867864044195
4340963.0	19.487370600414078	5.103605675428811
4353038.0	13.719254658385093	9.484130801504238
4365113.0	12.3624016563147	9.826890895857602
4377188.0	19.4351966873706	5.00306324384833
4389263.0	9.77639751552795	10.447205338217584
4401338.0	18.58128364389234	6.703739570090897
4413413.0	15.502774327122154	8.724326428762899
4425488.0	17.250683229813664	7.1051901246957865
4437563.0	16.679917184265012	8.453266975985542
4449638.0	15.39047619047619	8.334621846553793
4461713.0	20.0	0.0
4473788.0	18.5175983436853	6.606352423201815
4485863.0	16.989151138716355	8.961200008372879
4497938.0	17.99478260869565	7.8211689171001595
4510013.0	19.645300207039337	5.44290143061923
4522088.0	13.256314699792961	9.320291094539725
4534163.0	16.88281573498965	8.888636987458991
4546238.0	15.459047619047618	8.388343484754275
4558313.0	17.24737060041408	6.770591626518681
4570388.0	16.13159420289855	7.910158052408225
4582463.0	19.368115942028986	4.590953387050491
4594538.0	18.911801242236024	6.998846400063157
4606613.0	14.21623188405797	8.511675089924365
4618688.0	19.668985507246376	5.440694755294569
4630763.0	14.80944099378882	9.357611133636853
4642838.0	20.0	0.0
4651302.0	19.88769833092932	5.933938125504261
4657339.5	12.294378288562726	9.751069500878685
4666988.0	9.191552795031056	8.688170487405243
4679063.0	19.151304347826088	4.32364580458185
4691138.0	17.045134575569357	5.880458567209068
4703213.0	15.727536231884057	8.88087716929281
4715288.0	14.339627329192547	8.71503781162027
4722679.5	11.687592319054653	9.006562517961871
4728717.0	15.633607344934344	9.271390658596752
4739438.0	19.62815734989648	5.372539641046588
4751513.0	19.32670807453416	4.491012418885509
4763588.0	16.5407867494824	8.171971488718153
4775663.0	18.481407867494823	6.236173111168721
4787738.0	15.40952380952381	8.163408738757653
4799813.0	10.01407867494824	8.910914051541202
4811888.0	10.612505175983436	10.273211863267381
4819084.5	16.833477135461603	7.741231227303673
4825049.5	14.927798585101955	9.787738939173163
