#Position (bp)	Coverage	Std
6038.0	19.335403726708076	4.857471673195905
18113.0	8.597432712215321	10.194652111622968
30188.0	18.47527950310559	6.5421835522606635
42263.0	16.45465838509317	8.394171299255351
54338.0	20.0	0.0
66413.0	20.0	0.0
78488.0	20.0	0.0
90563.0	20.0	0.0
102638.0	14.473540372670808	9.24023966060985
114713.0	19.98583850931677	6.1666302947839
126788.0	17.274202898550726	7.32604757593657
138863.0	20.0	0.0
150938.0	20.0	0.0
163013.0	19.999917184265012	6.242093135165042
175088.0	19.545755693581782	4.967955284636217
187163.0	16.379213250517598	8.285895621632463
199238.0	20.0	0.0
211313.0	20.0	0.0
223388.0	18.45383022774327	6.508157009511641
235463.0	20.0	0.0
247538.0	16.43561076604555	8.368035406422882
259613.0	19.998923395445136	6.234466410894475
271688.0	20.0	0.0
283763.0	19.999917184265012	6.242093135165042
295838.0	18.44910973084886	6.499007728051673
307913.0	17.420207039337473	7.500028985451236
319988.0	19.87966873706004	6.947767265769346
332063.0	20.03743271221532	1.2538635942731
344138.0	20.0	0.0
356213.0	20.0	0.0
368288.0	18.450683229813663	6.502797614226834
380363.0	18.208033126293994	5.836530918936512
392438.0	20.0	0.0
404513.0	16.43064182194617	8.361203911450866
416588.0	18.574741200828157	6.487382242814836
428663.0	19.98128364389234	6.186306925358717
440738.0	20.0	6.2423452088140845
452813.0	19.386915113871634	4.592729874689275
464888.0	19.999917184265012	6.242093135165042
476963.0	19.878426501035197	5.818304805306561
489038.0	20.0	0.0
501113.0	20.000082815734988	0.05827044820980982
513188.0	18.639668737060042	6.792566878825162
525263.0	18.47080745341615	6.538479825349394
537338.0	19.648861283643893	5.413769730189065
549413.0	19.325879917184263	4.635411452878173
561488.0	20.0	0.0
573563.0	14.005879917184265	8.717707640259288
585638.0	18.452505175983436	6.493098741197454
597713.0	20.0	0.0
609788.0	16.445548654244305	8.381681692340651
621863.0	19.98749482401656	6.208709570769236
633938.0	17.2679917184265	6.960414542282241
646013.0	20.0	0.0
658088.0	17.368944099378883	7.093781722779096
670163.0	20.0	0.0
682238.0	20.0	0.0
694313.0	16.216231884057972	8.09891744420919
706388.0	20.0	0.0
718463.0	19.30650103519669	4.515874920100851
730538.0	19.999917184265012	6.2367839565021645
742613.0	20.0	0.0
754688.0	17.281159420289853	7.345228447936862
766763.0	19.74418219461698	5.57084989297151
778838.0	19.730766045548656	5.5204944718069004
790913.0	17.72513457556936	7.800058395491977
802988.0	0.0	0.0
815063.0	15.137060041407867	8.416118814549916
827138.0	18.577971014492753	6.725052817913529
839213.0	19.991884057971014	6.1857982006271435
851288.0	19.05010351966874	3.9519473932173974
863363.0	17.08273291925466	7.022253889560031
875438.0	20.008944099378883	0.6129047021463186
887513.0	20.000248447204967	0.10092737687920153
899588.0	19.99983436853002	6.244480792881887
911663.0	15.236356107660455	8.776059095660058
923738.0	20.0	0.0
935813.0	19.38128364389234	4.7048189031006356
947888.0	19.980041407867496	6.179717039760912
959963.0	19.85474120082816	5.838538346256189
972038.0	20.0	6.2423452088140845
984113.0	20.0	0.0
996188.0	19.925548654244306	5.9789970561208206
1008263.0	18.172256728778468	5.9577532691915955
1020338.0	16.288612836438922	7.972265589751786
1032413.0	20.0	0.0
1044488.0	19.999917184265012	6.242093135165042
1056563.0	20.0	0.0
1068638.0	11.887204968944099	10.109901261618173
1080713.0	10.08927536231884	8.729379725580435
1092788.0	19.69855072463768	5.56053082947933
1104863.0	17.24438923395445	7.289352398196509
1116938.0	19.61002070393375	5.225768292252003
1129013.0	19.214492753623187	3.967236418883128
1141088.0	17.871635610766045	8.192280363667727
1153163.0	18.552380952380954	6.75835500094813
1165238.0	19.170186335403727	4.438538173544575
1177313.0	18.11113871635611	5.729904121557009
1189388.0	20.0	0.0
1201463.0	19.970848861283645	6.126283192580438
1213538.0	15.91047619047619	9.583876211106531
1225613.0	14.442236024844721	9.564686603002976
1237688.0	16.427412008281575	8.321127292638293
1249763.0	18.456314699792962	6.51559683148009
1261838.0	20.0	6.2423452088140845
1273913.0	16.4096066252588	8.255194738201606
1285988.0	19.619958592132505	5.316593812983715
1298063.0	19.941532091097308	6.063070852080645
1310138.0	9.677018633540373	10.544846552694628
1322213.0	10.4424016563147	10.36821867979898
1334288.0	19.796107660455487	5.671336524225526
1346363.0	19.874948240165633	5.877852595864952
1358438.0	20.0	0.0
1370513.0	20.0	0.0
1382588.0	18.467163561076603	6.531788806318831
1394663.0	19.869730848861284	5.834160840447863
1406738.0	20.000082815734988	0.05827044820980982
1418813.0	18.396604554865423	6.35113983672796
1430888.0	19.989730848861285	6.18072204938548
1442963.0	20.0	0.0
1455038.0	19.99718426501035	6.213956108438353
1467113.0	20.0	0.0
1479188.0	20.0	0.0
1491263.0	20.0	6.2423982756536835
1503338.0	16.382608695652173	8.301662384347205
1515413.0	20.0	0.0
1527488.0	20.0	0.0
1539563.0	18.523146997929608	6.62134699474697
1551638.0	19.650020703933748	5.41552862706486
1563713.0	20.000082815734988	0.05827044820980982
1575788.0	19.815486542443065	5.703023062349428
1587863.0	18.516356107660457	6.62574813151522
1599938.0	19.975320910973085	6.175346697335961
1612013.0	19.96231884057971	6.126398095389199
1624088.0	13.37639751552795	9.513312020009755
1636163.0	19.68215320910973	5.435684562837204
1648238.0	20.000082815734988	0.05827044820980982
1660313.0	6.958012422360248	9.75919590754816
1672388.0	17.238592132505175	7.22238870116561
1684463.0	20.0	0.0
1696538.0	17.471635610766047	7.5978366758709095
1708613.0	19.993871635610766	6.193464798574393
1720688.0	19.361490683229814	4.986316680403188
1732763.0	15.723975155279502	9.279778322475472
1744838.0	20.0	0.0
1756913.0	19.999917184265012	6.242093135165042
1768988.0	19.99983436853002	6.239186919475093
1781063.0	17.452505175983436	7.507412486071672
1793138.0	20.0	0.0
1805213.0	17.41896480331263	7.424959306550692
1817288.0	15.911055900621118	9.335801211733804
1829363.0	17.297639751552794	7.186575937538277
1841438.0	13.88935817805383	10.224263756289647
1853513.0	20.0	0.0
1865588.0	20.0	0.0
1877663.0	19.966128364389235	6.138444175392486
1889738.0	20.0	0.0
1901813.0	18.43561076604555	6.265816426176438
1913888.0	20.000993788819876	0.20308184563091058
1925963.0	16.024513457556935	7.538395851126522
1938038.0	19.964886128364387	6.102105667864212
1950113.0	19.97142857142857	6.118748975641598
1962188.0	20.0	0.0
1974263.0	13.923395445134576	10.204371246999193
1986338.0	19.980207039337476	6.147005195853243
1998413.0	16.39544513457557	8.328548522815629
2010488.0	19.953706004140788	6.0752356837275405
2022563.0	20.0	0.0
2034638.0	18.499378881987578	6.580603910439143
2046713.0	19.16521739130435	4.42358632130413
2058788.0	19.643064182194617	5.401441414861226
2070863.0	20.0	0.0
2082938.0	19.83751552795031	5.767740658016503
2095013.0	19.999917184265012	6.242093135165042
2107088.0	20.000082815734988	0.05827044820980982
2119163.0	19.874616977225674	5.867360677941298
2131238.0	16.84207039337474	8.905810325677042
2143313.0	2.5265424430641823	5.759945939474855
2155388.0	3.3954451345755694	6.55150007319772
2167463.0	5.462194616977226	8.255315120773478
2179538.0	5.050186335403727	7.746447793417901
2191613.0	3.3544513457556935	6.886996779270421
2203688.0	4.048612836438924	7.250193115154889
2215763.0	1.131097308488613	3.899089451490519
2227838.0	4.75991718426501	7.947373486983918
2239913.0	12.53184265010352	10.14483927793611
2251988.0	18.53167701863354	6.730665892319813
2264063.0	18.94575569358178	7.318373598860964
2276138.0	20.0	0.0
2288213.0	18.90103519668737	7.256096173357865
2300288.0	14.397432712215322	9.224474601678876
2312363.0	19.660372670807455	5.43895922329927
2324438.0	19.998592132505177	6.230254108187561
2336513.0	19.506418219461697	5.137488571264738
2348588.0	19.998923395445136	6.230227523104436
2360663.0	16.44049689440994	8.369119022281243
2372738.0	17.488198757763975	7.622865244392132
2384813.0	18.8688198757764	7.2117399111853615
2396888.0	19.58120082815735	5.408665694630541
2408963.0	17.47494824016563	7.6028489810991
2421038.0	20.0	0.0
2433113.0	19.994865424430643	6.195456827402403
2445188.0	14.692173913043478	9.576463556256373
2457263.0	18.31055900621118	6.392347909903077
2469338.0	17.46616977225673	7.565898210720894
2481413.0	19.968695652173913	6.148843921705849
2493488.0	20.0	0.0
2505563.0	20.00016563146998	6.2428891225355985
2517638.0	19.37233954451346	4.803759742166076
2529713.0	20.0	0.0
2541788.0	20.0	0.0
2553863.0	10.319751552795031	10.200901190246267
2565938.0	14.442318840579711	9.419243770553436
2578013.0	19.926459627329194	6.018762933226131
2590088.0	20.0	0.0
2602163.0	16.290931677018634	7.8776145878179955
2614238.0	19.63552795031056	5.361406446915486
2626313.0	20.0	0.0
2638388.0	18.467163561076603	6.532549494535096
2650463.0	18.47983436853002	6.531427448380449
2662538.0	14.615486542443064	9.602992977196372
2674613.0	12.238178053830227	9.832619899023603
2686688.0	17.884140786749484	7.874092014433144
2698763.0	16.650351966873707	8.69679267882998
2710838.0	20.0	0.0
2722913.0	19.999917184265012	6.2423452088140845
2734988.0	20.0	0.0
2747063.0	17.498136645962735	7.637843017680641
2759138.0	20.000082815734988	0.05827044820980982
2771213.0	18.864513457556935	6.902893443201824
2783288.0	18.749233954451345	6.724172272750244
2795363.0	18.8607867494824	6.783013737441405
2807438.0	19.700372670807454	5.414825136875606
2819513.0	20.0	0.0
2831588.0	15.71511387163561	9.159479584156951
2843663.0	19.973581780538304	6.130749298130021
2855738.0	18.882898550724637	6.892237659758415
2867813.0	20.0	0.0
2879888.0	19.575155279503104	5.400138024461025
2891963.0	17.187412008281573	6.731299530903463
2904038.0	19.949648033126294	6.057112582447098
2916113.0	19.995776397515527	6.207829158179439
2928188.0	20.0	0.0
2940263.0	19.812670807453415	5.8221466233982655
2952338.0	18.3248033126294	6.19920518514561
2964413.0	17.203312629399587	7.3303871363904225
2976488.0	18.512215320910972	6.428308253182139
2988563.0	17.69159420289855	7.713530367130064
3000638.0	20.0	0.0
3012713.0	20.0	0.0
3024788.0	19.947246376811595	6.081285142591759
3036863.0	19.99966873706004	6.238709055824756
3048938.0	16.39768115942029	8.3207043020898
3061013.0	18.799089026915112	6.719527490042809
3073088.0	20.0	0.0
3085163.0	19.497722567287784	4.932034969877991
3097238.0	18.271884057971015	6.031779194271553
3109313.0	19.994865424430643	6.193304338843712
3121388.0	16.785672877846793	8.622215996810343
3133463.0	17.467080745341615	7.591430277924989
3145538.0	16.42070393374741	8.345539714499838
3157613.0	18.476107660455487	6.541360683062916
3169688.0	20.0	0.0
3181763.0	20.0	0.0
3193838.0	17.386749482401655	7.379351192114597
3205913.0	18.47544513457557	6.519866121655137
3217988.0	19.982525879917183	6.19034177270851
3230063.0	18.850683229813665	6.901531621050224
3242138.0	18.365134575569357	6.212423271039309
3254213.0	18.45664596273292	6.4079402090349795
3266288.0	19.608281573498964	5.4625015693769035
3278363.0	14.869813664596274	9.768386072408653
3290438.0	17.535403726708076	7.725438606080221
3302513.0	19.927619047619046	6.01789601636387
3314588.0	19.77399585921325	5.65543400168475
3326663.0	19.374492753623187	4.733826119625525
3338738.0	16.91511387163561	8.837375925608098
3350813.0	18.487784679089028	6.557154359318186
3362888.0	20.0	0.0
3374963.0	19.999751552795033	6.241827783484173
3387038.0	19.998592132505177	6.217373640826809
3399113.0	20.0	0.0
3411188.0	20.0	0.0
3423263.0	16.95072463768116	8.810684272512349
3435338.0	20.0	0.0
3447413.0	19.465010351966875	5.056082985402779
3459488.0	20.00016563146998	0.08340576562289569
3471563.0	19.99966873706004	6.238709055824756
3483638.0	16.38592132505176	8.30355757028163
3495713.0	20.0	0.0
3507788.0	20.0	0.0
3519863.0	20.0	0.0
3531938.0	20.0	0.0
3544013.0	16.999585921325053	8.870590205866465
3556088.0	18.447701863354037	6.497752438303754
3568163.0	19.998012422360247	6.2389214441880485
3580238.0	16.111635610766047	7.799272674057908
3592313.0	20.0	0.0
3604388.0	19.850269151138715	5.800285564470045
3616463.0	19.999917184265012	6.244739400994683
3628538.0	16.392298136645962	8.260514975499742
3640613.0	20.0	0.0
3652688.0	10.152380952380952	10.018574881194606
3664763.0	14.58351966873706	9.500293119592575
3676838.0	16.232380952380954	7.720489798770492
3688913.0	20.137474120082814	2.6475505301171847
3700988.0	19.998343685300206	6.228206724749203
3713063.0	18.487784679089028	6.560689758212904
3725138.0	20.0	0.0
3737213.0	20.0	0.0
3749288.0	19.82144927536232	5.7295355518359035
3761363.0	19.21863354037267	4.258325179379016
3773438.0	19.892587991718425	5.833415556947868
3785513.0	20.0	0.0
3797588.0	20.000082815734988	0.05827044820980982
3809663.0	20.0	0.0
3821738.0	18.41929606625259	6.377009690128417
3833813.0	15.19064182194617	8.576099486459814
3845888.0	19.833788819875778	5.860659450313298
3857963.0	18.769937888198758	6.882275371249995
3870038.0	20.0	0.0
3882113.0	19.999585921325053	6.243704904275747
3894188.0	19.99983436853002	6.242093135165042
3906263.0	17.171511387163562	7.085967236518852
3918338.0	20.0	0.0
3930413.0	19.999917184265012	6.242093135165042
3942488.0	18.462111801242237	6.5231551257831555
3954563.0	15.80256728778468	9.256639942375113
3966638.0	19.998509316770186	6.216740906200292
3978713.0	18.48944099378882	6.568133119144848
3990788.0	20.0	0.0
4002863.0	15.97192546583851	9.578642564306342
4014938.0	17.3903933747412	7.230468085612441
4027013.0	17.548571428571428	7.095783602079212
4039088.0	19.966045548654243	6.140582177807058
4051163.0	20.0	0.0
4063238.0	18.472049689440993	6.539132086692007
4075313.0	19.11055900621118	4.089323573377958
4087388.0	19.999917184265012	6.2423452088140845
4099463.0	17.4592132505176	7.219670622150262
4111538.0	20.0	6.2423651089318
4123613.0	19.98111801242236	6.185784812569219
4135688.0	14.443892339544513	9.495296863494048
4147763.0	19.889689440993788	5.910337646641561
4159838.0	20.0	0.0
4171913.0	14.308737060041407	9.275957926011447
4183988.0	15.06335403726708	8.657671713752237
4196063.0	18.493581780538303	6.576512571138571
4208138.0	16.455486542443065	8.39530579671103
4220213.0	10.060703933747412	9.867087730929278
4232288.0	15.868902691511387	9.460826939375417
4244363.0	19.163561076604555	4.5778745961204965
4256438.0	20.000082815734988	0.05827044820980982
4268513.0	19.976149068322982	6.1115171456804545
4280588.0	18.201656314699793	5.894300155838873
4292663.0	19.966790890269152	6.13978641531388
4304738.0	20.0	0.0
4316813.0	20.0	0.0
4328888.0	18.473706004140787	6.540904895578445
4340963.0	20.0	0.0
4353038.0	17.481573498964803	7.612863691264974
4365113.0	18.241325051759834	6.128898387568077
4377188.0	20.0	0.0
4389263.0	10.079420289855072	9.943742375100044
4401338.0	20.0	6.239691291402829
4413413.0	16.965465838509317	8.974331927245206
4425488.0	19.54898550724638	5.028325563347552
4437563.0	18.582774327122152	7.1945056100530556
4449638.0	20.0	0.0
4461713.0	20.0	0.0
4473788.0	18.368778467908903	6.220456468374988
4485863.0	19.998674948240165	6.226511141384781
4497938.0	20.0	0.0
4510013.0	20.0	0.0
4522088.0	16.353954451345757	8.18483170134219
4534163.0	20.0	0.0
4546238.0	20.0	0.0
4558313.0	19.18840579710145	4.626460935396462
4570388.0	17.633623188405796	7.891757368833005
4582463.0	20.0	0.0
4594538.0	18.93167701863354	6.825236327899352
4606613.0	17.03801242236025	7.006492109252579
4618688.0	20.0	0.0
4630763.0	20.0	0.0
4642838.0	20.0	0.0
4651302.0	19.88975891201319	5.939144644629308
4657339.5	12.636388811963444	10.102918190695
4666988.0	16.547246376811593	7.9368104842263865
4679063.0	19.99983436853002	6.2418543191598825
4691138.0	20.0	0.0
4703213.0	18.466749482401656	6.133180302348691
4715288.0	16.437763975155278	7.785690542634795
4722679.5	15.59490398818316	8.778014869644428
4728717.0	15.599444859613538	9.232735656776423
4739438.0	20.0	0.0
4751513.0	19.674534161490683	5.412622315593705
4763588.0	18.464761904761904	6.526531296641848
4775663.0	19.133747412008283	4.502550461963293
4787738.0	17.279503105590063	7.43170422872649
4799813.0	17.483561076604555	7.662351832875207
4811888.0	20.0	0.0
4819084.5	19.695858498705782	5.384964528023924
4825049.5	7.914273824386184	8.9565813546825
