#Position (bp)	Coverage	Std
6038.0	19.439668737060043	5.068156585991029
18113.0	8.612008281573498	10.206546025984418
30188.0	18.641821946169774	6.792152334373348
42263.0	16.612008281573498	8.578416751035785
54338.0	20.0	0.0
66413.0	19.631635610766047	5.375729523413796
78488.0	19.585093167701864	5.291150469597844
90563.0	19.595859213250517	5.310289242842627
102638.0	14.915610766045548	9.694398715734119
114713.0	19.563892339544513	5.19473375633168
126788.0	16.947494824016562	8.783407093243001
138863.0	18.866418219461696	6.925118560771746
150938.0	20.0	0.0
163013.0	20.0	0.0
175088.0	20.0	0.0
187163.0	15.625424430641822	8.90881341828075
199238.0	19.76977225672878	5.747301103935311
211313.0	19.35072463768116	4.6922251891477735
223388.0	18.231966873706003	5.946225554390391
235463.0	20.0	0.0
247538.0	16.6111801242236	8.576437459872576
259613.0	20.0	0.0
271688.0	19.554451345755695	5.236003723227101
283763.0	19.231469979296065	4.282227705305124
295838.0	18.448198757763976	6.500364697524914
307913.0	17.530434782608694	7.284897449440266
319988.0	19.025175983436853	3.7791845714181167
332063.0	19.203975155279505	4.206265660589378
344138.0	20.0	0.0
356213.0	19.620207039337473	5.365120078577641
368288.0	18.17474120082816	5.844074700902686
380363.0	18.780786749482402	6.797649088199094
392438.0	19.196521739130436	4.193310259410461
404513.0	16.605383022774326	8.56759748751507
416588.0	20.0	0.0
428663.0	19.179296066252586	4.149035159362135
440738.0	20.0	0.0
452813.0	20.0	0.0
464888.0	19.273706004140788	4.381052748872787
476963.0	19.65631469979296	5.424055002561042
489038.0	20.0	0.0
501113.0	20.0	0.0
513188.0	18.656728778467908	6.816615919060698
525263.0	18.49192546583851	6.568322247184373
537338.0	20.0	0.0
549413.0	20.0	0.0
561488.0	18.834865424430642	6.6783355434921035
573563.0	15.25879917184265	8.651691154587555
585638.0	18.116853002070393	5.741736342944012
597713.0	19.139710144927538	4.055811463228882
609788.0	15.87329192546584	9.33656406669116
621863.0	19.584265010351967	5.297438734224033
633938.0	18.29151138716356	6.037879051194467
646013.0	18.653084886128365	6.56467742147572
658088.0	14.62368530020704	9.398281856986097
670163.0	20.0	0.0
682238.0	20.0	0.0
694313.0	15.667908902691511	9.10493234245387
706388.0	19.50807453416149	5.146668704877359
718463.0	19.998923395445136	6.241688469335855
730538.0	20.0	0.0
742613.0	19.607453416149067	5.335338649918744
754688.0	17.13871635610766	6.9609677821239835
766763.0	19.54832298136646	5.223065582459686
778838.0	19.222360248447206	4.142363074701455
790913.0	18.514285714285716	6.450961698250744
802988.0	18.98111801242236	6.749465127186418
815063.0	16.97648033126294	8.715455917084896
827138.0	17.752380952380953	7.794020110469413
839213.0	19.562732919254657	5.250061618488835
851288.0	18.755693581780537	6.843812093793581
863363.0	16.440745341614907	8.129816298261497
875438.0	20.0	0.0
887513.0	16.067494824016563	6.550792154143717
899588.0	19.62815734989648	5.376545952264483
911663.0	15.755942028985507	9.350811791466036
923738.0	19.558095238095238	5.243811298646985
935813.0	19.559171842650102	5.23696844646946
947888.0	20.0	0.0
959963.0	19.855072463768117	5.839644618926935
972038.0	19.236687370600414	4.278445181102808
984113.0	19.65383022774327	5.4247725620431755
996188.0	20.0	0.0
1008263.0	17.2207867494824	6.780656936360431
1020338.0	16.827080745341615	8.89931255632452
1032413.0	19.570186335403726	5.266205394271893
1044488.0	20.0	0.0
1056563.0	20.0	0.0
1068638.0	12.891345755693582	9.774649257949976
1080713.0	7.827826086956522	8.988209438074499
1092788.0	19.9103933747412	5.981316666781903
1104863.0	17.069316770186337	6.800688066516053
1116938.0	19.43022774327122	4.854615101599619
1129013.0	16.106004140786748	6.963804676278491
1141088.0	17.57929606625259	7.655766848954364
1153163.0	18.213995859213252	6.029149344803641
1165238.0	20.0	0.0
1177313.0	18.248447204968944	5.970319966039879
1189388.0	20.0	0.0
1201463.0	19.5055900621118	5.144978858403227
1213538.0	15.998343685300208	9.676913252867346
1225613.0	14.556521739130435	9.685232403410593
1237688.0	16.615320910973086	8.582856426076452
1249763.0	18.284886128364388	6.034339277634158
1261838.0	19.473291925465837	5.076679112121766
1273913.0	16.161490683229815	7.949217704390869
1285988.0	19.346583850931676	4.466549239827232
1298063.0	18.820703933747414	6.70418428718377
1310138.0	18.52057971014493	6.437120609335393
1322213.0	18.260041407867494	5.987633909514552
1334288.0	20.0	0.0
1346363.0	19.960745341614906	6.057987557804784
1358438.0	20.0	0.0
1370513.0	19.455072463768115	5.038690881280715
1382588.0	18.311387163561076	6.07289058027559
1394663.0	19.573416149068322	5.2008280914138
1406738.0	19.544679089026914	5.106622988207107
1418813.0	17.905590062111802	7.848793606447078
1430888.0	19.62815734989648	5.369610061756896
1442963.0	18.716935817805382	6.501301032398947
1455038.0	19.60223602484472	5.203518478382239
1467113.0	19.580372670807453	5.247324074029371
1479188.0	18.791552795031055	6.6222537180644325
1491263.0	20.0	0.0
1503338.0	15.684472049689441	8.980932181969912
1515413.0	19.233788819875777	4.2875813738361925
1527488.0	19.61913043478261	5.357342439346429
1539563.0	18.62111801242236	6.763254756907528
1551638.0	19.98302277432712	6.191773076448115
1563713.0	20.0	0.0
1575788.0	19.442650103519668	5.021156070226607
1587863.0	18.22608695652174	5.928532265579447
1599938.0	19.650848861283645	5.414243923862382
1612013.0	19.61242236024845	5.340458491029578
1624088.0	13.953623188405798	10.107885940099138
1636163.0	20.0	0.0
1648238.0	19.021946169772256	3.7529836301753856
1660313.0	7.805217391304348	9.42887068977362
1672388.0	15.30136645962733	8.186850032677828
1684463.0	18.463768115942027	6.109246970840566
1696538.0	17.62086956521739	7.749210872801095
1708613.0	19.234285714285715	4.375870218097365
1720688.0	18.528364389233953	6.313808850022069
1732763.0	15.953623188405798	9.630846749363778
1744838.0	19.509233954451346	5.1509310903280845
1756913.0	20.0	0.0
1768988.0	19.019958592132504	3.7478385765477187
1781063.0	16.91594202898551	8.623181237709499
1793138.0	19.40041407867495	4.933554356864077
1805213.0	17.671304347826087	7.858795233741615
1817288.0	15.953540372670808	9.275404373610664
1829363.0	17.387494824016564	7.312209364966342
1841438.0	14.294824016563147	9.197254068560698
1853513.0	19.696066252587993	5.500709534507599
1865588.0	20.0	0.0
1877663.0	18.970600414078675	6.889389327088942
1889738.0	19.784761904761904	5.6024100108441415
1901813.0	17.553623188405798	7.504008590582517
1913888.0	19.615734989648033	5.349445125150638
1925963.0	15.144513457556936	8.192381453010817
1938038.0	19.597018633540372	5.319326846062208
1950113.0	20.0	0.0
1962188.0	19.943933747412007	6.017710232216518
1974263.0	14.25672877846791	9.151542199961773
1986338.0	19.241904761904763	4.266223450064462
1998413.0	16.01424430641822	7.687897509458749
2010488.0	20.0	0.0
2022563.0	18.87817805383023	6.75364789090818
2034638.0	18.236521739130435	5.950604124035963
2046713.0	19.00538302277433	4.06036235366552
2058788.0	20.0	0.0
2070863.0	19.565548654244306	5.259186973197246
2082938.0	19.50144927536232	4.9017933085506105
2095013.0	18.330848861283645	5.652013694177662
2107088.0	19.156770186335404	4.094767655583053
2119163.0	19.777888198757765	5.733191292958604
2131238.0	16.687370600414077	8.662238078581117
2143313.0	18.84902691511387	6.7986967451646345
2155388.0	18.255486542443066	5.763819472089
2167463.0	19.582028985507247	5.273395078331788
2179538.0	19.981366459627328	6.186541192416475
2191613.0	19.588405797101448	5.300689435216219
2203688.0	19.47544513457557	5.084470734511458
2215763.0	20.0	0.0
2227838.0	19.049109730848862	3.7339359170602027
2239913.0	16.618219461697723	8.573313112360198
2251988.0	18.619461697722567	6.860213253239085
2264063.0	19.044306418219463	4.304891531421955
2276138.0	20.0	0.0
2288213.0	19.007204968944098	4.217198347808877
2300288.0	14.49192546583851	9.192489507964492
2312363.0	18.939958592132506	7.032959965755326
2324438.0	19.98857142857143	6.211303394221898
2336513.0	18.1831884057971	5.4043767249035355
2348588.0	19.629068322981368	5.377955155662301
2360663.0	16.613664596273292	8.580636875695568
2372738.0	17.66376811594203	7.848223810342417
2384813.0	18.95983436853002	7.337755113351743
2396888.0	19.67536231884058	5.580615666889458
2408963.0	17.66376811594203	7.848856914571981
2421038.0	18.742857142857144	6.549951400891253
2433113.0	19.494989648033126	5.126402247190516
2445188.0	15.51966873706004	8.869381112854029
2457263.0	18.033871635610765	5.713164486272468
2469338.0	17.650931677018633	7.807497591004455
2481413.0	20.0	0.0
2493488.0	20.0	0.0
2505563.0	20.0	0.0
2517638.0	19.142028985507245	4.049640221220284
2529713.0	19.55527950310559	5.234975543791908
2541788.0	19.637267080745342	5.39369311936066
2553863.0	19.61432712215321	5.2552251430693095
2565938.0	20.0	0.0
2578013.0	19.526128364389233	5.189629729448763
2590088.0	19.65432712215321	5.423398428808115
2602163.0	18.24703933747412	5.968079340499148
2614238.0	19.607453416149067	5.333475670978473
2626313.0	19.518840579710144	5.166342740129484
2638388.0	18.236024844720497	5.945508247659013
2650463.0	18.31552795031056	6.0769394061965
2662538.0	16.607867494824017	8.573733299532437
2674613.0	18.76033126293996	6.56151651409972
2686688.0	17.94343685300207	7.956163541700073
2698763.0	16.759668737060043	8.821210087737866
2710838.0	19.21159420289855	4.218239013222319
2722913.0	19.431055900621118	4.994033707416025
2734988.0	20.0	0.0
2747063.0	17.65714285714286	7.838192845340395
2759138.0	20.0	0.0
2771213.0	19.50509316770186	5.100164410941428
2783288.0	19.0583850931677	3.791971468648945
2795363.0	18.229399585921325	5.702856064094962
2807438.0	19.591055900621118	5.303235466978576
2819513.0	20.0	0.0
2831588.0	15.456728778467909	8.568056617629141
2843663.0	19.580289855072465	5.280167197302562
2855738.0	19.003312629399584	7.103779648905717
2867813.0	20.0	0.0
2879888.0	19.685548654244307	5.603001266143512
2891963.0	17.696397515527952	7.777330757143105
2904038.0	19.617391304347827	5.352540466077185
2916113.0	19.48008281573499	5.089989363292079
2928188.0	19.57432712215321	5.271470932965624
2940263.0	20.0	0.0
2952338.0	18.168115942028987	5.829744533429555
2964413.0	16.913457556935818	8.843333922533086
2976488.0	18.839751552795033	7.08246602898735
2988563.0	18.16919254658385	6.186882537106253
3000638.0	19.559420289855073	5.247379312383764
3012713.0	20.0	0.0
3024788.0	20.0	0.0
3036863.0	19.588405797101448	5.303500933648365
3048938.0	16.60703933747412	8.571173219108742
3061013.0	18.832298136645964	6.873744568227272
3073088.0	20.0	0.0
3085163.0	19.069482401656316	3.6618677423302515
3097238.0	17.686873706004143	7.526945385234181
3109313.0	20.0	0.0
3121388.0	17.180124223602483	7.017900802734292
3133463.0	16.497888198757764	7.954966416222625
3145538.0	16.593788819875776	8.555699854482974
3157613.0	18.08447204968944	5.685985823285939
3169688.0	19.59503105590062	5.311302842824794
3181763.0	19.0824016563147	3.90535015515492
3193838.0	17.253830227743272	7.117964907938354
3205913.0	18.54807453416149	6.496350305193269
3217988.0	19.65590062111801	5.428198744971193
3230063.0	19.645714285714284	5.408397733668321
3242138.0	18.642650103519667	6.793554368103707
3254213.0	18.506832298136647	6.4843816180838765
3266288.0	19.32505175983437	4.632632474510829
3278363.0	14.813581780538302	9.59228468436162
3290438.0	17.67254658385093	7.873697598437193
3302513.0	20.0	0.0
3314588.0	19.363146997929608	4.852567568646683
3326663.0	19.932505175983437	6.037234363329286
3338738.0	18.195445134575568	5.871149237989203
3350813.0	18.616977225672876	6.756577961934101
3362888.0	19.546666666666667	5.214083492490954
3374963.0	20.0	0.0
3387038.0	19.045465838509315	3.8076636245121085
3399113.0	20.0	0.0
3411188.0	19.1768115942029	4.145440759319439
3423263.0	17.337474120082817	7.241558232277773
3435338.0	19.2424016563147	4.301927922563521
3447413.0	19.099627329192547	3.822229845756118
3459488.0	15.213333333333333	7.833579574121869
3471563.0	19.135734989648032	4.274271819377114
3483638.0	16.629813664596274	8.608364173721508
3495713.0	19.63826086956522	5.393017493125662
3507788.0	18.88281573498965	6.757521689116653
3519863.0	19.75320910973085	5.616840988626204
3531938.0	18.969772256728778	7.072063254450446
3544013.0	17.290269151138716	7.168281872970116
3556088.0	18.225258799171844	5.926743962401211
3568163.0	20.0	0.0
3580238.0	15.08737060041408	8.12851739439954
3592313.0	19.65879917184265	5.434838923103686
3604388.0	20.0	0.0
3616463.0	19.17349896480331	4.1278230818974215
3628538.0	16.096066252587992	7.786807338699264
3640613.0	18.9648033126294	6.884302665368933
3652688.0	10.380124223602484	10.24301003896731
3664763.0	15.262111801242236	8.653796782786385
3676838.0	17.06086956521739	6.655504112360539
3688913.0	20.0	0.0
3700988.0	19.62070393374741	5.36243355033706
3713063.0	18.82824016563147	7.063198883502352
3725138.0	19.53126293995859	5.1924854127772715
3737213.0	19.47975155279503	5.092559424364453
3749288.0	18.453084886128366	5.868743750506554
3761363.0	20.0	0.0
3773438.0	19.995031055900622	6.210816718147318
3785513.0	18.225424430641823	5.492339856695805
3797588.0	18.979710144927537	7.063931655585478
3809663.0	18.775155279503107	6.5943698930007155
3821738.0	18.6111801242236	6.753329061740517
3833813.0	15.41175983436853	8.790235501147366
3845888.0	19.617722567287785	5.332621588118774
3857963.0	19.760910973084886	5.63745240026179
3870038.0	19.609937888198758	5.341621406900567
3882113.0	19.609772256728778	5.344612813699826
3894188.0	19.60248447204969	5.330213891038859
3906263.0	17.473291925465837	7.604264903361594
3918338.0	20.0	0.0
3930413.0	19.998923395445136	6.2416752011595555
3942488.0	18.652587991718427	6.809991441760628
3954563.0	15.236438923395445	8.46899105701556
3966638.0	20.0	0.0
3978713.0	18.320745341614906	6.088206023780051
3990788.0	19.568530020703935	5.267258923116178
4002863.0	16.175983436853002	8.05490990011464
4014938.0	14.881325051759834	9.230411523567621
4027013.0	16.293167701863354	7.523357692751612
4039088.0	20.0	0.0
4051163.0	20.0	0.0
4063238.0	18.656728778467908	6.814793310695111
4075313.0	19.194202898550724	4.244055640725451
4087388.0	20.0	0.0
4099463.0	16.447867494824017	8.010014435875878
4111538.0	19.653002070393374	5.421031049510006
4123613.0	19.601325051759833	5.295343475722788
4135688.0	13.82335403726708	9.966910056093242
4147763.0	20.0	0.0
4159838.0	20.0	0.0
4171913.0	15.460041407867495	9.101702796115676
4183988.0	15.424430641821946	9.06322398407472
4196063.0	18.173084886128365	5.839538255661784
4208138.0	16.598757763975154	8.561505643401025
4220213.0	9.968944099378882	10.595807600950298
4232288.0	16.108074534161492	7.932849646858862
4244363.0	19.220703933747412	4.69548922345894
4256438.0	19.572670807453417	5.270685365642922
4268513.0	19.987080745341615	6.178631445752617
4280588.0	18.59958592132505	6.70950625009641
4292663.0	19.15097308488613	3.9899148223809306
4304738.0	20.0	0.0
4316813.0	19.469151138716356	5.071701214494965
4328888.0	18.67494824016563	6.846921298141226
4340963.0	19.549482401656316	5.223018014928247
4353038.0	17.29937888198758	7.189104938284361
4365113.0	17.984265010351965	7.946357421692781
4377188.0	20.0	0.0
4389263.0	10.29399585921325	10.160288872827193
4401338.0	20.0	0.0
4413413.0	16.74368530020704	8.578465020724932
4425488.0	19.07329192546584	3.8854722248316067
4437563.0	19.01399585921325	3.6796907782587525
4449638.0	20.0	0.0
4461713.0	19.57167701863354	5.269318199322783
4473788.0	18.648447204968946	6.80445597516895
4485863.0	19.660455486542443	5.43517414738685
4497938.0	19.523809523809526	5.176911635200564
4510013.0	19.47991718426501	5.093616351496438
4522088.0	16.57482401656315	8.492973590803087
4534163.0	19.606293995859215	5.335121335896404
4546238.0	19.819461697722566	5.721232837071344
4558313.0	18.93374741200828	7.034696619026232
4570388.0	16.427577639751554	8.117322937829849
4582463.0	19.217805383022775	4.239867961536416
4594538.0	19.46832298136646	5.067372185814383
4606613.0	17.262111801242234	7.3200991066840775
4618688.0	20.0	0.0
4630763.0	19.999254658385095	6.242670236126417
4642838.0	20.0	0.0
4651302.0	19.891613434988667	5.943982614549677
4657339.5	12.766131265577402	9.797768185838468
4666988.0	15.682732919254658	8.651829950402586
4679063.0	19.75072463768116	5.611751939846282
4691138.0	20.0	0.0
4703213.0	18.299792960662526	5.846044122657473
4715288.0	16.668985507246376	8.228929426304834
4722679.5	16.015509601181684	7.124395851449694
4728717.0	15.010675776662753	8.370682467436072
4739438.0	19.224844720496893	4.2654274856819185
4751513.0	19.283146997929606	4.398597555526825
4763588.0	18.671635610766046	6.841718331738664
4775663.0	18.165962732919255	5.714403725489493
4787738.0	16.930848861283643	8.866481419008513
4799813.0	17.659627329192546	7.842153969540995
4811888.0	20.0	0.0
4819084.5	19.459879206212253	4.748098025276637
4825049.5	14.5055139409072	9.235492385384731
