#Position (bp)	Coverage	Std
6038.0	19.442815734989647	5.072844114696237
18113.0	8.579958592132504	10.139388786753573
30188.0	18.6592132505176	6.818984581639532
42263.0	16.605383022774326	8.568080781690465
54338.0	19.996770186335404	6.213822833240305
66413.0	20.0	0.0
78488.0	20.0	0.0
90563.0	20.0	0.0
102638.0	14.568530020703934	9.244572018284149
114713.0	19.987743271221532	6.170449849545467
126788.0	17.44927536231884	7.570483162976521
138863.0	19.617225672877847	5.347478653562869
150938.0	20.0	0.0
163013.0	20.0	0.0
175088.0	19.883809523809525	5.817991656500882
187163.0	16.354451345755695	8.235599138356715
199238.0	19.999917184265012	6.242093135165042
211313.0	20.0	0.0
223388.0	18.668322981366458	6.835057601978218
235463.0	20.0	0.0
247538.0	16.617805383022773	8.585027170101862
259613.0	20.0	0.0
271688.0	20.0	0.0
283763.0	19.92273291925466	5.98651348326388
295838.0	18.448861283643893	6.49937088849142
307913.0	17.43354037267081	7.310974761745093
319988.0	20.206128364389233	3.9414661332431997
332063.0	19.92910973084886	6.026559573243683
344138.0	20.0	0.0
356213.0	20.0	0.0
368288.0	18.446211180124223	6.471712615853289
380363.0	19.89913043478261	6.220283391119612
392438.0	19.99966873706004	6.243976807837421
404513.0	16.488612836438925	8.43123444613624
416588.0	20.0	0.0
428663.0	19.960828157349898	6.121976162360091
440738.0	20.0	0.0
452813.0	20.0	0.0
464888.0	20.0	0.0
476963.0	19.92910973084886	6.025899931072211
489038.0	20.0	0.0
501113.0	20.0	0.0
513188.0	18.667494824016565	6.833664083294745
525263.0	18.448695652173914	6.498975870904616
537338.0	20.0	0.0
549413.0	19.989151138716355	6.167718001142313
561488.0	20.0	0.0
573563.0	15.045217391304348	8.39755460806568
585638.0	18.68016563146998	6.85717650095266
597713.0	19.654658385093168	5.42527632369134
609788.0	16.056811594202898	7.736027944907467
621863.0	19.6616149068323	5.442802529844525
633938.0	18.655569358178052	6.811961225299924
646013.0	20.0	0.0
658088.0	17.69664596273292	7.613423907972318
670163.0	20.0	0.0
682238.0	20.000082815734988	0.05827044820980982
694313.0	16.21648033126294	8.099045262343623
706388.0	20.0	0.0
718463.0	20.0	0.0
730538.0	20.0	0.0
742613.0	20.0	0.0
754688.0	17.487370600414078	7.619985708294799
766763.0	19.923975155279503	5.967517317943751
778838.0	19.730848861283643	5.520246941396358
790913.0	18.429399585921324	6.448939438060834
802988.0	19.737888198757766	5.369355575491928
815063.0	17.154451345755692	6.884080113291184
827138.0	17.405631469979298	7.203691255312333
839213.0	19.619710144927538	5.33378621265596
851288.0	19.104927536231884	4.263096979803917
863363.0	17.061946169772256	6.938881360432781
875438.0	20.0	0.0
887513.0	19.644554865424432	5.374204163722733
899588.0	20.0	0.0
911663.0	15.153623188405797	8.68269738931695
923738.0	20.0	0.0
935813.0	19.49590062111801	4.907272669391813
947888.0	19.979544513457558	6.180835940166563
959963.0	19.854906832298138	5.839091508790824
972038.0	20.0	0.0
984113.0	20.0	0.0
996188.0	20.0	0.0
1008263.0	18.493581780538303	6.670847550299546
1020338.0	16.797432712215322	8.835909230264074
1032413.0	20.0	0.0
1044488.0	19.99966873706004	6.239186919475093
1056563.0	20.0	0.0
1068638.0	13.631552795031055	9.686968044567934
1080713.0	8.648033126293996	9.487387290415823
1092788.0	19.955031055900623	6.110277124848189
1104863.0	17.471635610766047	7.601105945466285
1116938.0	20.0	0.0
1129013.0	19.192629399585922	3.905424374445556
1141088.0	17.821946169772257	8.128038530418447
1153163.0	18.547412008281572	6.750998699218731
1165238.0	20.0	0.0
1177313.0	18.652587991718427	6.808531975430204
1189388.0	20.0	0.0
1201463.0	19.973084886128365	6.128526787059851
1213538.0	15.992546583850931	9.669764621028113
1225613.0	14.54567287784679	9.662953524024287
1237688.0	16.464596273291924	8.271560696513546
1249763.0	18.665010351966874	6.82984559783522
1261838.0	20.0	0.0
1273913.0	16.682898550724637	8.734292615594237
1285988.0	19.645631469979296	5.388616173472587
1298063.0	20.0	0.0
1310138.0	9.777225672877847	10.640035336730499
1322213.0	10.53664596273292	10.458554702234306
1334288.0	19.99743271221532	6.221514797604488
1346363.0	19.58418219461698	5.195044620870587
1358438.0	20.0	0.0
1370513.0	20.0	0.0
1382588.0	18.45134575569358	6.503001377449791
1394663.0	19.829565217391306	5.709307355204349
1406738.0	19.997846790890268	6.214475854400556
1418813.0	18.542111801242235	6.5272418469338485
1430888.0	19.92463768115942	6.011603686370848
1442963.0	20.0	0.0
1455038.0	19.99751552795031	6.218325951552518
1467113.0	20.0	0.0
1479188.0	20.0	0.0
1491263.0	19.640993788819877	5.3942688703811115
1503338.0	16.38169772256729	8.301178543881063
1515413.0	20.0	0.0
1527488.0	20.0	0.0
1539563.0	18.676604554865424	6.848614434229527
1551638.0	19.89134575569358	5.827108776002948
1563713.0	20.0	0.0
1575788.0	19.97184265010352	6.121401211735028
1587863.0	18.66351966873706	6.832464217819564
1599938.0	19.919503105590064	5.9963619059943705
1612013.0	20.00231884057971	0.3120757990421705
1624088.0	13.937060041407868	10.086561175946322
1636163.0	19.667412008281573	5.419105837177771
1648238.0	20.0	0.0
1660313.0	8.892091097308489	9.852821689145463
1672388.0	16.87950310559006	8.805842216554709
1684463.0	20.0	0.0
1696538.0	17.669565217391305	7.856713709341774
1708613.0	19.951884057971014	6.066825925605101
1720688.0	19.471635610766047	5.206104077785718
1732763.0	15.808695652173913	9.359420802804793
1744838.0	20.0	0.0
1756913.0	20.0	0.0
1768988.0	19.845383022774328	5.795350460198394
1781063.0	17.662939958592133	7.846693597565709
1793138.0	20.0	0.0
1805213.0	17.553706004140786	7.704264636016895
1817288.0	16.11801242236025	7.808192332084554
1829363.0	17.347412008281573	7.258007643164903
1841438.0	14.10086956521739	8.9942240494991
1853513.0	19.708902691511387	5.524453450009791
1865588.0	19.632463768115944	5.379594911131089
1877663.0	19.944927536231884	6.074540427708707
1889738.0	19.634037267080746	5.379972061161843
1901813.0	18.071221532091098	5.495761589182573
1913888.0	20.0	0.0
1925963.0	16.690517598343686	8.602556315147229
1938038.0	19.965217391304346	6.108250538221331
1950113.0	20.0	0.0
1962188.0	20.0	0.0
1974263.0	13.957929606625259	10.2365925037073
1986338.0	19.99014492753623	6.216174720626015
1998413.0	16.41209109730849	8.349240304638275
2010488.0	20.0	0.0
2022563.0	19.568530020703935	5.256603852105562
2034638.0	18.298550724637682	6.050683105695476
2046713.0	18.89855072463768	7.164670625784792
2058788.0	20.0	0.0
2070863.0	20.000082815734988	0.05827044820980982
2082938.0	19.819461697722566	5.720769613342603
2095013.0	19.47734989648033	5.084926777374769
2107088.0	20.0	0.0
2119163.0	19.83296066252588	5.7307206719826995
2131238.0	16.91511387163561	8.998366541438433
2143313.0	19.69349896480331	5.61126491941516
2155388.0	20.0	0.0
2167463.0	20.0	0.0
2179538.0	19.999917184265012	6.244739400994683
2191613.0	20.0	0.0
2203688.0	20.0	0.0
2215763.0	20.0	0.0
2227838.0	19.974824016563147	6.135522608642185
2239913.0	16.177722567287784	7.794360120589822
2251988.0	18.556853002070394	6.705580013140502
2264063.0	19.053416149068322	4.328584752864716
2276138.0	20.0	0.0
2288213.0	18.916770186335405	7.278261116924041
2300288.0	14.586749482401656	9.432181378061717
2312363.0	19.633706004140787	5.351062664145392
2324438.0	19.596273291925467	5.244056085093149
2336513.0	19.66873706004141	5.419976851271876
2348588.0	20.0	0.0
2360663.0	16.61449275362319	8.580299067695561
2372738.0	17.671221532091096	7.858505434270278
2384813.0	18.86824016563147	7.210895827394846
2396888.0	19.582111801242235	5.407241521290245
2408963.0	17.67287784679089	7.861560963749469
2421038.0	20.0	0.0
2433113.0	20.0	0.0
2445188.0	15.157515527950311	8.264268669759156
2457263.0	18.400828157349896	6.535268230827353
2469338.0	17.691180124223603	7.887122927565803
2481413.0	19.999917184265012	6.242093135165042
2493488.0	20.0	0.0
2505563.0	20.0	0.0
2517638.0	19.864016563146997	5.837587919013755
2529713.0	20.0	0.0
2541788.0	20.0	0.0
2553863.0	10.285962732919254	10.177293770379865
2565938.0	14.498633540372671	9.48003022594792
2578013.0	19.645465838509317	5.386064374011304
2590088.0	19.63569358178054	5.388170464302419
2602163.0	18.14360248447205	5.5704336320309285
2614238.0	19.916438923395447	5.938511709599616
2626313.0	20.0	0.0
2638388.0	18.2887784679089	6.031779194271553
2650463.0	18.681242236024843	6.83240361296336
2662538.0	16.40198757763975	8.325341094983802
2674613.0	20.0	0.0
2686688.0	18.50633540372671	6.49380019663285
2698763.0	16.758260869565216	8.818501161360658
2710838.0	19.89175983436853	5.875900882428517
2722913.0	20.0	0.0
2734988.0	20.0	0.0
2747063.0	17.671304347826087	7.849136519349049
2759138.0	20.0	0.0
2771213.0	19.267908902691513	4.383547255641605
2783288.0	19.544513457556935	4.991761328371007
2795363.0	19.523809523809526	4.943213764226729
2807438.0	20.0	0.0
2819513.0	20.0	0.0
2831588.0	16.38111801242236	8.29937761142726
2843663.0	20.0	0.0
2855738.0	20.0	0.0
2867813.0	20.0	0.0
2879888.0	19.56024844720497	5.369995624027116
2891963.0	17.091594202898552	6.782684078786908
2904038.0	20.0	0.0
2916113.0	19.99461697722567	6.206321495139871
2928188.0	20.0	0.0
2940263.0	19.829151138716355	5.823064015976595
2952338.0	18.575403726708075	6.628103788744448
2964413.0	17.291097308488613	7.447844881221762
2976488.0	18.63262939958592	6.703473961088975
2988563.0	17.794616977225672	7.72383581852649
3000638.0	20.0	0.0
3012713.0	20.0	0.0
3024788.0	19.591884057971015	5.244995643093163
3036863.0	20.0	0.0
3048938.0	16.496894409937887	8.43957943473469
3061013.0	19.055403726708075	3.806880552961108
3073088.0	20.0	0.0
3085163.0	19.871718426501037	5.881915998873614
3097238.0	18.449192546583852	6.500517577737014
3109313.0	19.918509316770187	5.956675883212025
3121388.0	17.43271221532091	7.5439636242204315
3133463.0	17.66111801242236	7.841129550606824
3145538.0	16.606128364389235	8.56707549918265
3157613.0	18.604306418219462	6.6649542314131685
3169688.0	20.0	0.0
3181763.0	20.0	0.0
3193838.0	17.582857142857144	7.658259861050607
3205913.0	18.406128364389232	6.0915989395027905
3217988.0	19.963312629399585	6.13203920094325
3230063.0	19.690683229813665	5.464494847078493
3242138.0	18.36993788819876	6.224449221894418
3254213.0	18.909316770186336	7.268070219838063
3266288.0	19.324223602484473	4.627892749875239
3278363.0	15.140538302277433	8.496980342935965
3290438.0	17.690931677018632	7.8979568603081
3302513.0	19.946335403726707	6.078213478401932
3314588.0	19.279503105590063	4.682596296343956
3326663.0	19.857308488612837	5.798050646928487
3338738.0	18.20223602484472	5.883985353813549
3350813.0	18.648447204968946	6.801534353748232
3362888.0	20.0	0.0
3374963.0	19.99983436853002	6.2418543191598825
3387038.0	19.99809523809524	6.224695357857818
3399113.0	20.0	0.0
3411188.0	20.0	0.0
3423263.0	17.311801242236026	7.199292580844055
3435338.0	19.693581780538302	5.498450751123074
3447413.0	19.353209109730848	4.841290658295082
3459488.0	19.926459627329194	5.983337802843823
3471563.0	19.99983436853002	6.2418543191598825
3483638.0	16.38592132505176	8.303457834437504
3495713.0	20.0	0.0
3507788.0	20.0	0.0
3519863.0	20.0	0.0
3531938.0	20.0	0.0
3544013.0	17.302691511387163	7.187146336604545
3556088.0	18.062277432712214	5.507593102303245
3568163.0	19.999337474120082	6.2429289192400095
3580238.0	15.965465838509317	9.41017466169258
3592313.0	20.0	0.0
3604388.0	19.979875776397517	6.181854164486016
3616463.0	20.0	0.0
3628538.0	16.60952380952381	8.57392648212655
3640613.0	20.0	0.0
3652688.0	10.382608695652173	10.24531403263605
3664763.0	14.727453416149068	9.648583071078525
3676838.0	16.536066252587993	8.08520362132851
3688913.0	20.0	0.0
3700988.0	19.92513457556936	6.013573328911406
3713063.0	18.44927536231884	6.49978499405512
3725138.0	19.946666666666665	6.078881067355729
3737213.0	20.0	0.0
3749288.0	19.87271221532091	5.864755947082586
3761363.0	19.926128364389236	6.016395817558913
3773438.0	19.89913043478261	5.8973342049300275
3785513.0	20.0	0.0
3797588.0	19.999006211180124	6.231882228320785
3809663.0	20.0	0.0
3821738.0	18.621697722567287	6.713405519153172
3833813.0	15.24472049689441	8.632669422980335
3845888.0	20.0	0.0
3857963.0	20.0	0.0
3870038.0	20.0	0.0
3882113.0	20.0	0.0
3894188.0	20.0	0.0
3906263.0	17.36207039337474	7.330212021597567
3918338.0	20.0	0.0
3930413.0	20.0	0.0
3942488.0	18.67743271221532	6.848916735914269
3954563.0	15.62120082815735	9.057794648386524
3966638.0	19.99569358178054	6.212356617355512
3978713.0	18.665010351966874	6.828026520874991
3990788.0	20.0	0.0
4002863.0	16.06625258799172	7.91403083504045
4014938.0	18.509316770186334	6.137283811914822
4027013.0	17.830890269151137	7.677392802797522
4039088.0	19.966045548654243	6.140501257518136
4051163.0	20.0	0.0
4063238.0	18.671635610766046	6.839175909578081
4075313.0	19.456314699792962	4.648595593702343
4087388.0	20.0	0.0
4099463.0	14.255072463768116	9.16781660394905
4111538.0	20.000082815734988	0.05827044820980982
4123613.0	20.0	0.0
4135688.0	14.54600414078675	9.602203853313036
4147763.0	19.851345755693583	5.803318819156001
4159838.0	20.00016563146998	0.08439285046188283
4171913.0	15.46583850931677	9.106505762638541
4183988.0	15.4351966873706	9.0766006350961
4196063.0	18.44927536231884	6.5000398151352625
4208138.0	16.600414078674948	8.564890536164507
4220213.0	10.38376811594203	10.210804978172751
4232288.0	15.983933747412008	9.559225866765711
4244363.0	19.118840579710145	4.4728303321414105
4256438.0	20.0	0.0
4268513.0	19.980207039337476	6.132099975010167
4280588.0	18.597929606625257	6.6959522397875215
4292663.0	19.546583850931675	5.0045445185860125
4304738.0	20.0	0.0
4316813.0	20.0	0.0
4328888.0	18.653416149068324	6.809930636908362
4340963.0	19.717018633540373	5.512703191750059
4353038.0	17.671221532091096	7.858189277203501
4365113.0	18.144099378881986	6.021699889999283
4377188.0	20.0	0.0
4389263.0	10.483064182194617	10.341301943175104
4401338.0	20.0	0.0
4413413.0	17.156107660455486	7.173478875123468
4425488.0	19.65490683229814	5.420106727345669
4437563.0	19.26086956521739	4.7206168667330415
4449638.0	20.0	0.0
4461713.0	20.0	0.0
4473788.0	18.66583850931677	6.831967242128398
4485863.0	19.999006211180124	6.227309120477925
4497938.0	20.0	0.0
4510013.0	20.0	0.0
4522088.0	16.381946169772256	8.300525065085202
4534163.0	20.0	0.0
4546238.0	20.0	0.0
4558313.0	19.302691511387163	4.870284256289363
4570388.0	17.724140786749484	8.007434433773414
4582463.0	20.0	0.0
4594538.0	20.0	0.0
4606613.0	17.267412008281575	7.296052422535143
4618688.0	19.680579710144926	5.506254678064766
4630763.0	20.0	0.0
4642838.0	20.0	0.0
4651302.0	19.899443643107357	5.9645045258273806
4657339.5	14.277208529493215	9.34142677663358
4666988.0	10.993788819875776	10.698774140804264
4679063.0	20.0	0.0
4691138.0	20.0	0.0
4703213.0	18.491677018633542	6.139840368572525
4715288.0	17.78824016563147	7.625944600893756
4722679.5	17.48522895125554	6.8709888258247505
4728717.0	15.700864737909683	9.341423717765789
4739438.0	20.0	0.0
4751513.0	19.709813664596272	5.490613107671733
4763588.0	18.64463768115942	6.795528916171102
4775663.0	18.803478260869564	6.899995499143371
4787738.0	17.349068322981367	7.525938582847658
4799813.0	17.55031055900621	7.698377124561179
4811888.0	20.0	0.0
4819084.5	19.54702329594478	4.980635495557077
4825049.5	15.68976279650437	9.257045095230502
