#Position (bp)	mapping quality
6038.0	59.99747404582081
18113.0	59.880720975437356
30188.0	59.97081081081081
42263.0	59.92382103990327
54338.0	60.0
66413.0	60.0
78488.0	60.0
90563.0	60.0
102638.0	59.94197452405294
114713.0	60.0
126788.0	59.91520462401962
138863.0	60.0
150938.0	60.0
163013.0	60.0
175088.0	60.0
187163.0	60.0
199238.0	59.98509316770186
211313.0	60.0
223388.0	59.968648648648646
235463.0	60.0
247538.0	59.93954927942741
259613.0	60.0
271688.0	60.0
283763.0	60.0
295838.0	60.0
307913.0	59.47987260411907
319988.0	59.92036099637615
332063.0	60.0
344138.0	60.0
356213.0	60.0
368288.0	60.0
380363.0	60.0
392438.0	60.0
404513.0	59.92987038111821
416588.0	60.0
428663.0	59.97216999494753
440738.0	60.0
452813.0	60.0
464888.0	59.99105575247623
476963.0	60.0
489038.0	60.0
501113.0	60.0
513188.0	59.93952483801296
525263.0	59.94816414686825
537338.0	60.0
549413.0	60.0
561488.0	60.0
573563.0	59.95601266835151
585638.0	59.94592232715694
597713.0	60.0
609788.0	59.99264705882353
621863.0	60.0
633938.0	59.93251864380044
646013.0	60.0
658088.0	59.402197802197804
670163.0	60.0
682238.0	60.0
694313.0	59.775153993369656
706388.0	60.0
718463.0	59.99482401656315
730538.0	60.0
742613.0	60.0
754688.0	59.967749366505416
766763.0	59.959489518223506
778838.0	60.0
790913.0	59.53548114255892
802988.0	58.87684571659211
815063.0	59.88403295115498
827138.0	58.763027058036144
839213.0	59.97315825445809
851288.0	59.91273388508404
863363.0	59.99461201520609
875438.0	60.0
887513.0	59.9642212320485
899588.0	60.0
911663.0	59.8692403486924
923738.0	60.0
935813.0	60.0
947888.0	60.0
959963.0	59.942707378456305
972038.0	60.0
984113.0	60.0
996188.0	60.0
1008263.0	60.0
1020338.0	59.94418812323262
1032413.0	60.0
1044488.0	59.98012422360249
1056563.0	60.0
1068638.0	57.656611365295554
1080713.0	55.89996460176991
1092788.0	59.974036191974825
1104863.0	59.95572187624978
1116938.0	0.0
1129013.0	0.0
1141088.0	59.939527310056754
1153163.0	60.0
1165238.0	60.0
1177313.0	59.94600431965443
1189388.0	60.0
1201463.0	59.944024048927126
1213538.0	59.96057384137966
1225613.0	59.966467333594146
1237688.0	59.97811762989618
1249763.0	59.94168466522678
1261838.0	60.0
1273913.0	60.0
1285988.0	59.96562922526758
1298063.0	60.0
1310138.0	59.97276249329958
1322213.0	59.97405180988626
1334288.0	60.0
1346363.0	59.95772344084217
1358438.0	60.0
1370513.0	60.0
1382588.0	59.937365010799134
1394663.0	60.0
1406738.0	60.0
1418813.0	59.68804347826087
1430888.0	60.0
1442963.0	60.0
1455038.0	59.96819454337635
1467113.0	60.0
1479188.0	60.0
1491263.0	60.0
1503338.0	60.0
1515413.0	60.0
1527488.0	60.0
1539563.0	59.909596601870355
1551638.0	59.97216676745168
1563713.0	60.0
1575788.0	59.96421826856177
1587863.0	59.99891774891775
1599938.0	60.0
1612013.0	59.964624234855776
1624088.0	59.820375335120644
1636163.0	60.0
1648238.0	60.0
1660313.0	56.97564322965574
1672388.0	59.3666523619318
1684463.0	60.0
1696538.0	59.968072976054735
1708613.0	59.94029405179491
1720688.0	60.0
1732763.0	60.0
1744838.0	60.0
1756913.0	60.0
1768988.0	60.0
1781063.0	59.93166287015946
1793138.0	60.0
1805213.0	59.970376446996625
1817288.0	59.92778524826934
1829363.0	59.900564971751415
1841438.0	59.94035243191656
1853513.0	60.0
1865588.0	60.0
1877663.0	60.0
1889738.0	60.0
1901813.0	58.96351931330472
1913888.0	60.0
1925963.0	59.91331092454277
1938038.0	59.95764647261554
1950113.0	60.0
1962188.0	60.0
1974263.0	59.90647364996747
1986338.0	60.0
1998413.0	60.0
2010488.0	60.0
2022563.0	60.0
2034638.0	59.938911045755624
2046713.0	59.82659574468085
2058788.0	60.0
2070863.0	60.0
2082938.0	60.0
2095013.0	59.99503105590062
2107088.0	60.0
2119163.0	60.0
2131238.0	59.98626598687318
2143313.0	59.996465490714634
2155388.0	60.0
2167463.0	60.0
2179538.0	60.0
2191613.0	60.0
2203688.0	60.0
2215763.0	60.0
2227838.0	60.0
2239913.0	59.74850956936637
2251988.0	59.97143560266484
2264063.0	60.0
2276138.0	60.0
2288213.0	60.0
2300288.0	59.939647320889705
2312363.0	60.0
2324438.0	60.0
2336513.0	59.91263157894737
2348588.0	60.0
2360663.0	59.96731234866828
2372738.0	59.94760820045558
2384813.0	59.99325829143997
2396888.0	59.99925530233061
2408963.0	59.965792474344354
2421038.0	60.0
2433113.0	60.0
2445188.0	59.76873856469698
2457263.0	59.98555876471895
2469338.0	59.972572431636785
2481413.0	60.0
2493488.0	60.0
2505563.0	60.0
2517638.0	60.0
2529713.0	60.0
2541788.0	60.0
2553863.0	59.93197499271161
2565938.0	60.0
2578013.0	60.0
2590088.0	60.0
2602163.0	59.95428660989499
2614238.0	59.98778151351306
2626313.0	60.0
2638388.0	59.94060475161987
2650463.0	59.92344348772806
2662538.0	60.0
2674613.0	60.0
2686688.0	59.958833812177645
2698763.0	59.92877305595298
2710838.0	60.0
2722913.0	60.0
2734988.0	60.0
2747063.0	59.924877071571665
2759138.0	60.0
2771213.0	59.877366393030655
2783288.0	59.5355249204666
2795363.0	59.632696390658175
2807438.0	60.0
2819513.0	60.0
2831588.0	59.891304347826086
2843663.0	60.0
2855738.0	60.0
2867813.0	60.0
2879888.0	60.0
2891963.0	59.85780195230926
2904038.0	60.0
2916113.0	59.96454140213427
2928188.0	60.0
2940263.0	60.0
2952338.0	59.96743378202345
2964413.0	59.99409904168437
2976488.0	59.99890467135759
2988563.0	59.93019970639559
3000638.0	60.0
3012713.0	60.0
3024788.0	60.0
3036863.0	60.0
3048938.0	59.9913509345933
3061013.0	59.932919952540864
3073088.0	60.0
3085163.0	59.99699376205626
3097238.0	60.0
3109313.0	59.99503105590062
3121388.0	60.0
3133463.0	59.97035347776511
3145538.0	59.98269014871635
3157613.0	59.95569291951241
3169688.0	60.0
3181763.0	60.0
3193838.0	59.939327612575894
3205913.0	59.94769692109209
3217988.0	59.99002311312127
3230063.0	60.0
3242138.0	60.0
3254213.0	59.984346363655966
3266288.0	59.98393224139005
3278363.0	59.94270236482967
3290438.0	59.945330296127565
3302513.0	60.0
3314588.0	59.99585921325052
3326663.0	60.0
3338738.0	59.929805615550755
3350813.0	59.96756756756757
3362888.0	60.0
3374963.0	59.99552791327464
3387038.0	59.97465502675303
3399113.0	60.0
3411188.0	59.995527876238114
3423263.0	59.91757373199042
3435338.0	60.0
3447413.0	59.91796469366563
3459488.0	60.0
3471563.0	59.99503105590062
3483638.0	59.99394205576338
3495713.0	60.0
3507788.0	60.0
3519863.0	60.0
3531938.0	60.0
3544013.0	59.844398340248965
3556088.0	59.91808469072929
3568163.0	60.0
3580238.0	59.97978164173069
3592313.0	60.0
3604388.0	60.0
3616463.0	60.0
3628538.0	59.95039202400542
3640613.0	60.0
3652688.0	59.91230361607643
3664763.0	59.93758141554494
3676838.0	59.87835188268351
3688913.0	60.0
3700988.0	60.0
3713063.0	59.947084233261336
3725138.0	60.0
3737213.0	60.0
3749288.0	60.0
3761363.0	60.0
3773438.0	59.93639761054553
3785513.0	59.995262652665176
3797588.0	60.0
3809663.0	60.0
3821738.0	59.93724247775354
3833813.0	59.8934980454121
3845888.0	60.0
3857963.0	60.0
3870038.0	60.0
3882113.0	60.0
3894188.0	60.0
3906263.0	59.95595469360694
3918338.0	60.0
3930413.0	60.0
3942488.0	59.97405405405405
3954563.0	59.84855754086524
3966638.0	59.95974855268716
3978713.0	59.93952483801296
3990788.0	60.0
4002863.0	59.98857055775678
4014938.0	59.103254769921435
4027013.0	59.006807235939334
4039088.0	60.0
4051163.0	60.0
4063238.0	59.942764578833696
4075313.0	59.97080291970803
4087388.0	60.0
4099463.0	58.57997593880006
4111538.0	60.0
4123613.0	60.0
4135688.0	59.95664384174722
4147763.0	60.0
4159838.0	60.0
4171913.0	59.96968099129976
4183988.0	59.94934170191099
4196063.0	59.96972972972973
4208138.0	59.90447400241838
4220213.0	59.8842504743833
4232288.0	59.91986389190255
4244363.0	59.94372956215229
4256438.0	60.0
4268513.0	59.94582120999298
4280588.0	59.94259447000615
4292663.0	59.99850842120528
4304738.0	60.0
4316813.0	60.0
4328888.0	59.943844492440604
4340963.0	60.0
4353038.0	59.958997722095674
4365113.0	59.88293216630197
4377188.0	60.0
4389263.0	59.854630849857486
4401338.0	60.0
4413413.0	59.95189148596639
4425488.0	60.0
4437563.0	58.87269493935467
4449638.0	60.0
4461713.0	60.0
4473788.0	60.0
4485863.0	59.97316636851521
4497938.0	60.0
4510013.0	60.0
4522088.0	59.95358572988715
4534163.0	60.0
4546238.0	60.0
4558313.0	59.99894108179084
4570388.0	59.91798829849868
4582463.0	60.0
4594538.0	60.0
4606613.0	59.94905396101892
4618688.0	60.0
4630763.0	60.0
4642838.0	60.0
4651302.0	60.0
4657339.5	60.0
4666988.0	59.4825327510917
4679063.0	60.0
4691138.0	60.0
4703213.0	59.848385689354274
4715288.0	59.73987002894887
4722679.5	59.68656341565509
4728717.0	59.99500366397975
4739438.0	60.0
4751513.0	60.0
4763588.0	60.0
4775663.0	59.973589921914204
4787738.0	59.99646909279224
4799813.0	59.97001896474788
4811888.0	60.0
4819084.5	60.0
4825049.5	59.94408945686901
