#Position (bp)	Coverage	Std
6038.0	19.691014492753624	5.533680050999722
18113.0	9.352463768115943	10.055053424964086
30188.0	19.151138716356108	4.389664125957291
42263.0	17.12215320910973	7.1196517466649185
54338.0	20.0	0.0
66413.0	20.0	0.0
78488.0	20.0	0.0
90563.0	20.0	0.0
102638.0	15.913623188405797	9.220891752997478
114713.0	19.94086956521739	5.996914320420098
126788.0	17.81449275362319	7.999912007797659
138863.0	20.0	0.0
150938.0	20.0	0.0
163013.0	20.0	0.0
175088.0	19.894906832298137	5.927805832479471
187163.0	15.999503105590062	9.442650257864026
199238.0	20.0	0.0
211313.0	20.0	0.0
223388.0	19.17184265010352	4.437231897829305
235463.0	20.0	0.0
247538.0	17.118923395445133	7.074287854918284
259613.0	20.0	0.0
271688.0	19.999585921325053	6.230719328780365
283763.0	19.999503105590062	6.222226905253091
295838.0	18.448530020703934	6.485256411633826
307913.0	18.75975155279503	6.420593162874208
319988.0	20.098219461697724	3.2072511013840463
332063.0	19.933084886128363	5.995477937044032
344138.0	20.0	6.2423452088140845
356213.0	20.0	0.0
368288.0	19.189316770186334	4.4640454593736
380363.0	19.978385093167702	6.169671362438758
392438.0	20.0	0.0
404513.0	17.114202898550726	6.974790453006745
416588.0	19.997846790890268	6.18682899408658
428663.0	19.996521739130436	6.201469137365573
440738.0	20.0	6.239691291402829
452813.0	19.981780538302278	6.18785961583315
464888.0	20.0	0.0
476963.0	19.855072463768117	5.713374668575452
489038.0	20.0	0.0
501113.0	19.99966873706004	6.2312177408722835
513188.0	19.15080745341615	4.370037262184142
525263.0	19.17126293995859	4.409241189535319
537338.0	19.99966873706004	6.233875265688057
549413.0	19.999917184265012	6.244752662660497
561488.0	20.0	0.0
573563.0	16.251180124223602	7.956486214268633
585638.0	19.04	3.830659793213927
597713.0	20.0	0.0
609788.0	16.911801242236024	8.915290329333908
621863.0	20.0	0.0
633938.0	19.170269151138715	4.393586517239878
646013.0	19.999503105590062	6.222985509724756
658088.0	9.386335403726708	10.197003578874416
670163.0	20.0	0.0
682238.0	19.99966873706004	6.234127671622305
694313.0	15.830062111801242	9.260682936328452
706388.0	20.0	0.0
718463.0	19.89664596273292	5.889661785028828
730538.0	20.0	0.0
742613.0	20.00016563146998	0.08240685814387208
754688.0	18.620786749482402	6.824617478416507
766763.0	19.82815734989648	5.715468821621868
778838.0	19.76405797101449	5.549162919732207
790913.0	19.06393374741201	3.939185736292511
802988.0	19.711304347826086	5.082955727074107
815063.0	16.98766045548654	8.624415244077563
827138.0	20.548571428571428	6.729669175001764
839213.0	19.947743271221533	6.017957943138439
851288.0	19.45225672877847	4.933151471103739
863363.0	17.589565217391304	7.798720498124516
875438.0	20.0	6.2423452088140845
887513.0	19.904099378881988	5.764645584626699
899588.0	19.9960248447205	6.102200668780928
911663.0	16.60405797101449	8.392464331585558
923738.0	19.998840579710144	6.228638858449373
935813.0	19.970517598343687	6.113800023278297
947888.0	19.904596273291926	5.911255362322977
959963.0	19.875113871635612	5.864452339497355
972038.0	19.999337474120082	6.229968312598666
984113.0	19.999171842650103	6.2108100510869955
996188.0	19.999254658385095	6.224169812518975
1008263.0	18.498219461697722	6.669742561636791
1020338.0	17.046708074534163	7.064025444924619
1032413.0	19.996273291925466	6.233350494324313
1044488.0	19.99685300207039	6.125120525285633
1056563.0	20.0	0.0
1068638.0	15.066666666666666	7.6330110141972884
1080713.0	11.610269151138716	9.180585329810382
1092788.0	19.993706004140787	6.133868911713629
1104863.0	17.970931677018633	8.224122474537356
1116938.0	19.996190476190478	6.164212482381697
1129013.0	18.947163561076604	6.729072304461807
1141088.0	18.195859213250518	6.182068506130676
1153163.0	18.910144927536233	7.268355075754513
1165238.0	20.061614906832297	1.6158377632109733
1177313.0	18.81631469979296	6.8371412911535385
1189388.0	20.0	0.0
1201463.0	19.971014492753625	6.126742790885945
1213538.0	16.277432712215322	8.256448637239798
1225613.0	14.816563146997929	9.947439509493437
1237688.0	17.121159420289857	7.091551559402831
1249763.0	19.17184265010352	4.437231897829305
1261838.0	19.999585921325053	6.22246647455132
1273913.0	17.12198757763975	7.1471316402616925
1285988.0	19.922070393374742	5.965129866744071
1298063.0	19.934824016563148	5.997860211955029
1310138.0	19.04190476190476	3.868522436087106
1322213.0	19.168447204968945	4.379010731848924
1334288.0	19.981366459627328	6.183896806233503
1346363.0	19.86997929606625	5.833770465727194
1358438.0	20.0	0.0
1370513.0	20.0	0.0
1382588.0	19.16	4.399030572671215
1394663.0	19.85929606625259	5.723136003476213
1406738.0	20.0	0.0
1418813.0	19.01879917184265	3.750908792570986
1430888.0	19.999751552795033	6.236531658073515
1442963.0	20.0	0.0
1455038.0	19.972008281573498	6.127296966521375
1467113.0	19.994699792960663	6.13166103765899
1479188.0	20.0	0.0
1491263.0	19.996770186335404	6.170617614074821
1503338.0	17.094824016563148	7.037727376451776
1515413.0	20.0	6.2423452088140845
1527488.0	19.999751552795033	6.236531658073515
1539563.0	19.17184265010352	4.437231897829305
1551638.0	20.003395445134576	0.37311291925846113
1563713.0	19.996356107660457	6.190515687085339
1575788.0	19.99544513457557	6.210129973335043
1587863.0	19.17184265010352	4.437231897829305
1599938.0	19.999089026915115	6.231802493568018
1612013.0	19.99743271221532	6.215608483477366
1624088.0	15.445134575569359	8.698230466624668
1636163.0	19.679171842650103	5.3657915004686
1648238.0	19.991469979296067	6.141269957213298
1660313.0	11.849606625258799	9.593139370475468
1672388.0	17.499627329192545	7.516683996436025
1684463.0	19.998509316770186	6.217227118537513
1696538.0	18.17697722567288	6.017407460575014
1708613.0	19.952049689440994	6.067890577972926
1720688.0	19.344844720496894	4.613366124418225
1732763.0	16.091594202898552	7.9173682809942845
1744838.0	19.999503105590062	6.235502440319449
1756913.0	19.999585921325053	6.228053808719577
1768988.0	20.0	0.0
1781063.0	18.153623188405795	6.003863490419665
1793138.0	19.999503105590062	6.227548494267003
1805213.0	18.174492753623188	6.051990073598246
1817288.0	16.618219461697723	8.385079917173796
1829363.0	18.34368530020704	6.113759386026553
1841438.0	15.289606625258799	8.675875025230374
1853513.0	20.0	0.0
1865588.0	20.0	0.0
1877663.0	19.966128364389235	6.1384846492289835
1889738.0	19.997846790890268	6.183428062870599
1901813.0	19.316770186335404	5.042880310095229
1913888.0	19.980041407867496	6.182403400073651
1925963.0	16.96712215320911	8.825616770921089
1938038.0	19.94178053830228	6.011390154881226
1950113.0	20.0	0.0
1962188.0	19.92737060041408	5.997142176546616
1974263.0	15.29639751552795	8.675574336152726
1986338.0	19.987163561076606	6.175004714962868
1998413.0	16.391966873706004	8.302999034123907
2010488.0	19.999089026915115	6.2342007345907495
2022563.0	19.999006211180124	6.218539036081642
2034638.0	19.132008281573498	4.198609648605889
2046713.0	19.461697722567287	5.048378785747879
2058788.0	20.0	0.0
2070863.0	20.0	0.0
2082938.0	19.837101449275362	5.766728299434882
2095013.0	19.999917184265012	6.239439110535393
2107088.0	19.997846790890268	6.183702616865579
2119163.0	19.87064182194617	5.781042768094908
2131238.0	17.20024844720497	7.257334406757855
2143313.0	19.905175983436852	5.744829343174141
2155388.0	19.99478260869565	6.10629109118368
2167463.0	19.98873706004141	5.994075750220287
2179538.0	19.991221532091096	6.016457759774873
2191613.0	19.989813664596273	5.928902432826081
2203688.0	19.993788819875775	6.049937117890962
2215763.0	19.988985507246376	5.9731005019692445
2227838.0	19.99031055900621	6.026958072069566
2239913.0	17.0544099378882	8.898530829955977
2251988.0	18.873706004140786	7.218047314844748
2264063.0	19.300786749482402	4.858724623699524
2276138.0	20.0	0.0
2288213.0	19.271718426501035	4.765924597292822
2300288.0	16.161656314699794	7.739784558393857
2312363.0	19.98111801242236	6.122611927241036
2324438.0	19.993374741200828	6.199158428157109
2336513.0	19.66873706004141	5.420465780296223
2348588.0	19.999171842650103	6.210556697491268
2360663.0	17.12215320910973	7.1196517466649185
2372738.0	18.15734989648033	6.032692163636466
2384813.0	19.23089026915114	4.668913981213958
2396888.0	19.920496894409936	6.039833269331617
2408963.0	18.17432712215321	6.0556631264149035
2421038.0	19.99966873706004	6.233875265688057
2433113.0	19.999585921325053	6.220070366347862
2445188.0	16.576066252587992	8.367129811568834
2457263.0	18.63792960662526	6.84629231237617
2469338.0	18.115859213250516	5.849266026047907
2481413.0	19.94873706004141	6.0830075921750755
2493488.0	19.999337474120082	6.227029839427302
2505563.0	19.999917184265012	6.242093135165042
2517638.0	19.925548654244306	6.004608306207248
2529713.0	20.0	0.0
2541788.0	20.0	6.239691291402829
2553863.0	28.0327950310559	13.256366883122938
2565938.0	24.419378881987576	9.765134243362464
2578013.0	19.73631469979296	5.442817745465299
2590088.0	20.0	0.0
2602163.0	16.992132505175984	8.713997212072558
2614238.0	19.999917184265012	6.242093135165042
2626313.0	20.0	0.0
2638388.0	19.17192546583851	4.436307942123707
2650463.0	19.149896480331265	4.354450853554885
2662538.0	15.354037267080745	8.82878315558161
2674613.0	18.52256728778468	6.70708657704423
2686688.0	19.156687370600412	4.374744003158093
2698763.0	17.12968944099379	7.144205255804177
2710838.0	19.99983436853002	6.239186919475093
2722913.0	19.999171842650103	6.216874118841705
2734988.0	20.0	0.0
2747063.0	18.17416149068323	6.051880600207825
2759138.0	19.99776397515528	6.205287266687322
2771213.0	18.914616977225673	7.108120920663516
2783288.0	19.523809523809526	4.942610604318462
2795363.0	19.519337474120082	4.872825734809522
2807438.0	19.726293995859212	5.4456547154132995
2819513.0	19.99768115942029	6.188742869297242
2831588.0	17.12215320910973	7.1196517466649185
2843663.0	19.999006211180124	6.229403329253075
2855738.0	19.895486542443063	5.925318521895791
2867813.0	19.998757763975156	6.216614351546925
2879888.0	19.91022774327122	6.016588524581024
2891963.0	17.507163561076606	7.153287622451917
2904038.0	19.99983436853002	6.239186919475093
2916113.0	19.973498964803312	6.124633761814344
2928188.0	20.0	0.0
2940263.0	20.0	0.0
2952338.0	19.15064182194617	4.3582909256910165
2964413.0	17.55072463768116	7.775712039586297
2976488.0	19.21109730848861	4.183799970674625
2988563.0	18.09623188405797	5.6393618128574365
3000638.0	19.999585921325053	6.230460138735555
3012713.0	20.0	0.0
3024788.0	19.94625258799172	6.0780295379491385
3036863.0	20.0	6.2423452088140845
3048938.0	17.11809523809524	7.112669127114041
3061013.0	19.843229813664596	5.72782970472185
3073088.0	19.999917184265012	6.2423452088140845
3085163.0	19.879006211180123	5.899643811404998
3097238.0	18.448033126293996	6.4949223677536745
3109313.0	19.999751552795033	6.241575688938278
3121388.0	18.17217391304348	6.019664119173134
3133463.0	18.159006211180124	6.0354371039052905
3145538.0	17.104761904761904	7.095591026002104
3157613.0	19.17167701863354	4.436503948807519
3169688.0	20.0	0.0
3181763.0	20.0	0.0
3193838.0	18.104596273291925	5.8307104425627525
3205913.0	19.118260869565216	4.028572896935257
3217988.0	19.914451345755694	5.839637528102865
3230063.0	19.586335403726707	5.289702485107492
3242138.0	18.397184265010353	6.3683872454225385
3254213.0	19.211345755693582	4.605406850293337
3266288.0	19.93648033126294	6.041245398320858
3278363.0	16.271635610766044	7.995340257832014
3290438.0	18.177888198757763	6.060454581205015
3302513.0	19.88695652173913	5.870077119001316
3314588.0	19.976149068322982	6.115140901088511
3326663.0	19.932919254658383	6.038324805741023
3338738.0	19.151138716356108	4.389664125957291
3350813.0	19.17184265010352	4.437231897829305
3362888.0	19.996935817805383	6.165475236032366
3374963.0	19.99966873706004	6.233622849533627
3387038.0	19.99792960662526	6.206835209076313
3399113.0	19.999171842650103	6.2296625632672855
3411188.0	19.999917184265012	6.242093135165042
3423263.0	18.34368530020704	6.113759386026553
3435338.0	19.622691511387163	5.358200309712785
3447413.0	19.937888198757765	6.0547878151544205
3459488.0	19.980703933747414	5.851361081067821
3471563.0	19.99461697722567	6.127188838625931
3483638.0	17.12049689440994	7.114997428376002
3495713.0	19.999917184265012	6.239439110535393
3507788.0	20.0	0.0
3519863.0	20.0	0.0
3531938.0	20.0	0.0
3544013.0	18.32256728778468	6.061902891556963
3556088.0	18.447287784679087	6.497083276156192
3568163.0	20.0	0.0
3580238.0	17.118757763975154	7.112447898851113
3592313.0	19.996521739130436	6.142490238934348
3604388.0	19.980538302277434	6.183943678615603
3616463.0	20.000082815734988	6.242637070849441
3628538.0	17.102194616977226	7.01913386149826
3640613.0	20.0	0.0
3652688.0	10.500538302277432	10.305189751664226
3664763.0	16.28687370600414	8.012784815336952
3676838.0	18.080496894409936	5.433299673459479
3688913.0	20.0	0.0
3700988.0	19.998923395445136	6.220523035267867
3713063.0	19.17184265010352	4.4359252374465585
3725138.0	20.0	0.0
3737213.0	19.99983436853002	6.2370362447249255
3749288.0	19.89217391304348	5.9193545056851535
3761363.0	19.925797101449277	6.015569860399065
3773438.0	19.963064182194618	6.126161528433915
3785513.0	19.92894409937888	6.026216018622765
3797588.0	19.99983436853002	6.244480792881887
3809663.0	20.0	0.0
3821738.0	19.114782608695652	4.220594288612482
3833813.0	16.142277432712216	7.985255563738675
3845888.0	19.48256728778468	4.96087382939122
3857963.0	19.29813664596273	4.53980782329646
3870038.0	19.999917184265012	6.2423452088140845
3882113.0	19.996521739130436	6.184512814908219
3894188.0	20.0	0.0
3906263.0	17.862111801242236	7.978729486804432
3918338.0	20.0	0.0
3930413.0	19.999917184265012	6.2367839565021645
3942488.0	19.17184265010352	4.437231897829305
3954563.0	16.935652173913045	8.802874554035101
3966638.0	19.99718426501035	6.215548525935651
3978713.0	19.17184265010352	4.437231897829305
3990788.0	20.0	0.0
4002863.0	17.018053830227743	6.856959107268889
4014938.0	18.509316770186334	6.136851992752667
4027013.0	18.488612836438925	6.088117605913741
4039088.0	19.945093167701863	6.042033579206319
4051163.0	19.999917184265012	6.242093135165042
4063238.0	19.17184265010352	4.437231897829305
4075313.0	19.852753623188406	5.78086369785413
4087388.0	20.0	0.0
4099463.0	18.055320910973084	5.054895337561997
4111538.0	19.996687370600416	6.15885633759739
4123613.0	19.92455486542443	6.006359638554825
4135688.0	15.495155279503106	8.9003314893951
4147763.0	19.889689440993788	5.910323634610757
4159838.0	20.000082815734988	0.06238861710686285
4171913.0	15.71304347826087	9.36556840963808
4183988.0	15.678674948240166	9.338071852439615
4196063.0	19.17184265010352	4.437231897829305
4208138.0	17.10144927536232	7.090920914824099
4220213.0	10.869730848861284	10.707192683205038
4232288.0	16.78343685300207	8.691110615261325
4244363.0	19.48985507246377	5.23671542150202
4256438.0	20.0	0.0
4268513.0	19.96256728778468	6.074397276885397
4280588.0	19.121407867494824	4.160954262266143
4292663.0	19.860289855072462	5.823106681881366
4304738.0	20.0	0.0
4316813.0	20.0	0.0
4328888.0	19.17184265010352	4.437231897829305
4340963.0	20.000082815734988	0.05827044820980982
4353038.0	18.173416149068323	6.025102767093459
4365113.0	18.77954451345756	6.557912105245406
4377188.0	20.0	0.0
4389263.0	10.773167701863354	10.616733539837035
4401338.0	20.0	0.0
4413413.0	17.660041407867496	7.81910915059399
4425488.0	19.998426501035198	6.219870648998189
4437563.0	19.958592132505174	6.11433505523715
4449638.0	19.998674948240165	6.202791063483088
4461713.0	20.0	0.0
4473788.0	19.17167701863354	4.4290495968393655
4485863.0	19.99494824016563	6.152607217217607
4497938.0	19.998592132505177	6.198096281563229
4510013.0	20.0	0.0
4522088.0	17.10128364389234	7.077968617587448
4534163.0	19.999420289855074	6.2198173899552085
4546238.0	19.869896480331263	5.832932846352865
4558313.0	19.562567287784677	5.293482065800582
4570388.0	17.99329192546584	8.333946147239805
4582463.0	20.0	0.0
4594538.0	20.0	0.0
4606613.0	17.189813664596272	7.20455917304083
4618688.0	20.0	0.0
4630763.0	19.998923395445136	6.18918444876114
4642838.0	19.99966873706004	6.228053808719577
4651302.0	19.898825468782196	5.941988946439094
4657339.5	14.863611188036556	9.795874263653575
4666988.0	18.79734989648033	6.461339078821926
4679063.0	19.991387163561075	6.008206947554126
4691138.0	19.991966873706005	5.993647430722756
4703213.0	18.89648033126294	6.573243965644667
4715288.0	18.67055900621118	6.208229361198106
4722679.5	17.08050221565731	8.395482185235089
4728717.0	16.046759901782856	7.9479195124030975
4739438.0	20.0	0.0
4751513.0	19.41672877846791	4.524476795072679
4763588.0	19.17184265010352	4.438164991143622
4775663.0	19.520496894409938	5.295296557462099
4787738.0	17.60165631469979	7.851705251874835
4799813.0	18.17631469979296	6.056886982368439
4811888.0	19.592546583850933	5.188384861796596
4819084.5	19.749784296807594	5.53372279816242
4825049.5	16.078755722014147	7.935792325504833
