#Position (bp)	mapping quality
6038.0	59.96488188115356
18113.0	59.86912362415988
30188.0	59.96972972972973
42263.0	59.92382103990327
54338.0	60.0
66413.0	60.0
78488.0	60.0
90563.0	60.0
102638.0	59.87609090483303
114713.0	59.86793252099375
126788.0	59.95453488912649
138863.0	60.0
150938.0	60.0
163013.0	60.0
175088.0	60.0
187163.0	60.0
199238.0	60.0
211313.0	60.0
223388.0	59.937365010799134
235463.0	60.0
247538.0	59.8545795821219
259613.0	60.0
271688.0	59.97614857450465
283763.0	59.961738179830554
295838.0	59.97441261233761
307913.0	59.21783122318165
319988.0	59.90745242824061
332063.0	59.89231050471142
344138.0	59.99503105590062
356213.0	60.0
368288.0	59.918389718226585
380363.0	59.98582318779302
392438.0	60.0
404513.0	59.62788041847726
416588.0	59.90458600097733
428663.0	59.94384116492309
440738.0	59.990062111801244
452813.0	60.0
464888.0	60.0
476963.0	59.85760166840459
489038.0	60.0
501113.0	59.976148673269954
513188.0	59.944820667168294
525263.0	59.90937090970353
537338.0	59.98111769967205
549413.0	60.0
561488.0	60.0
573563.0	59.88788837759194
585638.0	59.89360961776015
597713.0	60.0
609788.0	59.94980657166642
621863.0	60.0
633938.0	59.89269097679723
646013.0	59.961738179830554
658088.0	59.38459502382213
670163.0	60.0
682238.0	59.98111769967205
694313.0	59.720007533429595
706388.0	60.0
718463.0	59.88961590330153
730538.0	60.0
742613.0	60.0
754688.0	59.674710690872864
766763.0	59.940106505168636
778838.0	59.928598664996166
790913.0	59.303857131066
802988.0	58.43975564462595
815063.0	59.84663085128165
827138.0	58.797980042236944
839213.0	59.87445457904504
851288.0	59.823999727527394
863363.0	59.88784993926382
875438.0	59.99503105590062
887513.0	59.68619716903412
899588.0	59.76243725460961
911663.0	59.88648039342823
923738.0	59.976644608797194
935813.0	59.930083269747534
947888.0	59.93584302760996
959963.0	59.900746691556385
972038.0	59.97664518907459
984113.0	59.942854776595304
996188.0	59.9674522031877
1008263.0	59.98442018928575
1020338.0	59.96842192198757
1032413.0	60.0
1044488.0	59.799223066155335
1056563.0	60.0
1068638.0	57.354312098059694
1080713.0	55.92095239453899
1092788.0	59.808005832063095
1104863.0	59.950967515979336
1116938.0	59.873516280533764
1129013.0	58.356571833189825
1141088.0	59.879129781762735
1153163.0	59.996715424367174
1165238.0	59.998266210927824
1177313.0	59.92222950877394
1189388.0	60.0
1201463.0	59.9477503628447
1213538.0	59.964385652505726
1225613.0	59.96646358504276
1237688.0	59.86349872785845
1249763.0	59.93952483801296
1261838.0	59.960992981221146
1273913.0	59.98594424129858
1285988.0	59.9180907802244
1298063.0	59.924225114555504
1310138.0	59.94346129925934
1322213.0	59.86299949451091
1334288.0	59.9952751010258
1346363.0	59.95198599591548
1358438.0	60.0
1370513.0	60.0
1382588.0	59.953880798938435
1394663.0	59.87539668308305
1406738.0	60.0
1418813.0	59.61314510650898
1430888.0	59.98583833339545
1442963.0	60.0
1455038.0	59.94028910027284
1467113.0	59.81858546364254
1479188.0	60.0
1491263.0	59.882217003988224
1503338.0	59.87796725123535
1515413.0	59.99503105590062
1527488.0	59.98583833339545
1539563.0	59.94816414686825
1551638.0	60.0
1563713.0	59.92073089921145
1575788.0	59.96645198699497
1587863.0	59.943844492440604
1599938.0	59.98086869381214
1612013.0	59.96198269757195
1624088.0	59.82171581769437
1636163.0	59.89975844394132
1648238.0	59.85658479599995
1660313.0	56.517255598110204
1672388.0	59.220895564768014
1684463.0	59.957512361169776
1696538.0	59.84910268034098
1708613.0	59.94396503418133
1720688.0	59.880431013446696
1732763.0	59.98456043560158
1744838.0	59.98583815746975
1756913.0	59.97142797987536
1768988.0	60.0
1781063.0	59.9359047466983
1793138.0	59.9716763149395
1805213.0	59.93429236706963
1817288.0	59.87666010515038
1829363.0	59.88261851015801
1841438.0	59.8850624519288
1853513.0	60.0
1865588.0	60.0
1877663.0	60.0
1889738.0	59.900113469773146
1901813.0	58.934833869239014
1913888.0	60.0
1925963.0	59.91175235994104
1938038.0	59.912789611166254
1950113.0	60.0
1962188.0	59.95761003727823
1974263.0	59.82496318433819
1986338.0	59.942323230230585
1998413.0	59.94149535448864
2010488.0	59.985589405728625
2022563.0	59.957761876366526
2034638.0	59.8599249412386
2046713.0	59.82127659574468
2058788.0	60.0
2070863.0	60.0
2082938.0	60.0
2095013.0	59.99031051888414
2107088.0	59.90085889164051
2119163.0	59.86421492218823
2131238.0	59.859913429918194
2143313.0	59.554845957021904
2155388.0	59.77584214515588
2167463.0	59.60996668931572
2179538.0	59.634373679544645
2191613.0	59.49315800594091
2203688.0	59.68487107797453
2215763.0	59.57367825759114
2227838.0	59.65722523955705
2239913.0	59.59438066934716
2251988.0	59.971478718736286
2264063.0	59.98009070742351
2276138.0	60.0
2288213.0	59.962244205134375
2300288.0	59.785792612937605
2312363.0	59.88287078484035
2324438.0	59.955264683953274
2336513.0	59.90315789473684
2348588.0	59.942854776595304
2360663.0	59.9322853688029
2372738.0	59.97491448118586
2384813.0	59.967973369277345
2396888.0	59.96965993182007
2408963.0	59.939486455081905
2421038.0	59.98111769967205
2433113.0	59.95652083894076
2445188.0	59.69238993585004
2457263.0	59.90402260800789
2469338.0	59.8849823313478
2481413.0	59.9952673726861
2493488.0	59.971676080367054
2505563.0	59.99527948355894
2517638.0	59.98154621136238
2529713.0	60.0
2541788.0	59.990062111801244
2553863.0	59.663216108905274
2565938.0	59.76111020673938
2578013.0	59.83836586716796
2590088.0	60.0
2602163.0	59.93001267180037
2614238.0	59.99527948355894
2626313.0	60.0
2638388.0	59.93844519030155
2650463.0	59.94075291370251
2662538.0	59.91774541531823
2674613.0	59.984440668872395
2686688.0	59.941106792842724
2698763.0	59.94291750668388
2710838.0	59.99055892802425
2722913.0	59.9517992463456
2734988.0	60.0
2747063.0	59.93315197331547
2759138.0	59.93912362872868
2771213.0	60.0
2783288.0	59.56521739130435
2795363.0	59.52939379539746
2807438.0	59.83475723671781
2819513.0	59.91005168301086
2831588.0	59.94195888754535
2843663.0	59.976396342675415
2855738.0	59.99025965917132
2867813.0	59.95279209888813
2879888.0	59.98031744975376
2891963.0	59.83657443980341
2904038.0	59.99055892802425
2916113.0	59.936810680819306
2928188.0	60.0
2940263.0	60.0
2952338.0	59.92869004168757
2964413.0	59.94479178954819
2976488.0	59.83571434729754
2988563.0	59.755894413121474
3000638.0	59.97639702685356
3012713.0	60.0
3024788.0	60.0
3036863.0	59.99503105590062
3048938.0	59.93875211053648
3061013.0	59.85630636834483
3073088.0	59.99527948355894
3085163.0	60.0
3097238.0	59.995151732806605
3109313.0	59.99527944446515
3121388.0	59.87891299691472
3133463.0	59.97263647557806
3145538.0	59.96973951776896
3157613.0	59.94600385316504
3169688.0	60.0
3181763.0	60.0
3193838.0	59.939893784907575
3205913.0	59.72268066691791
3217988.0	59.74749133976803
3230063.0	60.0
3242138.0	60.0
3254213.0	59.969889256262476
3266288.0	59.93696335774489
3278363.0	59.903298045602604
3290438.0	59.930386609445186
3302513.0	59.95702417390218
3314588.0	59.89312306187089
3326663.0	60.0
3338738.0	59.96432432432432
3350813.0	59.943844492440604
3362888.0	59.87128462745845
3374963.0	59.98111769967205
3387038.0	59.940118024640235
3399113.0	59.976148080665865
3411188.0	59.99527948355894
3423263.0	59.89841986455982
3435338.0	60.0
3447413.0	59.90342679127726
3459488.0	59.40638379886184
3471563.0	59.81535402903473
3483638.0	59.927683451845404
3495713.0	59.99031051888414
3507788.0	60.0
3519863.0	60.0
3531938.0	60.0
3544013.0	59.88013288435897
3556088.0	60.0
3568163.0	60.0
3580238.0	59.92675693849808
3592313.0	59.83425688939691
3604388.0	60.0
3616463.0	59.99527952265208
3628538.0	59.79051760455961
3640613.0	60.0
3652688.0	59.85133365932142
3664763.0	59.87562543220925
3676838.0	59.73429155101181
3688913.0	60.0
3700988.0	59.9634762947902
3713063.0	59.947084233261336
3725138.0	60.0
3737213.0	59.985589942773856
3749288.0	60.0
3761363.0	60.0
3773438.0	59.99502186232131
3785513.0	60.0
3797588.0	60.0
3809663.0	60.0
3821738.0	59.96061712829978
3833813.0	59.89605885551873
3845888.0	60.0
3857963.0	59.88258770518185
3870038.0	59.99527948355894
3882113.0	59.90706458266034
3894188.0	60.0
3906263.0	59.951317894151195
3918338.0	60.0
3930413.0	59.985341554209334
3942488.0	59.94924406047516
3954563.0	59.80845778442821
3966638.0	59.961982225240824
3978713.0	59.95464362850972
3990788.0	60.0
4002863.0	59.854106952548264
4014938.0	59.013422818791945
4027013.0	58.98768197088466
4039088.0	59.94220157201759
4051163.0	59.99527948355894
4063238.0	59.947084233261336
4075313.0	59.88253059794262
4087388.0	60.0
4099463.0	58.488198222165146
4111538.0	59.862337447196225
4123613.0	59.99052325750554
4135688.0	59.87883743800239
4147763.0	60.0
4159838.0	60.0
4171913.0	59.94624080955016
4183988.0	59.98151278259032
4196063.0	59.94816414686825
4208138.0	59.95762711864407
4220213.0	59.891750220949014
4232288.0	59.94448830553637
4244363.0	59.96813121441319
4256438.0	60.0
4268513.0	59.90939563904285
4280588.0	59.88626667994855
4292663.0	59.98548869327351
4304738.0	60.0
4316813.0	60.0
4328888.0	59.943844492440604
4340963.0	60.0
4353038.0	59.890678259601536
4365113.0	59.70762425968963
4377188.0	60.0
4389263.0	59.957766400688776
4401338.0	60.0
4413413.0	59.87807451522896
4425488.0	59.96198458677908
4437563.0	59.8558091286307
4449638.0	59.92893939142966
4461713.0	60.0
4473788.0	59.92319588074195
4485863.0	59.86083441366142
4497938.0	59.92396980325737
4510013.0	60.0
4522088.0	59.92915185619231
4534163.0	59.95701738766755
4546238.0	59.941015883865646
4558313.0	59.85259379048168
4570388.0	59.93031679622956
4582463.0	60.0
4594538.0	60.0
4606613.0	59.958471240611466
4618688.0	60.0
4630763.0	59.90384575567215
4642838.0	59.97117964686786
4651302.0	59.962720956000375
4657339.5	59.41292095579673
4666988.0	59.00482866180863
4679063.0	59.618966345755524
4691138.0	59.589897391498866
4703213.0	59.23694532705161
4715288.0	59.248107093906775
4722679.5	59.52311151467981
4728717.0	59.94178697358792
4739438.0	60.0
4751513.0	59.85669013934325
4763588.0	59.93952483801296
4775663.0	59.962878112935385
4787738.0	59.964712524701234
4799813.0	59.928056898382074
4811888.0	59.93710372812579
4819084.5	60.0
4825049.5	59.94720121126633
