#Position (bp)	Coverage	Std
6038.0	19.700703933747413	5.5622060952433925
18113.0	9.397929606625258	10.141340685050924
30188.0	19.130434782608695	4.343672964671321
42263.0	17.10144927536232	7.091388064341779
54338.0	20.0	0.0
66413.0	20.0	0.0
78488.0	20.0	0.0
90563.0	20.0	0.0
102638.0	16.273291925465838	7.998964736326949
114713.0	19.98650103519669	6.168684690228008
126788.0	17.828654244306417	8.038499494313776
138863.0	20.0	0.0
150938.0	19.970600414078675	6.1156555033802285
163013.0	20.0	0.0
175088.0	20.0	0.0
187163.0	16.382277432712215	8.301243390116095
199238.0	20.0	0.0
211313.0	20.0	0.0
223388.0	19.151138716356108	4.389664125957291
235463.0	20.0	0.0
247538.0	17.142857142857142	7.149541385920184
259613.0	20.0	0.0
271688.0	20.0	0.0
283763.0	20.0	0.0
295838.0	18.44910973084886	6.500129000153269
307913.0	18.753871635610768	6.452508459849599
319988.0	19.817556935817805	5.80493115143305
332063.0	20.0	0.0
344138.0	20.0	0.0
356213.0	20.0	0.0
368288.0	19.17184265010352	4.437978388175528
380363.0	20.0	0.0
392438.0	20.0	0.0
404513.0	17.10144927536232	7.091388064341779
416588.0	20.0	0.0
428663.0	20.0	0.0
440738.0	20.0	0.0
452813.0	20.0	0.0
464888.0	20.0	0.0
476963.0	20.0	0.0
489038.0	20.0	0.0
501113.0	20.0	0.0
513188.0	19.151138716356108	4.389664125957291
525263.0	19.17250517598344	4.437605158699167
537338.0	20.0	0.0
549413.0	20.0	0.0
561488.0	20.0	0.0
573563.0	16.27494824016563	7.999482384910979
585638.0	19.17126293995859	4.438818039755869
597713.0	20.0	0.0
609788.0	16.8944099378882	8.89645985376243
621863.0	20.0	0.0
633938.0	19.17184265010352	4.437978388175528
646013.0	20.0	0.0
658088.0	18.88198757763975	6.937759377204102
670163.0	20.0	0.0
682238.0	19.942443064182196	6.066286703456243
694313.0	16.935817805383024	8.821533976453447
706388.0	20.0	0.0
718463.0	20.0	0.0
730538.0	20.0	0.0
742613.0	20.0	0.0
754688.0	18.322981366459626	6.080549719073794
766763.0	20.0	0.0
778838.0	20.0	0.0
790913.0	19.151138716356108	4.346055540114964
802988.0	19.713043478260868	5.388570067337013
815063.0	17.94335403726708	8.17808514290203
827138.0	19.25465838509317	4.335657920849528
839213.0	20.0	0.0
851288.0	19.518012422360247	5.290524362775989
863363.0	17.581780538302276	7.827196838713515
875438.0	20.0	0.0
887513.0	20.0	0.0
899588.0	20.0	0.0
911663.0	16.642650103519667	8.448161253872263
923738.0	20.0	0.0
935813.0	20.0	0.0
947888.0	20.0	0.0
959963.0	19.855072463768117	5.839644618926935
972038.0	20.0	0.0
984113.0	20.0	0.0
996188.0	20.0	0.0
1008263.0	18.860455486542442	7.199896479587062
1020338.0	17.432049689440994	7.451268876338768
1032413.0	20.0	0.0
1044488.0	20.0	0.0
1056563.0	20.0	0.0
1068638.0	15.175983436853002	7.876452838478128
1080713.0	11.656314699792961	9.233815789654193
1092788.0	20.0	0.0
1104863.0	17.950310559006212	8.200767524550274
1116938.0	20.0	0.0
1129013.0	19.19254658385093	3.90566822789881
1141088.0	18.199585921325053	6.214589126597378
1153163.0	18.919254658385093	7.280252083092643
1165238.0	20.0	0.0
1177313.0	19.17349896480331	4.441708958037313
1189388.0	20.0	0.0
1201463.0	20.0	0.0
1213538.0	16.27577639751553	8.254241647539976
1225613.0	14.800828157349896	9.93206739470284
1237688.0	17.10128364389234	7.090932593937121
1249763.0	19.151221532091096	4.389664125957291
1261838.0	20.0	0.0
1273913.0	17.126790890269152	7.154161654974485
1285988.0	19.9584265010352	6.093542724881694
1298063.0	20.0	0.0
1310138.0	19.061449275362317	3.9531207369718167
1322213.0	19.17184265010352	4.437978388175528
1334288.0	20.0	0.0
1346363.0	20.001242236024844	0.22714357331558058
1358438.0	20.0	0.0
1370513.0	20.0	0.0
1382588.0	19.16935817805383	4.430975104045472
1394663.0	19.903933747412008	5.950833753370065
1406738.0	20.0	0.0
1418813.0	19.006211180124225	3.771803419479426
1430888.0	20.0	0.0
1442963.0	19.945341614906834	6.07561054366233
1455038.0	19.982608695652175	6.190535753814417
1467113.0	20.0	0.0
1479188.0	20.0	0.0
1491263.0	20.0	0.0
1503338.0	17.10144927536232	7.091388064341779
1515413.0	20.0	0.0
1527488.0	20.0	0.0
1539563.0	19.17184265010352	4.437978388175528
1551638.0	20.0	0.0
1563713.0	20.0	0.0
1575788.0	20.0	0.0
1587863.0	19.151138716356108	4.389664125957291
1599938.0	20.0	0.0
1612013.0	19.94178053830228	6.064402462376062
1624088.0	15.403726708074535	8.6502073360424
1636163.0	20.0	0.0
1648238.0	20.0	0.0
1660313.0	11.928198757763974	9.701405417811655
1672388.0	17.471387163561076	7.530663335268092
1684463.0	20.0	0.0
1696538.0	18.178053830227743	6.067938346456522
1708613.0	20.0	0.0
1720688.0	19.728364389233956	5.674212489024392
1732763.0	16.210351966873706	8.175355583911655
1744838.0	20.0	0.0
1756913.0	20.0	0.0
1768988.0	20.0	0.0
1781063.0	18.178053830227743	6.067938346456522
1793138.0	20.0	0.0
1805213.0	18.178053830227743	6.067938346456522
1817288.0	17.353209109730848	7.2513295703824046
1829363.0	18.302277432712216	6.044692074657956
1841438.0	15.317598343685301	8.710313726691554
1853513.0	20.0	0.0
1865588.0	20.0	0.0
1877663.0	20.0	0.0
1889738.0	20.0	0.0
1901813.0	19.25465838509317	4.155018916276673
1913888.0	20.0	0.0
1925963.0	17.10144927536232	7.091388064341779
1938038.0	20.0	0.0
1950113.0	20.0	0.0
1962188.0	20.0	0.0
1974263.0	15.279503105590063	8.666467588094157
1986338.0	19.987577639751553	6.208422783409402
1998413.0	16.39469979296066	8.328633042966247
2010488.0	20.0	0.0
2022563.0	20.0	0.0
2034638.0	19.17184265010352	4.437978388175528
2046713.0	19.461697722567287	5.049034919981082
2058788.0	20.0	0.0
2070863.0	20.0	0.0
2082938.0	19.839337474120082	5.774929754083273
2095013.0	20.0	0.0
2107088.0	20.0	0.0
2119163.0	20.0	0.0
2131238.0	17.191304347826087	7.286335377253348
2143313.0	19.910144927536233	6.016402700058844
2155388.0	20.0	0.0
2167463.0	20.0	0.0
2179538.0	20.0	0.0
2191613.0	20.0	0.0
2203688.0	20.0	0.0
2215763.0	20.0	0.0
2227838.0	20.0	0.0
2239913.0	17.1064182194617	7.098391617900254
2251988.0	18.860455486542442	7.199896479587062
2264063.0	19.3175983436853	4.8970773385385025
2276138.0	20.0	0.0
2288213.0	19.286956521739132	4.812638640416485
2300288.0	16.156521739130437	7.777176354544715
2312363.0	19.92952380952381	6.028737254006577
2324438.0	19.982608695652175	6.190535753814417
2336513.0	19.66873706004141	5.420954665222878
2348588.0	20.0	0.0
2360663.0	17.10144927536232	7.091388064341779
2372738.0	18.178053830227743	6.067938346456522
2384813.0	19.239420289855072	4.694563174081815
2396888.0	19.910144927536233	6.016402700058844
2408963.0	18.15734989648033	6.032692163636466
2421038.0	20.0	0.0
2433113.0	20.0	0.0
2445188.0	16.56728778467909	8.353375484651556
2457263.0	18.650103519668736	6.901555620242155
2469338.0	18.15734989648033	6.032692163636466
2481413.0	20.0	0.0
2493488.0	20.0	0.0
2505563.0	20.0	0.0
2517638.0	20.0	0.0
2529713.0	20.0	0.0
2541788.0	20.0	0.0
2553863.0	29.294575569358177	10.762045108009552
2565938.0	24.808612836438922	10.542446983779293
2578013.0	20.0	0.0
2590088.0	20.0	0.0
2602163.0	19.151138716356108	4.389664125957291
2614238.0	20.0	0.0
2626313.0	20.0	0.0
2638388.0	19.170351966873707	4.434244679752935
2650463.0	19.17184265010352	4.437978388175528
2662538.0	17.10144927536232	7.091388064341779
2674613.0	20.0	0.0
2686688.0	19.15320910973085	4.362080154149112
2698763.0	17.12008281573499	7.1383256847653405
2710838.0	20.0	0.0
2722913.0	20.0	0.0
2734988.0	20.0	0.0
2747063.0	18.178053830227743	6.067938346456522
2759138.0	20.0	0.0
2771213.0	20.0	0.0
2783288.0	19.544513457556935	4.991213812381808
2795363.0	19.523809523809526	4.942945702242835
2807438.0	20.0	0.0
2819513.0	20.0	0.0
2831588.0	17.10310559006211	7.0937233504757495
2843663.0	20.0	0.0
2855738.0	20.0	0.0
2867813.0	20.0	0.0
2879888.0	19.897391304347828	5.988781783165655
2891963.0	18.28066252587992	6.320946806453975
2904038.0	20.0	0.0
2916113.0	20.0	0.0
2928188.0	20.0	0.0
2940263.0	20.0	0.0
2952338.0	19.151138716356108	4.389664125957291
2964413.0	17.55527950310559	7.793265660044777
2976488.0	19.316770186335404	4.752029096954507
2988563.0	18.388571428571428	6.457569747152368
3000638.0	20.0	0.0
3012713.0	20.0	0.0
3024788.0	20.0	0.0
3036863.0	20.00016563146998	0.08240685814387208
3048938.0	17.12215320910973	7.1196517466649185
3061013.0	19.946997929606624	6.084355256063502
3073088.0	20.0	0.0
3085163.0	19.952215320910973	6.069016449353706
3097238.0	19.17184265010352	4.437978388175528
3109313.0	20.0	0.0
3121388.0	18.17639751552795	6.065208115341275
3133463.0	18.15734989648033	6.032692163636466
3145538.0	17.10144927536232	7.091388064341779
3157613.0	19.17184265010352	4.437978388175528
3169688.0	20.0	0.0
3181763.0	20.0	0.0
3193838.0	18.17639751552795	6.065208115341275
3205913.0	19.099710144927535	4.117910181756077
3217988.0	20.0	0.0
3230063.0	20.0	0.0
3242138.0	19.151138716356108	4.389664125957291
3254213.0	19.225258799171844	4.633124055032066
3266288.0	19.94592132505176	6.098908703251786
3278363.0	16.31304347826087	8.046963600539387
3290438.0	18.178053830227743	6.067938346456522
3302513.0	20.0	0.0
3314588.0	20.0	0.0
3326663.0	20.0	0.0
3338738.0	18.70376811594203	6.677101564317188
3350813.0	19.17184265010352	4.437978388175528
3362888.0	20.0	0.0
3374963.0	20.0	0.0
3387038.0	20.0	0.0
3399113.0	20.0	0.0
3411188.0	20.0	0.0
3423263.0	18.322981366459626	6.079868692054902
3435338.0	20.0	0.0
3447413.0	19.937888198757765	6.054240681352477
3459488.0	19.871966873706004	5.864028674736904
3471563.0	19.99983436853002	6.2418543191598825
3483638.0	17.104761904761904	7.096057868075819
3495713.0	20.0	0.0
3507788.0	20.0	0.0
3519863.0	20.0	0.0
3531938.0	20.0	0.0
3544013.0	18.34368530020704	6.114842953651881
3556088.0	19.17184265010352	4.437978388175528
3568163.0	20.0	0.0
3580238.0	17.10144927536232	7.091388064341779
3592313.0	20.0	0.0
3604388.0	20.0	0.0
3616463.0	20.0	0.0
3628538.0	17.10144927536232	7.091388064341779
3640613.0	20.0	0.0
3652688.0	10.890269151138716	10.726797387599758
3664763.0	16.271635610766044	7.996893806910668
3676838.0	18.081407867494825	5.441646018179017
3688913.0	20.0	0.0
3700988.0	20.0	0.0
3713063.0	19.17184265010352	4.437978388175528
3725138.0	20.0	0.0
3737213.0	20.0	0.0
3749288.0	20.0	0.0
3761363.0	20.0	0.0
3773438.0	20.0	0.0
3785513.0	20.0	0.0
3797588.0	20.0	0.0
3809663.0	20.0	0.0
3821738.0	19.151138716356108	4.389664125957291
3833813.0	16.12248447204969	7.961558780757804
3845888.0	20.0	0.0
3857963.0	20.0	0.0
3870038.0	20.0	0.0
3882113.0	20.0	0.0
3894188.0	20.0	0.0
3906263.0	17.971014492753625	8.226730154011076
3918338.0	20.0	0.0
3930413.0	19.660455486542443	5.438342519387504
3942488.0	19.17184265010352	4.437978388175528
3954563.0	17.12049689440994	7.117324967977293
3966638.0	20.0	0.0
3978713.0	19.17184265010352	4.437978388175528
3990788.0	20.0	0.0
4002863.0	17.018302277432714	6.861571206384865
4014938.0	18.4472049689441	6.024174900333961
4027013.0	18.530020703933747	6.171999820199149
4039088.0	20.0	0.0
4051163.0	20.0	0.0
4063238.0	19.17184265010352	4.437978388175528
4075313.0	19.875776397515526	5.891320773433281
4087388.0	20.0	0.0
4099463.0	18.074534161490682	5.220520110845591
4111538.0	20.0	0.0
4123613.0	20.0	0.0
4135688.0	15.492339544513458	8.908994687135229
4147763.0	20.0	0.0
4159838.0	20.0	0.0
4171913.0	15.710144927536232	9.371888717683644
4183988.0	15.677018633540373	9.336475365828841
4196063.0	19.17184265010352	4.437978388175528
4208138.0	17.10144927536232	7.091388064341779
4220213.0	10.910973084886129	10.745503176181037
4232288.0	16.787246376811595	8.696159405496033
4244363.0	19.48488612836439	5.2275349977985925
4256438.0	20.0	0.0
4268513.0	19.87726708074534	5.886412750773069
4280588.0	18.88952380952381	6.95546912326104
4292663.0	20.000993788819876	0.20308184563091058
4304738.0	19.60248447204969	5.320572207275869
4316813.0	20.0	0.0
4328888.0	19.151138716356108	4.389664125957291
4340963.0	20.0	0.0
4353038.0	18.15734989648033	6.032692163636466
4365113.0	18.902691511387165	6.969736413443325
4377188.0	20.0	0.0
4389263.0	10.786335403726708	10.629171936997379
4401338.0	20.0	0.0
4413413.0	17.6944099378882	7.883336725626189
4425488.0	20.0	0.0
4437563.0	19.958592132505174	6.117652562694845
4449638.0	20.0	0.0
4461713.0	20.0	0.0
4473788.0	19.13134575569358	4.347074883344878
4485863.0	20.0	0.0
4497938.0	20.0	0.0
4510013.0	20.0	0.0
4522088.0	16.38153209109731	8.301158591091447
4534163.0	20.0	0.0
4546238.0	20.0	0.0
4558313.0	19.549482401656316	5.349677337844554
4570388.0	18.00745341614907	5.897327183470721
4582463.0	20.0	0.0
4594538.0	20.0	0.0
4606613.0	17.556935817805382	7.706978365608036
4618688.0	20.0	0.0
4630763.0	20.0	0.0
4642838.0	20.0	0.0
4651302.0	19.871213682258396	5.892295206307056
4657339.5	14.876765438936582	9.962113219902086
4666988.0	18.964886128364387	7.128056716004991
4679063.0	20.0	0.0
4691138.0	19.660455486542443	5.438342519387504
4703213.0	19.399585921325052	4.784853604506947
4715288.0	18.770683229813663	6.750826956475282
4722679.5	17.492245199409158	6.886959183462787
4728717.0	16.039286858118928	7.937771749554802
4739438.0	20.0	0.0
4751513.0	19.652173913043477	5.420801893419633
4763588.0	19.151138716356108	4.389664125957291
4775663.0	19.520496894409938	5.294827351988978
4787738.0	17.60165631469979	7.852021670017105
4799813.0	18.178053830227743	6.067255903857902
4811888.0	20.0	0.0
4819084.5	19.698015530629853	5.390369452090079
4825049.5	15.12411568872243	8.457225116972532
