#Position (bp)	Coverage	Std
6038.0	5.257971014492754	3.839556565148796
18113.0	2.1566045548654245	3.2022895535996065
30188.0	4.980041407867494	4.622440537393546
42263.0	4.306915113871636	4.174912751223823
54338.0	5.709648033126294	4.546115216432224
66413.0	5.593209109730849	4.870522310557642
78488.0	5.857556935817805	4.673762720872177
90563.0	5.363809523809524	4.094009156448588
102638.0	4.10592132505176	3.975577617316048
114713.0	4.864182194616977	4.467494747257145
126788.0	4.436604554865425	4.071686817569921
138863.0	5.0611180124223605	3.1951179114250072
150938.0	5.1127950310559	3.3667968324466933
163013.0	5.429896480331263	4.062197591866048
175088.0	5.14351966873706	3.3520303788085646
187163.0	4.038592132505176	3.428440301150178
199238.0	5.497639751552795	3.9854081674114092
211313.0	5.518757763975155	4.8049922279395005
223388.0	6.433540372670808	6.9707403862209
235463.0	5.713788819875776	4.786852248748206
247538.0	3.8785093167701863	4.191147132434542
259613.0	4.8450517598343685	4.037525839772706
271688.0	4.260869565217392	3.1981878927138485
283763.0	4.52472049689441	3.572601049777258
295838.0	4.776149068322981	4.3487319967199705
307913.0	3.7982608695652176	3.9070780385310764
319988.0	5.0636024844720495	3.5394493729044973
332063.0	5.3919668737060045	3.677833550791715
344138.0	4.344844720496894	3.248417356330768
356213.0	5.221118012422361	4.6837722582644625
368288.0	5.123643892339545	4.628590598840755
380363.0	5.607619047619048	5.387401913620515
392438.0	4.849109730848861	4.074340246862671
404513.0	4.132919254658385	3.968259158036634
416588.0	4.450600414078675	3.7523877836219097
428663.0	5.040828157349896	3.1787076296219783
440738.0	5.0371014492753625	3.3187340747961795
452813.0	5.178302277432712	3.686537536254199
464888.0	5.226501035196687	3.3495959399101443
476963.0	5.028737060041408	3.320330747574995
489038.0	5.204306418219462	3.524771845545042
501113.0	4.705175983436853	3.772363269580643
513188.0	5.187080745341615	4.564903469439437
525263.0	4.72	4.785692963705167
537338.0	5.019296066252588	3.3832127282199136
549413.0	5.288447204968944	3.8048133403447566
561488.0	5.035610766045549	3.185214288256255
573563.0	4.231718426501035	4.045220577893067
585638.0	4.857060041407867	4.67148523781486
597713.0	5.365797101449275	3.955759487923147
609788.0	4.581366459627329	4.426543314402979
621863.0	5.702525879917184	4.307497436039943
633938.0	4.90128364389234	4.536641710827775
646013.0	4.7167701863354035	4.0579957112528575
658088.0	3.8884472049689442	4.08869572262541
670163.0	4.620124223602485	3.8576857220922993
682238.0	4.6510973084886125	3.777431072467951
694313.0	4.855403726708075	5.5475135720697555
706388.0	5.466666666666667	4.07076126891379
718463.0	5.328447204968944	3.9947688360943028
730538.0	4.773416149068323	3.842068542234744
742613.0	4.829730848861284	4.2433140687102435
754688.0	3.5942028985507246	3.6793869324600483
766763.0	4.855072463768116	4.417769501750902
778838.0	4.839337474120083	4.157907978510825
790913.0	4.38583850931677	3.7764553362686946
802988.0	4.323312629399586	3.9038336522276422
815063.0	3.7816977225672876	3.9062194926344938
827138.0	4.072546583850932	3.392672654894843
839213.0	4.768695652173913	4.0657942926092145
851288.0	4.692008281573499	3.8620519331795076
863363.0	4.168778467908902	3.4637908122301884
875438.0	5.1427743271221535	3.6166969591617626
887513.0	3.6679089026915115	3.575358500318129
899588.0	3.8873706004140787	3.81902180358163
911663.0	3.637846790890269	3.8829776625613377
923738.0	4.227412008281574	2.9412043842299815
935813.0	4.857971014492754	4.346560478322881
947888.0	4.861449275362319	4.490910995944917
959963.0	4.569606625258799	3.8136835467323422
972038.0	4.873954451345756	4.72080106898387
984113.0	4.4236853002070395	3.3233847397441645
996188.0	4.929606625258799	4.300060185432721
1008263.0	4.562732919254659	4.019363071819413
1020338.0	4.306004140786749	3.8588555357189334
1032413.0	4.94343685300207	4.10001262433041
1044488.0	4.217888198757764	3.442867022313428
1056563.0	5.226335403726708	3.601253519972438
1068638.0	3.098136645962733	3.5526212875034062
1080713.0	1.4843892339544513	2.6398757734747447
1092788.0	4.320248447204969	3.3668952221376007
1104863.0	4.261366459627329	3.3818906346909494
1116938.0	4.133581780538302	3.0241128945811266
1129013.0	3.164472049689441	2.9787376263764638
1141088.0	3.477929606625259	3.5803350641864022
1153163.0	4.904430641821946	4.362203557352224
1165238.0	5.082815734989648	3.517480747275444
1177313.0	4.9140372670807455	4.588003079415791
1189388.0	5.93192546583851	4.621849270933639
1201463.0	5.3596687370600415	3.870320255739514
1213538.0	4.2614492753623185	3.880534850331547
1225613.0	4.330517598343685	6.457723640492618
1237688.0	3.810600414078675	4.49952378432588
1249763.0	5.008364389233955	3.755332991881969
1261838.0	5.055238095238095	3.2758859216139644
1273913.0	4.491428571428571	4.305439767805711
1285988.0	4.724057971014493	3.9154627901799355
1298063.0	4.588488612836439	3.5227741750215493
1310138.0	4.88455486542443	4.273777718065933
1322213.0	4.308488612836439	3.546905454375325
1334288.0	4.861366459627329	4.327245285378953
1346363.0	4.426501035196687	3.469679372541527
1358438.0	4.784182194616977	3.9089322778471143
1370513.0	5.420041407867495	4.078779097155844
1382588.0	4.673623188405797	4.063410433100019
1394663.0	4.421366459627329	3.7266762593534986
1406738.0	4.299378881987578	3.1835498500939368
1418813.0	4.187412008281574	3.4960373900620993
1430888.0	4.7393788819875775	3.915505091839826
1442963.0	4.4375155279503105	3.4266644109844266
1455038.0	4.171842650103519	2.8992324250125767
1467113.0	4.045714285714285	2.9426681882693786
1479188.0	4.641242236024845	3.795366031442738
1491263.0	4.613416149068323	4.0391766785033845
1503338.0	3.7853416149068324	4.096648127422855
1515413.0	4.988322981366459	4.0994268144509345
1527488.0	4.685134575569358	3.8179157051017953
1539563.0	4.756356107660456	4.270210743389682
1551638.0	4.469565217391304	3.4951845015382177
1563713.0	4.529772256728778	3.922425834944725
1575788.0	5.036521739130435	3.44368477118807
1587863.0	4.243064182194617	3.216996786287075
1599938.0	4.686045548654245	3.826528301290833
1612013.0	5.1781366459627325	3.344375086693611
1624088.0	3.123064182194617	3.2399677937207687
1636163.0	4.6612836438923395	3.8218614913153477
1648238.0	4.187412008281574	3.277516102362006
1660313.0	1.6404968944099378	2.9506640302585616
1672388.0	3.692008281573499	4.3230519853350025
1684463.0	3.351304347826087	2.8605114717331905
1696538.0	3.8147412008281574	4.02655779815258
1708613.0	4.5972670807453415	3.9684469794330663
1720688.0	4.318260869565218	3.564466920963333
1732763.0	3.8372670807453417	4.24628933127338
1744838.0	4.54824016563147	3.6561641418136652
1756913.0	4.768281573498965	4.022236329850312
1768988.0	4.848033126293996	4.367971135739121
1781063.0	4.129937888198758	3.5754395696112704
1793138.0	4.254906832298136	3.0610354274654776
1805213.0	4.3412008281573495	3.945603208520723
1817288.0	4.245051759834369	3.956847983273166
1829363.0	4.338633540372671	4.065346152232811
1841438.0	3.3440993788819875	3.3333374741175112
1853513.0	5.048115942028986	2.900117795851345
1865588.0	5.1444306418219465	3.5718244087056212
1877663.0	4.6405797101449275	3.748998486000378
1889738.0	4.823436853002071	4.25803344999586
1901813.0	4.026086956521739	3.093384378817781
1913888.0	5.345258799171843	3.802548997973277
1925963.0	3.5796273291925464	3.5759027874568425
1938038.0	4.082732919254658	2.8271385207168236
1950113.0	4.794782608695652	4.112708174672828
1962188.0	4.83304347826087	4.264553695225527
1974263.0	3.4057971014492754	3.5803928905243905
1986338.0	4.117184265010352	3.2171254996240455
1998413.0	3.680496894409938	3.7043089452561544
2010488.0	4.6960662525879915	3.8765099242161867
2022563.0	4.627329192546584	3.949631112056549
2034638.0	4.132836438923396	3.289697828257519
2046713.0	4.260041407867495	3.1337341710924465
2058788.0	4.542939958592132	4.026125860053781
2070863.0	5.0602898550724635	3.6613023059519896
2082938.0	4.5550310559006215	4.069347112415584
2095013.0	4.6063768115942025	3.8617195453309257
2107088.0	4.684886128364389	4.854555394115321
2119163.0	4.621366459627329	5.09697267353697
2131238.0	3.715776397515528	3.9962301075468325
2143313.0	3.973167701863354	3.929597833167509
2155388.0	3.490600414078675	3.050072123506612
2167463.0	4.351304347826087	3.61993559989843
2179538.0	4.5125465838509315	3.6558696670934987
2191613.0	4.794534161490684	4.308131845707604
2203688.0	4.3861697722567285	3.388055990600677
2215763.0	4.595776397515528	3.5850852763809393
2227838.0	4.199420289855072	3.3490766936266123
2239913.0	3.495320910973085	3.315650821885623
2251988.0	3.8650103519668737	3.977451976278593
2264063.0	3.9443478260869567	3.9308199851549523
2276138.0	4.359006211180124	3.4072143652621656
2288213.0	4.544265010351967	3.764946748170968
2300288.0	3.1885714285714286	3.160286697165555
2312363.0	4.363146997929607	3.5117313007658297
2324438.0	4.615072463768116	3.803768426745563
2336513.0	4.6824016563147	4.065397079763435
2348588.0	4.577805383022774	3.8060429231577584
2360663.0	4.1240579710144925	3.405731376838186
2372738.0	4.94111801242236	4.569237311261613
2384813.0	5.3354037267080745	3.831167810327586
2396888.0	5.210517598343685	3.709860399286558
2408963.0	4.1723395445134575	3.366317141522541
2421038.0	4.735569358178054	4.064877589013548
2433113.0	4.825590062111801	4.209454015141401
2445188.0	3.3194202898550724	3.58153765976034
2457263.0	4.569606625258799	4.328613451203271
2469338.0	3.9424430641821946	4.081985876464074
2481413.0	4.728115942028985	3.873934769767565
2493488.0	4.158343685300207	3.189150863445263
2505563.0	4.784761904761905	4.1032330836951525
2517638.0	4.69184265010352	3.7717814628802007
2529713.0	4.685217391304348	3.670981838753154
2541788.0	4.651511387163561	3.8697424762247596
2553863.0	2.48944099378882	3.7212389129991434
2565938.0	2.8431469979296065	3.627888297476206
2578013.0	5.165962732919255	3.762119133237384
2590088.0	4.896977225672877	4.070262809386406
2602163.0	4.6530020703933745	4.227789363077438
2614238.0	5.192132505175984	3.3835554088811586
2626313.0	4.782857142857143	3.890531054246704
2638388.0	4.76712215320911	4.124732251803542
2650463.0	4.5150310559006215	3.7502022029681275
2662538.0	4.49184265010352	4.194850436706344
2674613.0	4.608612836438923	3.714890856899425
2686688.0	5.036853002070393	3.7514276095549075
2698763.0	4.028405797101449	3.1700592048601934
2710838.0	5.226501035196687	3.6226455908085398
2722913.0	5.157763975155279	3.5038104073423284
2734988.0	5.384430641821946	3.849702201383566
2747063.0	3.8520910973084885	3.926213860642732
2759138.0	4.309399585921325	3.490347529962766
2771213.0	4.8949896480331265	4.260230653073998
2783288.0	4.475445134575569	3.830638173969943
2795363.0	3.997018633540373	3.9947792016036656
2807438.0	4.699047619047619	3.854915390875324
2819513.0	4.417888198757764	3.9209159364284134
2831588.0	3.583354037267081	3.80227675066043
2843663.0	4.438840579710145	3.44945160222718
2855738.0	4.455569358178054	4.187875628219242
2867813.0	4.895900621118012	3.8816871105250823
2879888.0	4.653913043478261	4.094545177066598
2891963.0	4.194699792960662	3.466849812011997
2904038.0	4.357018633540373	3.645968305694437
2916113.0	4.79776397515528	4.04335715217459
2928188.0	5.361159420289855	4.214801877363209
2940263.0	5.138467908902691	3.464436294778663
2952338.0	5.49631469979296	5.062336059252842
2964413.0	4.636853002070393	4.391672903378524
2976488.0	4.436853002070394	3.8388339326848873
2988563.0	4.257142857142857	3.6541703111001658
3000638.0	4.886873706004141	4.38341500683579
3012713.0	4.714948240165631	4.034837937794405
3024788.0	4.8326293995859215	4.029374543679269
3036863.0	4.91064182194617	4.113010211763447
3048938.0	4.6477846790890265	4.325053405048513
3061013.0	4.806376811594203	4.291481282052025
3073088.0	5.606128364389234	5.075431016179808
3085163.0	5.506915113871636	3.7796885518061196
3097238.0	4.501614906832298	3.6212965661314978
3109313.0	5.277763975155279	3.622428408904688
3121388.0	3.808861283643892	4.056924147722344
3133463.0	4.612919254658385	4.138912950773268
3145538.0	4.790144927536232	4.5454138149878505
3157613.0	5.01656314699793	4.0764840938347575
3169688.0	4.905175983436853	4.172918704887305
3181763.0	4.74128364389234	4.347836852988741
3193838.0	4.115942028985507	3.371860168184443
3205913.0	4.207536231884058	3.8401820177703327
3217988.0	4.843312629399586	4.401806517910347
3230063.0	4.74360248447205	4.106259424296926
3242138.0	4.964306418219461	4.808033305314175
3254213.0	4.771594202898551	4.120352956800283
3266288.0	4.742939958592133	4.093129121361894
3278363.0	3.7397101449275363	4.003993865343203
3290438.0	4.195859213250517	3.3545124270433706
3302513.0	4.457308488612837	3.5246661149011107
3314588.0	4.2597929606625256	3.657805969902936
3326663.0	4.77879917184265	3.8860050433172844
3338738.0	4.7909730848861285	4.424737537688841
3350813.0	4.970186335403727	4.433740388230658
3362888.0	4.586418219461698	3.7268651450681456
3374963.0	4.607950310559006	3.9956290818636266
3387038.0	5.267163561076605	4.143572437714086
3399113.0	4.800993788819876	4.072103754265999
3411188.0	4.619130434782608	3.829589494134036
3423263.0	4.217225672877847	3.631253797352472
3435338.0	5.323892339544513	4.132755586416893
3447413.0	4.524306418219462	3.7454845139589645
3459488.0	3.813416149068323	4.042906524729685
3471563.0	4.405465838509317	3.849185872890262
3483638.0	4.459710144927536	4.112607490713259
3495713.0	4.805465838509317	3.87779152105233
3507788.0	5.144513457556936	3.32115373203368
3519863.0	5.863685300207039	5.03707989941032
3531938.0	5.557184265010352	4.141213352765865
3544013.0	4.615652173913044	5.164322583192419
3556088.0	4.296977225672878	3.4943906543986545
3568163.0	5.429151138716356	4.008324670815311
3580238.0	3.9797929606625257	4.434310046677173
3592313.0	4.775652173913043	4.441708958037312
3604388.0	5.029482401656315	2.9890621863091424
3616463.0	4.825258799171842	4.04098055050056
3628538.0	4.038260869565217	3.482568243911232
3640613.0	5.328033126293996	3.574084312792333
3652688.0	3.000662525879917	3.8665095991515734
3664763.0	3.7034368530020703	4.330832213380644
3676838.0	5.165465838509316	4.971712944913982
3688913.0	6.05656314699793	4.9332438019966025
3700988.0	5.12472049689441	3.262040921430154
3713063.0	4.710890269151139	3.994685911051119
3725138.0	5.296563146997929	4.046714793646571
3737213.0	4.803726708074534	3.988565436884096
3749288.0	5.431469979296066	3.856816181243361
3761363.0	6.044968944099379	4.072856166119358
3773438.0	5.350807453416149	3.7077167584750326
3785513.0	4.755776397515528	4.001376574724456
3797588.0	5.189316770186335	3.5071769067260443
3809663.0	4.928033126293996	4.185017148115489
3821738.0	5.285962732919255	4.22406592269281
3833813.0	4.266086956521739	3.8096966834481427
3845888.0	5.659461697722567	4.302351420243496
3857963.0	5.088944099378882	3.4529910219879816
3870038.0	4.76944099378882	3.9215284128981778
3882113.0	4.944430641821946	4.249135827377504
3894188.0	5.08472049689441	3.245547993873808
3906263.0	4.831718426501035	4.3963470625991325
3918338.0	5.591221532091097	4.3273218375473625
3930413.0	4.9297722567287785	4.264621663126358
3942488.0	4.869316770186336	4.336192718017117
3954563.0	4.760248447204969	6.972254982752242
3966638.0	5.5382194616977225	4.412742700027497
3978713.0	4.956356107660455	4.530869504621481
3990788.0	5.177722567287785	3.438799443833099
4002863.0	4.432132505175983	4.036571942066469
4014938.0	3.9781366459627328	4.200266184998841
4027013.0	3.6937474120082814	3.5891601236744424
4039088.0	5.307908902691511	3.8190760158586565
4051163.0	5.062857142857143	3.2979948736065987
4063238.0	4.8949896480331265	4.372083470341756
4075313.0	4.842898550724637	4.391540899272065
4087388.0	5.575983436853002	4.349522236441631
4099463.0	3.7866666666666666	4.2321748957038725
4111538.0	4.304347826086956	3.5252064826534086
4123613.0	5.040496894409938	3.6863016528461685
4135688.0	4.014989648033127	3.6448437728336707
4147763.0	5.163395445134576	3.752818126733501
4159838.0	5.4824844720496895	4.552413870650321
4171913.0	4.238095238095238	4.169404483545823
4183988.0	4.118757763975156	3.7903986799819767
4196063.0	7.035693581780539	9.158177510886704
4208138.0	5.0354451345755695	5.235070461122683
4220213.0	2.5549482401656314	3.6558696670934987
4232288.0	3.9754865424430643	4.239584729068195
4244363.0	5.372836438923396	4.158057358164847
4256438.0	5.06136645962733	3.227046672693667
4268513.0	4.684472049689441	4.707449714626274
4280588.0	4.718923395445135	4.3942933066189696
4292663.0	5.015734989648033	3.1072612480717026
4304738.0	5.020538302277433	3.2975302885858055
4316813.0	4.984265010351967	4.287079147747056
4328888.0	4.9529606625258795	6.511967005883421
4340963.0	5.308819875776398	3.724475590804836
4353038.0	3.9338302277432713	4.030001361424694
4365113.0	4.396356107660456	3.9720868721722105
4377188.0	5.409026915113872	3.976775226339573
4389263.0	3.009937888198758	4.8651888053601
4401338.0	4.739461697722567	4.0369617339538735
4413413.0	4.191221532091097	3.4102269767753426
4425488.0	4.686790890269151	3.8119024664960506
4437563.0	4.831138716356108	4.1466092810898765
4449638.0	5.0360248447204965	3.6779348782902748
4461713.0	5.142443064182195	3.3606171177342237
4473788.0	4.8756935817805385	4.323482991291099
4485863.0	4.547826086956522	4.193201635813872
4497938.0	4.89656314699793	4.32793420614889
4510013.0	5.175652173913043	3.4118293788149674
4522088.0	4.030890269151139	3.3048806370041146
4534163.0	4.741614906832298	4.108598265849915
4546238.0	4.850186335403727	4.361016843455514
4558313.0	4.587577639751553	4.383339434298158
4570388.0	4.219130434782609	3.319794450969423
4582463.0	5.241987577639752	3.720593465428553
4594538.0	5.265258799171843	3.7868247131161876
4606613.0	4.387329192546584	4.116512222482376
4618688.0	5.687619047619048	5.0242641066791665
4630763.0	5.1657142857142855	3.651823901201018
4642838.0	5.8116770186335405	5.449288137071497
4651302.0	4.969091283742015	4.73333836385725
4657339.5	8.336333425643867	7.484378635991032
4666988.0	10.976894409937888	9.463793924485813
4679063.0	14.7951966873706	7.988926082934561
4691138.0	13.913540372670807	8.398747811627198
4703213.0	11.989565217391304	8.013596107072516
4715288.0	12.728281573498965	9.228419513008419
4722679.5	11.064254062038405	7.3715990581121416
4728717.0	4.215223657521085	3.720053194833703
4739438.0	4.982028985507246	4.076575512474005
4751513.0	0.7185093167701864	2.291256221478464
4763588.0	3.3071635610766044	4.022287803208847
4775663.0	5.516770186335404	4.098568148703303
4787738.0	4.333002070393375	4.1235876558258715
4799813.0	4.572505175983437	4.0201253546991325
4811888.0	5.420703933747412	3.8449127476793388
4819084.5	4.836496980155307	3.6831472642960943
4825049.5	29.203807740324596	21.154149080126174
