#Position (bp)	Coverage	Std
6038.0	19.408447204968944	5.012613489573998
18113.0	8.457474120082816	9.984916160120608
30188.0	18.597101449275364	6.726727382884185
42263.0	16.563975155279504	8.522822849078244
54338.0	19.998509316770186	6.219844019533706
66413.0	19.999917184265012	6.244752662660497
78488.0	20.0	0.0
90563.0	20.0	0.0
102638.0	14.533167701863354	9.218735985356227
114713.0	19.987329192546582	6.169946528587706
126788.0	17.327536231884057	7.409774753982871
138863.0	19.617391304347827	5.3486710100266
150938.0	20.0	0.0
163013.0	20.0	0.0
175088.0	19.940455486542444	5.98409209304585
187163.0	16.382111801242235	8.302799547818973
199238.0	20.0	6.2423452088140845
211313.0	20.0	0.0
223388.0	18.58550724637681	6.707617498424903
235463.0	20.0	0.0
247538.0	16.54327122153209	8.495133182280258
259613.0	20.0	0.0
271688.0	20.0	0.0
283763.0	19.944099378881987	6.051292146803255
295838.0	18.448695652173914	6.498848440754762
307913.0	17.30103519668737	7.140663017044102
319988.0	20.186583850931676	3.736042347506281
332063.0	19.931262939958593	6.03393440378945
344138.0	20.0	0.0
356213.0	20.0	0.0
368288.0	18.446790890269153	6.471514265951202
380363.0	19.89913043478261	6.220283391119612
392438.0	19.808695652173913	5.819543001417005
404513.0	16.106004140786748	7.880315912575307
416588.0	20.0	0.0
428663.0	19.926045548654244	5.982085055806782
440738.0	19.989068322981367	6.2107700485747594
452813.0	20.00190476190476	0.27945525240226887
464888.0	20.0	0.0
476963.0	19.928364389233955	6.023033771929674
489038.0	20.0	0.0
501113.0	20.0	0.0
513188.0	18.590476190476192	6.716131194330686
525263.0	18.44968944099379	6.5008360666315355
537338.0	20.0	0.0
549413.0	19.94815734989648	6.048725547199312
561488.0	20.0	0.0
573563.0	14.960662525879917	9.888111103786615
585638.0	18.582360248447205	6.6802635670347446
597713.0	20.0	0.0
609788.0	15.792132505175983	9.244124091970166
621863.0	19.648198757763975	5.411750117796843
633938.0	18.60687370600414	6.7446413051698855
646013.0	20.0	0.0
658088.0	17.573498964803314	7.509965773645381
670163.0	20.0	0.0
682238.0	20.0	0.0
694313.0	16.21639751552795	8.099040149656977
706388.0	20.0	0.0
718463.0	19.582608695652173	5.29373237748869
730538.0	20.0	0.0
742613.0	20.0	0.0
754688.0	17.44016563146998	7.560248004958591
766763.0	19.923975155279503	5.968613559788147
778838.0	19.730683229813664	5.519841867690272
790913.0	18.438260869565216	6.463607310294906
802988.0	19.688612836438924	5.217322635849008
815063.0	16.894906832298137	8.801938427574674
827138.0	16.471884057971014	8.378420472059473
839213.0	19.625010351966875	5.342303533059262
851288.0	19.104347826086958	4.27290563519577
863363.0	17.07726708074534	6.973401105727855
875438.0	20.0	0.0
887513.0	19.608612836438922	5.3055461430258415
899588.0	20.0	0.0
911663.0	15.097308488612837	8.618171374879411
923738.0	20.0	0.0
935813.0	19.24472049689441	4.299405322642237
947888.0	20.000993788819876	0.20226461154849282
959963.0	19.875776397515526	5.891320773433281
972038.0	20.0	0.0
984113.0	20.0	0.0
996188.0	20.0	0.0
1008263.0	17.93407867494824	8.10013419105162
1020338.0	16.191884057971013	7.9341858024516965
1032413.0	20.0	0.0
1044488.0	19.999420289855074	6.237932449316523
1056563.0	20.0	0.0
1068638.0	13.2048033126294	9.154944132565385
1080713.0	7.745175983436853	9.379939830379088
1092788.0	19.932670807453416	6.05417912570551
1104863.0	17.394616977225674	7.495616386285517
1116938.0	20.0	0.0
1129013.0	19.234037267080744	4.0872877712551325
1141088.0	17.836190476190477	8.146317233698285
1153163.0	18.549896480331263	6.754861756534805
1165238.0	20.0	0.0
1177313.0	18.028985507246375	5.589549550920418
1189388.0	20.0	0.0
1201463.0	19.973084886128365	6.128580839443179
1213538.0	15.97184265010352	9.649746024828078
1225613.0	14.526708074534161	9.656244828202869
1237688.0	16.386997929606625	8.179573609341858
1249763.0	18.60289855072464	6.737737116367434
1261838.0	20.0	0.0
1273913.0	16.6824016563147	8.733695249561627
1285988.0	19.643064182194617	5.364749602943032
1298063.0	20.0	0.0
1310138.0	9.756521739130434	10.62184553100223
1322213.0	10.521739130434783	10.446432420236059
1334288.0	19.997101449275362	6.2212618799470265
1346363.0	19.602070393374742	5.204823372161989
1358438.0	20.0	0.0
1370513.0	20.0	0.0
1382588.0	18.450848861283642	6.50156216297331
1394663.0	19.871635610766045	5.846688645373724
1406738.0	19.445962732919256	4.992557608078178
1418813.0	18.520662525879917	6.541924043149338
1430888.0	19.92472049689441	6.012423301336272
1442963.0	20.0	0.0
1455038.0	19.995776397515527	6.2124832587432905
1467113.0	20.0	0.0
1479188.0	20.0	0.0
1491263.0	20.0	0.0
1503338.0	16.381863354037268	8.300420304157667
1515413.0	20.0	0.0
1527488.0	20.0	0.0
1539563.0	18.598757763975154	6.729927597369716
1551638.0	19.845962732919254	5.690244457629008
1563713.0	20.0	0.0
1575788.0	19.948902691511385	6.052893153521737
1587863.0	18.600579710144928	6.743695775479149
1599938.0	19.362732919254658	4.727935568638897
1612013.0	19.96231884057971	6.126398095389199
1624088.0	13.725879917184265	9.870821966482623
1636163.0	19.666832298136647	5.418624427216728
1648238.0	20.0	0.0
1660313.0	8.493084886128365	9.623659595837914
1672388.0	16.373167701863355	8.10853906675558
1684463.0	20.0	0.0
1696538.0	17.607453416149067	7.776777023263891
1708613.0	19.993954451345754	6.194554477602361
1720688.0	19.43022774327122	5.1225559743300915
1732763.0	15.784844720496894	9.343471276059152
1744838.0	20.0	0.0
1756913.0	20.0	0.0
1768988.0	19.86169772256729	5.835615643433705
1781063.0	17.603312629399586	7.770331642229164
1793138.0	20.0	0.0
1805213.0	17.52968944099379	7.67342757072938
1817288.0	16.05689440993789	7.729961069542715
1829363.0	16.746997929606625	8.42494570575547
1841438.0	14.0	8.89778161107271
1853513.0	19.690103519668735	5.486207060338017
1865588.0	19.633457556935817	5.378594180854216
1877663.0	19.94592132505176	6.076993917428567
1889738.0	19.605631469979297	5.2562651171118135
1901813.0	17.278674948240166	7.154636250416677
1913888.0	20.0	0.0
1925963.0	16.50302277432712	8.357434299743801
1938038.0	19.96472049689441	6.10735564386605
1950113.0	20.0	0.0
1962188.0	20.0	0.0
1974263.0	13.909813664596273	10.187208314868093
1986338.0	19.989730848861285	6.214968906544649
1998413.0	16.393043478260868	8.32497303199457
2010488.0	20.0	0.0
2022563.0	20.0	0.0
2034638.0	18.237184265010352	5.947973192035057
2046713.0	18.930020703933746	7.205702825478563
2058788.0	20.0	0.0
2070863.0	19.999917184265012	6.244752662660497
2082938.0	19.857556935817804	5.822118174806132
2095013.0	19.441739130434783	5.012671314379602
2107088.0	20.0	0.0
2119163.0	19.28273291925466	4.335810726771305
2131238.0	16.60455486542443	8.570738412518365
2143313.0	19.67527950310559	5.58181756873157
2155388.0	20.0	0.0
2167463.0	20.0	0.0
2179538.0	19.999917184265012	6.244739400994683
2191613.0	20.0	0.0
2203688.0	20.0	0.0
2215763.0	20.0	0.0
2227838.0	19.94824016563147	6.036699357300707
2239913.0	16.089358178053832	7.741614043060945
2251988.0	18.486459627329193	6.584604667976685
2264063.0	19.0120082815735	4.227730597393924
2276138.0	20.0	0.0
2288213.0	18.91710144927536	7.279046191470208
2300288.0	14.502194616977226	9.340257709435804
2312363.0	19.304430641821945	4.602294863698148
2324438.0	19.26575569358178	4.350036291226733
2336513.0	19.627329192546583	5.350451307370865
2348588.0	19.46832298136646	5.066881874039085
2360663.0	16.55983436853002	8.517233777555488
2372738.0	17.629813664596274	7.809136232366047
2384813.0	18.868737060041408	7.211619333835437
2396888.0	19.582608695652173	5.408489607493811
2408963.0	17.608281573498964	7.77800157422283
2421038.0	20.0	0.0
2433113.0	20.0	0.0
2445188.0	14.810683229813664	9.506057783096491
2457263.0	18.359420289855073	6.468909559598834
2469338.0	17.59511387163561	7.736820089233543
2481413.0	19.999751552795033	6.241827783484173
2493488.0	20.0	0.0
2505563.0	20.0	0.0
2517638.0	19.864761904761906	5.835863988186566
2529713.0	20.0	0.0
2541788.0	20.0	0.0
2553863.0	10.298385093167703	10.188382943231453
2565938.0	14.464844720496895	9.443593027834389
2578013.0	19.997101449275362	6.21827933833843
2590088.0	20.000082815734988	0.05827044820980982
2602163.0	18.1224016563147	5.5635012882043
2614238.0	19.89672877846791	5.876901480754358
2626313.0	20.0	0.0
2638388.0	18.401490683229813	6.215428609117077
2650463.0	18.63113871635611	6.759947811184484
2662538.0	16.382443064182194	8.301452889875105
2674613.0	20.0	0.0
2686688.0	18.400828157349896	6.32379580432047
2698763.0	16.735403726708075	8.796244257834035
2710838.0	19.891014492753623	5.8742163919506485
2722913.0	20.0	0.0
2734988.0	20.0	0.0
2747063.0	17.6096066252588	7.770161113304415
2759138.0	20.000082815734988	0.05827044820980982
2771213.0	18.883643892339546	6.777077428206712
2783288.0	19.523809523809526	4.942275483673661
2795363.0	19.523892339544513	4.942702758512413
2807438.0	19.50144927536232	5.1342635816521875
2819513.0	20.0	0.0
2831588.0	16.382111801242235	8.300634813210218
2843663.0	20.0	0.0
2855738.0	20.0	0.0
2867813.0	20.0	0.0
2879888.0	19.56	5.369047091120235
2891963.0	17.134741200828156	6.852174701264259
2904038.0	20.0	0.0
2916113.0	19.995942028985507	6.209163067929589
2928188.0	20.0	0.0
2940263.0	19.819710144927537	5.807883554890159
2952338.0	18.51966873706004	6.540493393485521
2964413.0	17.2703933747412	7.421835614747845
2976488.0	18.073954451345756	5.581698873894986
2988563.0	17.47536231884058	7.31952775405921
3000638.0	20.0	0.0
3012713.0	20.0	0.0
3024788.0	19.946335403726707	6.07804997605212
3036863.0	19.4351966873706	5.005049210381819
3048938.0	16.482815734989646	8.424699956566885
3061013.0	18.874037267080745	6.957820272179973
3073088.0	20.0	0.0
3085163.0	19.559420289855073	5.248326165191328
3097238.0	18.448695652173914	6.498975870904616
3109313.0	19.902277432712214	5.900366693871932
3121388.0	17.44273291925466	7.55713092008278
3133463.0	17.609026915113873	7.775935698257595
3145538.0	16.54360248447205	8.492919959648377
3157613.0	18.542277432712215	6.570843434206374
3169688.0	20.0	0.0
3181763.0	20.0	0.0
3193838.0	17.5224016563147	7.5641192891914395
3205913.0	18.061863354037268	5.385826041862946
3217988.0	19.92182194616977	6.003015115439115
3230063.0	19.166128364389234	4.074482527572648
3242138.0	18.346997929606626	6.159185770714993
3254213.0	18.884472049689442	7.234836359093214
3266288.0	19.148654244306417	4.2374159085202585
3278363.0	15.03329192546584	8.358549013728807
3290438.0	17.629233954451347	7.828841935149071
3302513.0	19.92703933747412	6.019705391634245
3314588.0	19.75320910973085	5.611855241776856
3326663.0	19.89656314699793	5.919235583796302
3338738.0	18.19983436853002	5.896632017612998
3350813.0	18.593788819875776	6.7218010008964235
3362888.0	19.43271221532091	4.995360166034658
3374963.0	19.999751552795033	6.241575688938278
3387038.0	19.999006211180124	6.227069737487123
3399113.0	20.0	0.0
3411188.0	20.0	0.0
3423263.0	17.232298136645962	7.09640797947667
3435338.0	20.0	0.0
3447413.0	19.311801242236026	4.751331947938717
3459488.0	19.947743271221533	6.043993305130621
3471563.0	19.999751552795033	6.241827783484173
3483638.0	16.40463768115942	8.32688777643892
3495713.0	20.0	0.0
3507788.0	20.0	0.0
3519863.0	20.0	0.0
3531938.0	20.0	0.0
3544013.0	17.186749482401655	7.0246828947829885
3556088.0	18.379627329192548	6.273834058119475
3568163.0	19.997846790890268	6.238443560202354
3580238.0	15.710144927536232	9.204468264101122
3592313.0	20.0	0.0
3604388.0	19.95942028985507	6.1173411997400695
3616463.0	20.0	0.0
3628538.0	15.994202898550725	9.462555605761718
3640613.0	20.0	0.0
3652688.0	10.311387163561077	10.173851108445199
3664763.0	14.653747412008281	9.573695847159186
3676838.0	16.411097308488614	8.009125230418222
3688913.0	20.0	0.0
3700988.0	19.926376811594203	6.018618455753949
3713063.0	18.42832298136646	6.467257875687486
3725138.0	19.947577639751554	6.081734524296219
3737213.0	20.0	0.0
3749288.0	19.631469979296067	5.377008026859449
3761363.0	19.945341614906834	6.074942595303421
3773438.0	19.955362318840578	6.071540371641453
3785513.0	20.0	0.0
3797588.0	19.999420289855074	6.232593151434188
3809663.0	20.0	0.0
3821738.0	18.55751552795031	6.620615272302942
3833813.0	15.1768115942029	8.55741781064366
3845888.0	20.0	0.0
3857963.0	20.0	0.0
3870038.0	20.0	0.0
3882113.0	20.0	0.0
3894188.0	20.0	0.0
3906263.0	17.32033126293996	7.27856833009197
3918338.0	20.0	0.0
3930413.0	20.0	0.0
3942488.0	18.624430641821945	6.7725545272088095
3954563.0	15.722153209109731	9.17035461292027
3966638.0	19.99718426501035	6.214842315807535
3978713.0	18.597929606625257	6.727404478288245
3990788.0	20.0	0.0
4002863.0	16.049689440993788	7.893546385127632
4014938.0	18.36438923395445	5.907092974721854
4027013.0	17.047950310559006	6.732185294581524
4039088.0	19.946169772256727	6.078104477324082
4051163.0	20.0	0.0
4063238.0	18.590476190476192	6.714651326991161
4075313.0	19.805217391304346	5.660754436181585
4087388.0	20.0	0.0
4099463.0	14.275776397515529	9.199423872499914
4111538.0	20.00016563146998	0.08340576562289569
4123613.0	20.0	0.0
4135688.0	14.50103519668737	9.555850862915646
4147763.0	19.85159420289855	5.804125041280899
4159838.0	19.999585921325053	6.243704904275747
4171913.0	14.871221532091097	9.867528360335681
4183988.0	15.393788819875777	9.028938981432692
4196063.0	18.448447204968943	6.5000398151352625
4208138.0	16.5175983436853	8.46353767518619
4220213.0	10.275693581780539	10.09014852757325
4232288.0	15.947080745341616	9.531492966899457
4244363.0	19.118592132505174	4.472432235766091
4256438.0	20.0	0.0
4268513.0	19.937474120082815	6.013731698712487
4280588.0	18.245962732919256	5.9659489256823965
4292663.0	19.520496894409938	4.976740932634429
4304738.0	20.0	0.0
4316813.0	20.0	0.0
4328888.0	18.612008281573498	6.752899844859226
4340963.0	19.6968115942029	5.468358067884009
4353038.0	17.60910973084886	7.778267755442876
4365113.0	18.061283643892338	5.8766478240603375
4377188.0	20.0	0.0
4389263.0	10.222111801242235	10.08771468557868
4401338.0	20.0	0.0
4413413.0	16.770186335403725	8.758172758179175
4425488.0	19.63561076604555	5.382949848208041
4437563.0	18.24712215320911	5.748677046475919
4449638.0	20.0	0.0
4461713.0	20.0	0.0
4473788.0	18.603726708074536	6.739887755483894
4485863.0	19.99701863354037	6.222945585479142
4497938.0	20.0	0.0
4510013.0	20.0	0.0
4522088.0	16.38169772256729	8.301557637771994
4534163.0	20.0	0.0
4546238.0	20.0	0.0
4558313.0	19.28198757763975	4.830416053991458
4570388.0	17.6968115942029	7.973699002119249
4582463.0	20.0	0.0
4594538.0	18.97888198757764	7.0893148535784265
4606613.0	16.933084886128363	8.917616965285315
4618688.0	19.655734989648032	5.461948173206232
4630763.0	19.427743271221534	4.9849047495733405
4642838.0	20.0	0.0
4651302.0	19.8650319390068	5.876887923288051
4657339.5	13.54195513708114	9.752063454614063
4666988.0	18.057971014492754	5.869738514426622
4679063.0	20.0	0.0
4691138.0	20.0	0.0
4703213.0	18.39089026915114	5.969348900340461
4715288.0	17.639006211180124	7.451307776332943
4722679.5	17.583825701624814	7.013518282584549
4728717.0	15.674175296252802	9.314700118881264
4739438.0	20.0	0.0
4751513.0	19.690103519668735	5.444962722335118
4763588.0	18.59304347826087	6.720636615807993
4775663.0	19.20679089026915	4.65705902450935
4787738.0	17.328364389233954	7.500200135355949
4799813.0	17.530269151138718	7.673584060889963
4811888.0	20.0	0.0
4819084.5	19.473684210526315	4.789710714820388
4825049.5	15.645963379109446	9.206552652069657
