# Position (bp)	A	C	G	T	N
0.0	24.807364030701233	23.58543371920403	22.453433028507458	29.153769221587282	0.0
1.0	25.624611048595604	20.40707060054676	23.80944655039941	30.158871800458225	0.0
2.0	28.175784595380442	20.83145497087138	23.474064691382633	27.518695742365544	0.0
3.0	28.588464208358587	21.497003698007987	21.160231174752028	28.7543009188814	0.0
4.0	27.97970093765536	21.55263026757539	22.08200978795847	28.385659006810776	0.0
5.0	27.517420966812956	21.513228114131813	23.124080857854416	27.844342951708022	9.271094927899854E-4
6.0	27.073914963199545	22.227218312266704	23.1440137119494	27.554853012584353	0.0
7.0	26.04806830942743	23.337663707255906	22.870516411576354	27.74375157174031	0.0
8.0	26.238705198882368	23.13937816448545	23.30486720894846	27.31704942768372	0.0
9.0	26.1063603187866	23.344153473705436	23.181909312467187	27.367576895040774	0.0
10.0	26.10415843374122	23.429447547042116	23.311936418830985	27.15445760038568	0.0
11.0	26.76727349845926	22.946191723925335	23.475571244308416	26.810963533306985	0.0
12.0	26.53584379132156	23.074132833930353	22.91779899570864	27.472224379039446	0.0
13.0	26.347408786912	23.30509898632166	23.03728023159195	27.310211995174395	0.0
14.0	26.59042736270957	23.04840554550543	23.453436505168057	26.90773058661694	0.0
15.0	26.506292176238876	23.340560924420874	23.29860921987213	26.854537679468116	0.0
16.0	26.263273600441305	23.434894315312256	23.550783001911004	26.751049082335438	0.0
17.0	26.558326196521715	23.196974841725027	23.834710284077936	26.409988677675315	0.0
18.0	26.43525241135385	23.428404548862726	23.27705392416476	26.85928911561867	0.0
19.0	26.408945679495933	23.42631855250395	23.35597411973851	26.808761648261616	0.0
20.0	26.790567124465607	23.026154917678472	23.559938208152307	26.623339749703618	0.0
21.0	26.47859478014178	23.24842941857487	23.12709396370598	27.145881837577367	0.0
22.0	26.339064801476887	23.368490097891172	23.281921249001908	27.01052385163003	0.0
23.0	26.76704172108606	23.071930948884976	23.58160939254627	26.57941793748269	0.0
24.0	26.558210307835118	23.209027265131297	23.259091177741954	26.97367124929163	0.0
25.0	26.379741730473043	23.40476325679658	23.463518820902145	26.751976191828224	0.0
26.0	26.72578534865691	23.211692704923067	23.678840000602623	26.383681945817404	0.0
27.0	26.568872067002204	23.336968375136312	23.203464608174556	26.890694949686928	0.0
28.0	26.531671798604005	23.480090903085767	23.23000311740567	26.758234180904555	0.0
29.0	26.815599080770937	23.089893695307783	23.53733991426555	26.55716730965573	0.0
30.0	26.69982628285879	23.274967927805985	23.022910034453705	27.002295754881523	0.0
31.0	26.408598013436134	23.443354189433965	23.20578238190653	26.94226541522337	0.0
32.0	26.817800965816314	23.14100060609783	23.439761640149403	26.60143678793645	0.0
33.0	26.723235797551737	23.252717299979025	23.023257700513504	27.00067331326914	1.1588868659874818E-4
34.0	26.561339302373284	23.38193318553663	23.098933012862485	26.9577944992276	0.0
35.0	26.990868524895884	23.082611132168047	23.33118630115963	26.595334041776443	0.0
36.0	26.93405793970618	23.17529861403851	22.93603371428104	26.954609731974266	0.0
37.0	26.727409534251205	23.33333724616943	23.088589348242806	26.85066387133656	0.0
38.0	27.142401512019372	22.921386805268444	23.341680940287045	26.59453074242514	0.0
39.0	26.977759318915588	23.192238074894057	22.843793994337783	26.986208611852575	0.0
40.0	26.786848058954494	23.34955622100734	23.030659457383415	26.832936262654755	0.0
41.0	27.146032500145434	23.045458511896683	23.222648296457173	26.585618297814577	2.423936861292637E-4
42.0	27.040668706722375	23.200852311736206	22.861006492869613	26.89734988917005	1.2259950175562488E-4
43.0	26.88792557353836	23.22100634711647	23.02376131861034	26.86718255101914	1.2420971568396081E-4
44.0	27.26450931271378	22.940303569379815	23.152239829644095	26.642821210772567	1.2607748974674814E-4
45.0	27.182513986323343	23.042203241826513	22.73433102226143	27.040951749588714	0.0
46.0	27.076031944176037	23.18616518419087	22.832564674421153	26.905238197211933	0.0
47.0	27.462427722566545	22.834407588114868	23.078828855828746	26.624335833489845	0.0
48.0	27.23898057011029	23.07034153295355	22.693958833227235	26.99671906370893	0.0
49.0	27.146478869322028	23.11448211794908	22.832452337940655	26.906586674788237	0.0
50.0	27.46841013211279	22.918016584947658	23.03507675130981	26.57835412266823	1.4240896151112998E-4
51.0	27.38205567920604	23.057904914802787	22.649396139672344	26.91020542197249	4.3784434633487794E-4
52.0	27.2568789202207	23.20905447421865	22.743869928050657	26.790046907855718	1.4976965427173006E-4
53.0	27.59005941636235	22.861372593375716	22.92385133752218	26.624716652739757	0.0
54.0	27.443270890405536	22.90668397966778	22.607401307976122	27.042485471330618	1.5835061994267705E-4
55.0	27.24478208090222	23.1701387529206	22.67902128937098	26.906057876806205	0.0
56.0	27.565542315023713	22.86321874468991	22.94380597153033	26.627432968756047	0.0
57.0	27.485957227966356	22.970378568462532	22.466697824564818	27.076966379006294	0.0
58.0	27.437033205082606	23.093752357550088	22.550033948721264	26.919180488646038	0.0
59.0	27.675314466869715	22.875757480028174	22.88058899937376	26.56833905372835	0.0
60.0	27.537112997437298	23.10048406584527	22.44307031652827	26.919332620189163	0.0
61.0	27.435226756194226	23.096675412084625	22.60604151548258	26.862056316238565	0.0
62.0	27.79486840447005	22.90499792364381	22.826075728119235	26.474057943766905	0.0
63.0	27.73940106626569	22.88979850619989	22.48753917102019	26.883261256514224	0.0
64.0	27.445658823503237	23.114826671056523	22.638986832650755	26.80052767278948	0.0
65.0	27.885395643036976	22.82932107113876	22.859606657280445	26.42567662854382	0.0
66.0	27.70358795600697	22.979746378989123	22.525632550033055	26.79103311497085	0.0
67.0	27.586672501093958	23.19134837782084	22.527473901356505	26.694505219728697	0.0
68.0	27.861192270767692	22.85311388571622	22.76569561269542	26.51999823082066	0.0
69.0	27.761801087498107	22.898388249821277	22.40717272156149	26.932637941119125	0.0
70.0	27.696774903563153	23.07429658245315	22.51218335275709	26.7167451612266	0.0
71.0	27.999505782055774	22.792566726776904	22.870229546584454	26.33769794458287	0.0
72.0	27.80520715139992	22.955625747493023	22.281272041460944	26.95789505964611	0.0
73.0	27.73144713616945	23.129364815430662	22.538435957125678	26.600752091274206	0.0
74.0	28.090198588938236	22.824724256125048	22.78237906613852	26.3026980887982	0.0
75.0	28.01294205646494	23.016334127715833	22.24085445405048	26.72986936176875	0.0
76.0	27.523358718773366	23.192467130816084	22.58009481425553	26.70371634130228	3.629948527329883E-4
77.0	27.984281388906783	22.827985797166253	22.823817409460727	26.36315751579251	7.578886737327154E-4
78.0	27.741350501666943	23.0489630104768	22.333879742474995	26.875410796727877	3.959486533786298E-4
79.0	27.75660994791473	23.159122783066287	22.385083506054553	26.698770059449195	4.1370351523876893E-4
80.0	28.204751238833204	22.769451627130664	22.669566646199616	26.355798085321663	4.3240251485302634E-4
81.0	28.034658567011988	23.12153097937119	22.308401583771765	26.534956880186584	4.51989658476614E-4
82.0	27.75065573383114	23.15177579810487	22.363477397859118	26.733618469245492	4.726009593799475E-4
83.0	28.048268054793436	22.84971352583211	22.88777825564668	26.213745816587323	4.943471404489661E-4
84.0	27.938744288933453	23.118190651423372	22.235947158421368	26.707117901221807	0.0
85.0	27.84415444057172	23.1136689092432	22.463591905109293	26.57858474507579	0.0
86.0	27.997716778849686	22.946937714405205	22.7061822168721	26.34916328987301	0.0
87.0	27.994985690295422	23.010241491047566	22.26519075664041	26.729582062016604	0.0
88.0	27.918131405654307	23.01208100212903	22.710674852700897	26.359112739515773	0.0
89.0	28.23231308608053	22.913763941182953	22.80100318192717	26.052919790809348	0.0
90.0	28.00478563222688	22.881304084781824	22.227358317415213	26.88655196557608	0.0
91.0	27.827201823426762	23.00010684141173	22.780725809323695	26.39196552583781	0.0
92.0	28.23527654107031	22.9502196193265	22.658140855170767	26.156362984432423	0.0
93.0	27.930496909494	23.03425800437136	22.380120486646977	26.655124599487657	0.0
94.0	27.91448860834402	22.95755662951639	22.594272939474635	26.533681822664956	0.0
95.0	28.166681045638857	22.84099732551117	22.799585885600898	26.192735743249074	0.0
96.0	28.17457442955451	22.974465773270556	22.389532777978992	26.461427019195945	0.0
97.0	28.025410975865288	23.18989656551803	22.52414423681353	26.26054822180315	0.0
98.0	28.170466720738585	22.890444290906906	22.864409664854257	26.074679323500256	0.0
99.0	28.014176938286145	23.028059400109377	22.223507635354004	26.734256026250474	0.0
100.0	28.138417954052496	23.182904696560577	22.464698331193837	26.213979018193083	0.0
101.0	28.244212585588524	23.36974241930225	22.43001537100005	25.956029624109178	0.0
102.0	28.169462861064474	22.951261657618353	22.371597691148175	26.507677790168998	0.0
103.0	27.743399339933994	23.231229372937293	22.749071782178216	26.276299504950494	0.0
104.0	28.19837672032357	22.90100165585385	22.583403458291485	26.31721816553109	0.0
105.0	27.995083818044105	23.349006045188858	22.26573106769754	26.390179069069497	0.0
106.0	28.156994013962393	22.98819378477405	22.752974171077035	26.10183803018652	0.0
107.0	28.421924528902977	22.96468564328836	22.501154844772934	26.112234983035727	0.0
108.0	28.108906074382244	22.995755816879434	22.344869235543776	26.550468873194543	0.0
109.0	27.79028341516156	23.274074336659638	22.508374838263705	26.4272674099151	0.0
110.0	28.120728716133986	22.763953640772154	22.90625175532214	26.209065887771725	0.0
111.0	28.10854677170342	23.286884921420373	22.441708562606387	26.162859744269824	0.0
112.0	28.17016634851377	23.066434519938745	22.181200310461286	26.582198821086195	0.0
113.0	28.456784634536724	22.808109550062245	23.030410812733415	25.704695002667616	0.0
114.0	28.245879185755445	23.15921220422236	22.150852500826524	26.444056109195675	0.0
115.0	28.104919678714857	23.117469879518072	22.62550200803213	26.152108433734938	0.0
116.0	28.351753964440174	23.049815793688932	22.558598964173207	26.03983127769769	0.0
117.0	27.843315614429066	23.135961795389296	22.530486938230194	26.490235651951448	0.0
118.0	28.36025184779633	23.1560057182833	22.477719986616783	26.00298080725127	0.003041640052316209
119.0	28.43328775151397	22.641140847821838	22.517418766686202	26.408152633977988	0.0
120.0	28.485819803498014	22.514110514946694	22.54895129259285	26.451118388962442	0.0
121.0	28.313796212804327	22.89600240456868	22.610459873760146	26.17974150886685	0.0
122.0	28.542053060237077	22.719941940166116	22.586888154181114	26.151116845415697	0.0
123.0	27.999477784063707	23.186387571260717	22.067975107707035	26.746159536968538	0.0
124.0	28.427637458256903	23.352617468604485	22.303748647758805	25.915996425379806	0.0
125.0	29.143061297402134	22.21711835859746	22.640739039452864	25.999081304547545	0.0
126.0	28.675034867503484	23.380753138075313	21.8744769874477	26.0697350069735	0.0
127.0	28.37138508371385	23.47640791476408	22.173515981735157	25.978691019786908	0.0
128.0	29.25043269870856	22.646784715750233	22.33391026494475	25.768872320596458	0.0
129.0	28.475153669554913	22.535732800118492	22.735688365548395	26.2534251647782	0.0
130.0	28.544298571546527	23.127735116835936	22.401122946082076	25.92684336553546	0.0
131.0	29.241609493788246	22.371592805488596	22.28815130725014	26.098646393473018	0.0
132.0	29.401241713143218	22.256129643270548	21.1301694201831	27.212459223403133	0.0
133.0	29.398315282791813	22.85198555956679	21.600481347773766	26.14921780986763	0.0
134.0	28.56341189674523	22.97979797979798	22.124017957351292	26.3327721661055	0.0
135.0	29.490392648287383	22.740183792815372	21.052631578947366	26.71679197994987	0.0
136.0	28.877221324717283	23.303715670436187	21.385298869143778	26.43376413570275	0.0
137.0	29.295774647887324	23.175416133162614	22.176696542893726	25.352112676056336	0.0
138.0	30.365063118389628	22.92732855680655	20.846127601501195	25.861480723302627	0.0
139.0	29.55508474576271	22.245762711864405	21.927966101694913	26.27118644067797	0.0
140.0	29.629629629629626	19.825708061002178	24.40087145969499	26.143790849673206	0.0
