#Position (bp)	Coverage	Std
6038.0	19.70360248447205	5.564193422878553
18113.0	9.4351966873706	10.164481657743321
30188.0	19.17184265010352	4.436485281877391
42263.0	17.12215320910973	7.1196517466649185
54338.0	20.0	0.0
66413.0	20.0	0.0
78488.0	20.0	0.0
90563.0	20.0	0.0
102638.0	16.273291925465838	7.997515142042867
114713.0	20.0	0.0
126788.0	17.843478260869563	8.069393649564732
138863.0	20.0	0.0
150938.0	20.0	0.0
163013.0	20.0	0.0
175088.0	20.0	0.0
187163.0	17.12049689440994	7.117324967977293
199238.0	20.0	0.0
211313.0	20.0	0.0
223388.0	19.17184265010352	4.436671947644372
235463.0	20.0	0.0
247538.0	17.12215320910973	7.1196517466649185
259613.0	20.0	0.0
271688.0	20.0	0.0
283763.0	20.0	0.0
295838.0	19.151138716356108	4.389664125957291
307913.0	18.739378881987577	6.4195354023954625
319988.0	19.832049689440993	5.83104421219346
332063.0	20.0	0.0
344138.0	20.0	0.0
356213.0	20.0	0.0
368288.0	19.17184265010352	4.436485281877391
380363.0	20.0	0.0
392438.0	20.0	0.0
404513.0	17.12215320910973	7.1196517466649185
416588.0	20.0	0.0
428663.0	20.0	0.0
440738.0	20.0	0.0
452813.0	20.0	0.0
464888.0	20.0	0.0
476963.0	20.0	0.0
489038.0	20.0	0.0
501113.0	20.0	0.0
513188.0	19.17184265010352	4.436671947644372
525263.0	19.17184265010352	4.436671947644372
537338.0	20.0	0.0
549413.0	20.0	0.0
561488.0	20.0	0.0
573563.0	16.29399585921325	8.023309726341326
585638.0	19.151138716356108	4.389664125957291
597713.0	20.0	0.0
609788.0	16.8944099378882	8.895715115268041
621863.0	20.0	0.0
633938.0	19.17184265010352	4.436485281877391
646013.0	20.0	0.0
658088.0	18.86128364389234	6.907912467481408
670163.0	20.0	0.0
682238.0	20.0	0.0
694313.0	16.935817805383024	8.812864679032106
706388.0	20.0	0.0
718463.0	20.0	0.0
730538.0	20.0	0.0
742613.0	20.0	0.0
754688.0	18.322981366459626	6.08049523971925
766763.0	20.0	0.0
778838.0	20.0	0.0
790913.0	19.151138716356108	4.344721458835471
802988.0	19.71014492753623	5.39706998187294
815063.0	17.965300207039338	8.204578835725549
827138.0	19.316770186335404	4.565447692110772
839213.0	20.0	0.0
851288.0	19.52207039337474	5.297790468764473
863363.0	17.6	7.850017473045659
875438.0	20.0	0.0
887513.0	20.0	0.0
899588.0	20.0	0.0
911663.0	16.60952380952381	8.407824414624962
923738.0	20.0	0.0
935813.0	20.0	0.0
947888.0	20.0	0.0
959963.0	19.855072463768117	5.839644618926935
972038.0	20.0	0.0
984113.0	20.0	0.0
996188.0	20.0	0.0
1008263.0	18.87536231884058	7.220112236242157
1020338.0	17.439337474120084	7.460898763015544
1032413.0	20.0	0.0
1044488.0	20.0	0.0
1056563.0	20.0	0.0
1068638.0	15.093167701863354	7.816439648488814
1080713.0	11.615072463768115	9.191187605887785
1092788.0	19.99983436853002	6.244480792881887
1104863.0	17.971014492753625	8.22592478140402
1116938.0	20.0	0.0
1129013.0	19.25465838509317	4.139283101730699
1141088.0	18.192132505175984	6.202116782840495
1153163.0	18.930020703933746	7.295422428194072
1165238.0	20.0	0.0
1177313.0	19.17184265010352	4.436671947644372
1189388.0	20.0	0.0
1201463.0	20.0	0.0
1213538.0	16.266666666666666	8.243549457633858
1225613.0	14.809937888198757	9.940943629678582
1237688.0	17.11296066252588	7.1066760669455675
1249763.0	19.151138716356108	4.389664125957291
1261838.0	20.0	0.0
1273913.0	17.12712215320911	7.153999590783293
1285988.0	19.97432712215321	6.172100454186011
1298063.0	20.0	0.0
1310138.0	19.151138716356108	4.389664125957291
1322213.0	19.151138716356108	4.389664125957291
1334288.0	20.0	0.0
1346363.0	20.0	0.0
1358438.0	20.0	0.0
1370513.0	20.0	0.0
1382588.0	19.16935817805383	4.430975104045472
1394663.0	20.0	0.0
1406738.0	20.0	0.0
1418813.0	18.9648033126294	7.088321833707854
1430888.0	20.0	0.0
1442963.0	20.0	0.0
1455038.0	20.0	0.0
1467113.0	20.0	0.0
1479188.0	20.0	0.0
1491263.0	20.0	0.0
1503338.0	17.10144927536232	7.090570532488235
1515413.0	20.0	0.0
1527488.0	20.0	0.0
1539563.0	19.17184265010352	4.436671947644372
1551638.0	20.0	0.0
1563713.0	20.0	0.0
1575788.0	20.0	0.0
1587863.0	19.17184265010352	4.436485281877391
1599938.0	20.0	0.0
1612013.0	20.0	0.0
1624088.0	15.402070393374741	8.64762201183813
1636163.0	20.0	0.0
1648238.0	20.0	0.0
1660313.0	11.899461697722566	9.655194163098024
1672388.0	17.500124223602484	7.571817639130546
1684463.0	20.0	0.0
1696538.0	18.178053830227743	6.066982905324438
1708613.0	20.0	0.0
1720688.0	19.73581780538302	5.686823242561045
1732763.0	16.206211180124225	8.16993427678317
1744838.0	20.0	0.0
1756913.0	20.0	0.0
1768988.0	20.0	0.0
1781063.0	18.178053830227743	6.066982905324438
1793138.0	20.0	0.0
1805213.0	18.178053830227743	6.066846401451017
1817288.0	17.349896480331264	7.245045426345763
1829363.0	18.34368530020704	6.112675626321866
1841438.0	15.300207039337474	8.688847233815771
1853513.0	20.0	0.0
1865588.0	20.0	0.0
1877663.0	20.0	0.0
1889738.0	20.0	0.0
1901813.0	19.27536231884058	4.21990746908259
1913888.0	20.0	0.0
1925963.0	17.123809523809523	7.121977765184659
1938038.0	20.0	0.0
1950113.0	20.0	0.0
1962188.0	20.0	0.0
1974263.0	15.30351966873706	8.692754175477383
1986338.0	20.0	0.0
1998413.0	17.12215320910973	7.1196517466649185
2010488.0	20.0	0.0
2022563.0	20.0	0.0
2034638.0	19.17184265010352	4.436671947644372
2046713.0	19.461697722567287	5.047886629104285
2058788.0	20.0	0.0
2070863.0	20.0	0.0
2082938.0	20.0	0.0
2095013.0	20.0	0.0
2107088.0	20.0	0.0
2119163.0	20.0	0.0
2131238.0	17.163561076604555	7.272882785839679
2143313.0	0.0	0.0
2155388.0	0.0	0.0
2167463.0	0.0	0.0
2179538.0	0.0	0.0
2191613.0	0.0	0.0
2203688.0	0.0	0.0
2215763.0	0.0	0.0
2227838.0	0.0	0.0
2239913.0	12.978053830227744	10.685723143008476
2251988.0	18.864596273291927	7.205243087523873
2264063.0	19.297722567287785	4.855638544298559
2276138.0	20.0	0.0
2288213.0	19.28703933747412	4.810788428127664
2300288.0	16.137391304347826	7.751497551164825
2312363.0	20.0	0.0
2324438.0	20.0	0.0
2336513.0	19.627329192546583	5.350451307370865
2348588.0	20.0	0.0
2360663.0	17.09648033126294	7.083559246184286
2372738.0	18.178053830227743	6.066982905324438
2384813.0	19.240745341614907	4.697376035076057
2396888.0	19.9103933747412	6.016960156408676
2408963.0	18.15734989648033	6.032692163636466
2421038.0	20.0	0.0
2433113.0	20.0	0.0
2445188.0	16.56645962732919	8.35189816140922
2457263.0	18.631884057971014	6.874624025104389
2469338.0	18.179710144927537	6.0695758956285415
2481413.0	20.0	0.0
2493488.0	20.0	0.0
2505563.0	20.0	0.0
2517638.0	20.0	0.0
2529713.0	20.0	0.0
2541788.0	20.0	0.0
2553863.0	19.99983436853002	6.239439110535393
2565938.0	19.999585921325053	6.238423647575183
2578013.0	20.0	0.0
2590088.0	20.0	0.0
2602163.0	19.170269151138715	4.432937138852599
2614238.0	20.0	0.0
2626313.0	20.0	0.0
2638388.0	19.17250517598344	4.438874010880696
2650463.0	19.17184265010352	4.436485281877391
2662538.0	17.099792960662526	7.088117371170912
2674613.0	20.0	0.0
2686688.0	19.133498964803312	4.316600917187139
2698763.0	17.120745341614906	7.1374903233519005
2710838.0	20.0	0.0
2722913.0	20.0	0.0
2734988.0	20.0	0.0
2747063.0	18.15734989648033	6.032692163636466
2759138.0	20.0	0.0
2771213.0	20.0	0.0
2783288.0	19.523809523809526	4.942359265965157
2795363.0	19.523809523809526	4.942275483673661
2807438.0	20.0	0.0
2819513.0	20.0	0.0
2831588.0	17.12215320910973	7.1196517466649185
2843663.0	20.0	0.0
2855738.0	20.0	0.0
2867813.0	20.0	0.0
2879888.0	19.913623188405797	6.024202394736885
2891963.0	18.266004140786748	6.286025778090298
2904038.0	20.0	0.0
2916113.0	20.0	0.0
2928188.0	19.648861283643893	5.413769730189065
2940263.0	20.0	0.0
2952338.0	19.151138716356108	4.389664125957291
2964413.0	17.55776397515528	7.796081194265335
2976488.0	19.337474120082817	4.795313447096091
2988563.0	18.40496894409938	6.536218571093665
3000638.0	20.0	0.0
3012713.0	20.0	0.0
3024788.0	20.0	0.0
3036863.0	20.0	0.0
3048938.0	17.12215320910973	7.1196517466649185
3061013.0	19.96728778467909	6.143865293554346
3073088.0	20.0	0.0
3085163.0	20.0	0.0
3097238.0	19.17184265010352	4.436671947644372
3109313.0	20.0	0.0
3121388.0	18.15569358178054	6.029945973821405
3133463.0	18.178053830227743	6.066846401451017
3145538.0	17.10144927536232	7.090570532488235
3157613.0	19.17184265010352	4.436671947644372
3169688.0	20.0	0.0
3181763.0	20.0	0.0
3193838.0	18.178053830227743	6.066982905324438
3205913.0	19.151138716356108	4.389664125957291
3217988.0	20.0	0.0
3230063.0	20.0	0.0
3242138.0	19.151138716356108	4.389664125957291
3254213.0	19.21010351966874	4.605092149567059
3266288.0	19.94103519668737	6.087879551429399
3278363.0	16.273291925465838	7.997411589539781
3290438.0	18.178053830227743	6.066982905324438
3302513.0	20.0	0.0
3314588.0	20.0	0.0
3326663.0	20.0	0.0
3338738.0	19.151138716356108	4.389664125957291
3350813.0	19.17184265010352	4.436671947644372
3362888.0	20.0	0.0
3374963.0	20.0	0.0
3387038.0	20.0	0.0
3399113.0	20.0	0.0
3411188.0	20.0	0.0
3423263.0	18.34368530020704	6.11294658426106
3435338.0	20.0	0.0
3447413.0	19.917184265010352	5.994317529969824
3459488.0	20.0	0.0
3471563.0	20.0	0.0
3483638.0	17.125465838509317	7.124303024281079
3495713.0	20.0	0.0
3507788.0	20.0	0.0
3519863.0	20.0	0.0
3531938.0	20.0	0.0
3544013.0	18.322981366459626	6.0787788901251405
3556088.0	19.17184265010352	4.436671947644372
3568163.0	20.0	0.0
3580238.0	17.12049689440994	7.117324967977293
3592313.0	20.0	0.0
3604388.0	20.0	0.0
3616463.0	20.0	0.0
3628538.0	17.10144927536232	7.090570532488235
3640613.0	20.0	0.0
3652688.0	10.910973084886129	10.745503176181037
3664763.0	16.297308488612835	8.027334254788151
3676838.0	18.32049689440994	6.07475855581003
3688913.0	20.0	0.0
3700988.0	20.0	0.0
3713063.0	19.17184265010352	4.436485281877391
3725138.0	20.0	0.0
3737213.0	20.0	0.0
3749288.0	20.0	0.0
3761363.0	20.0	0.0
3773438.0	20.0	0.0
3785513.0	20.0	0.0
3797588.0	20.0	0.0
3809663.0	20.0	0.0
3821738.0	19.151138716356108	4.389664125957291
3833813.0	16.149068322981368	8.014169645937853
3845888.0	20.0	0.0
3857963.0	20.0	0.0
3870038.0	20.0	0.0
3882113.0	20.0	0.0
3894188.0	20.0	0.0
3906263.0	17.971014492753625	8.22602545729203
3918338.0	20.0	0.0
3930413.0	20.000082815734988	0.05827044820980982
3942488.0	19.17184265010352	4.436671947644372
3954563.0	17.10144927536232	7.090453734528609
3966638.0	20.0	0.0
3978713.0	19.17184265010352	4.436485281877391
3990788.0	20.0	0.0
4002863.0	17.39262939958592	7.886288123868591
4014938.0	18.467908902691512	6.051483742566151
4027013.0	18.467908902691512	6.060372591023508
4039088.0	20.0	0.0
4051163.0	20.0	0.0
4063238.0	19.17184265010352	4.436485281877391
4075313.0	19.875776397515526	5.89102556390795
4087388.0	20.0	0.0
4099463.0	18.053830227743273	5.1654850715924745
4111538.0	20.0	0.0
4123613.0	20.0	0.0
4135688.0	15.83983436853002	9.575153318699632
4147763.0	20.0	0.0
4159838.0	20.0	0.0
4171913.0	15.72256728778468	9.384825424064404
4183988.0	15.685300207039338	9.344986809402615
4196063.0	19.17184265010352	4.436671947644372
4208138.0	17.10144927536232	7.090570532488235
4220213.0	10.89192546583851	10.727800999539202
4232288.0	16.79751552795031	8.707532257328843
4244363.0	19.475776397515528	5.209523052524348
4256438.0	20.0	0.0
4268513.0	20.0	0.0
4280588.0	19.17184265010352	4.436671947644372
4292663.0	20.0	0.0
4304738.0	20.0	0.0
4316813.0	20.0	0.0
4328888.0	19.151138716356108	4.389664125957291
4340963.0	20.0	0.0
4353038.0	18.178053830227743	6.066982905324438
4365113.0	18.902691511387165	6.968191557483228
4377188.0	20.0	0.0
4389263.0	10.7879917184265	10.63073009535321
4401338.0	20.0	0.0
4413413.0	17.67536231884058	7.858347357326845
4425488.0	20.0	0.0
4437563.0	19.979296066252587	6.180011859523484
4449638.0	20.0	0.0
4461713.0	20.0	0.0
4473788.0	19.151138716356108	4.389664125957291
4485863.0	20.0	0.0
4497938.0	20.0	0.0
4510013.0	20.0	0.0
4522088.0	17.10144927536232	7.090453734528609
4534163.0	20.0	0.0
4546238.0	20.0	0.0
4558313.0	19.553623188405798	5.3568709385785995
4570388.0	17.982608695652175	8.323157348036
4582463.0	19.999917184265012	6.242093135165042
4594538.0	20.0	0.0
4606613.0	17.556935817805382	7.706226140274612
4618688.0	20.0	0.0
4630763.0	20.0	0.0
4642838.0	20.0	0.0
4651302.0	19.878425716051925	5.910016224874636
4657339.5	14.314594295209083	9.143143033173128
4666988.0	18.9648033126294	7.103902056661663
4679063.0	20.0	0.0
4691138.0	20.0	0.0
4703213.0	19.37888198757764	4.742696248112812
4715288.0	18.770020703933746	6.749256534472219
4722679.5	17.491506646971935	6.885779450509834
4728717.0	16.02540834845735	7.9206052826239315
4739438.0	20.0	0.0
4751513.0	20.0	0.0
4763588.0	19.17184265010352	4.437045255619336
4775663.0	19.514699792960663	5.283475548503616
4787738.0	17.607453416149067	7.859664568043167
4799813.0	18.178053830227743	6.066573384489766
4811888.0	19.652173913043477	5.420801893419633
4819084.5	19.726056945642796	5.466858341021264
4825049.5	0.0	0.0
