#Position (bp)	Coverage	Std
6038.0	8.829730848861283	6.746562655193791
18113.0	3.426335403726708	5.3592280275950035
30188.0	9.654824016563147	6.653450668420218
42263.0	8.62575569358178	7.42906273259865
54338.0	9.898385093167702	6.771380524154477
66413.0	10.405548654244306	6.126877960296963
78488.0	10.340372670807453	6.511413772505183
90563.0	9.96472049689441	7.174881420305503
102638.0	7.123229813664596	6.282283083827218
114713.0	9.175403726708074	6.367932082411933
126788.0	9.404968944099378	6.922881914048457
138863.0	10.315942028985507	6.1953365216892955
150938.0	10.182608695652174	5.862213630894416
163013.0	9.665424430641822	6.298147875897062
175088.0	10.630227743271222	6.761730088432979
187163.0	8.314616977225674	6.883628972140127
199238.0	10.529523809523809	6.3324528100991415
211313.0	10.130186335403726	6.1120456026829
223388.0	8.98128364389234	7.147514009901563
235463.0	9.147494824016563	5.553690508199891
247538.0	7.330269151138716	6.187023085328282
259613.0	8.180289855072465	5.321420442696697
271688.0	9.763975155279503	7.321213398847898
283763.0	9.179875776397516	5.760276620916951
295838.0	8.639254658385093	6.701818300283939
307913.0	6.914368530020704	6.597948109424504
319988.0	8.593043478260869	6.089287338421063
332063.0	10.598592132505177	6.6763573460389525
344138.0	7.723892339544514	6.485926793975676
356213.0	9.71527950310559	6.809109718258291
368288.0	9.723643892339544	7.059733307181656
380363.0	10.2327950310559	6.372170341839932
392438.0	9.128612836438924	5.256328139228599
404513.0	6.594616977225673	7.247416902582214
416588.0	8.639006211180124	6.781035545120096
428663.0	11.02120082815735	6.2385696720318045
440738.0	8.262360248447205	6.223338162770746
452813.0	9.96944099378882	7.380939023563683
464888.0	10.30128364389234	6.104025756399018
476963.0	8.911304347826087	6.608370374472906
489038.0	8.942857142857143	6.828917929131653
501113.0	8.523146997929606	6.231456964516495
513188.0	9.512546583850932	6.862234996787762
525263.0	7.76703933747412	6.915604822581449
537338.0	9.332339544513458	5.825154277806593
549413.0	10.946666666666667	7.140083105222404
561488.0	10.997432712215321	7.23402931458144
573563.0	7.711055900621118	7.35076790681598
585638.0	7.852505175983437	6.747188663838031
597713.0	10.49888198757764	6.385510253756402
609788.0	8.228985507246376	6.315880933557385
621863.0	10.086625258799172	5.89671628450603
633938.0	8.727701863354037	7.030333566916423
646013.0	10.215983436853001	6.385614007484948
658088.0	9.300869565217392	6.435480069638013
670163.0	9.290600414078675	6.038797955333629
682238.0	8.978385093167702	7.03197076475997
694313.0	7.58360248447205	6.94661095259466
706388.0	10.454906832298137	6.258344326257875
718463.0	10.0279917184265	5.851665367879451
730538.0	10.269482401656315	5.773230147448111
742613.0	8.816728778467908	6.652199623761191
754688.0	4.826086956521739	5.840693965971919
766763.0	8.66327122153209	6.501014413597089
778838.0	9.683892339544514	6.816804227479062
790913.0	8.19031055900621	6.960979679272028
802988.0	6.5903933747412005	5.79771497788597
815063.0	8.000662525879918	6.4603072185599695
827138.0	7.760745341614907	7.048574441425351
839213.0	8.328115942028985	5.550722259160845
851288.0	9.388488612836438	5.95751000551728
863363.0	8.5575983436853	7.303732844070691
875438.0	10.503105590062113	6.715385135308916
887513.0	4.391469979296066	4.967246759792673
899588.0	6.108985507246377	5.580170452363683
911663.0	7.122153209109731	6.322152056480357
923738.0	8.618219461697722	5.956571609710984
935813.0	9.028737060041408	5.747488424382062
947888.0	7.742857142857143	6.218965183236722
959963.0	8.389648033126294	6.018879888639716
972038.0	9.891511387163561	7.431927096835033
984113.0	8.928198757763974	6.894280042795521
996188.0	9.850269151138717	6.707253266189641
1008263.0	9.0727950310559	5.995277644718974
1020338.0	8.223105590062112	6.468583097385754
1032413.0	9.756273291925465	6.2778588218566655
1044488.0	5.976811594202899	6.530603223892024
1056563.0	9.254244306418219	5.936810110296125
1068638.0	4.47776397515528	5.430082605398307
1080713.0	3.487950310559006	5.286186538133329
1092788.0	6.849523809523809	6.7203223820925935
1104863.0	8.671138716356108	6.867422419163526
1116938.0	7.418136645962733	5.800735300003262
1129013.0	6.388819875776398	5.495249218657447
1141088.0	6.455900621118013	6.247616522748569
1153163.0	9.457391304347826	6.3100432615579525
1165238.0	9.11022774327122	5.677123466057549
1177313.0	8.10600414078675	5.1701884744449735
1189388.0	9.50103519668737	5.598779813827894
1201463.0	10.047204968944099	4.986441243340979
1213538.0	7.481490683229814	6.659739672477896
1225613.0	7.043809523809524	7.848397919096632
1237688.0	6.0583850931677015	5.546057857972197
1249763.0	7.985672877846791	6.471104750146655
1261838.0	8.466501035196687	5.780362271667618
1273913.0	7.425424430641822	6.196098418421551
1285988.0	9.532836438923395	6.339478330844453
1298063.0	9.515693581780539	6.081530264001559
1310138.0	9.410103519668738	6.401798401568666
1322213.0	6.623436853002071	5.717142143214063
1334288.0	8.240828157349897	5.81312144655356
1346363.0	8.339958592132506	5.963935782744809
1358438.0	8.769772256728778	6.440824761044541
1370513.0	9.427163561076604	5.512530427891216
1382588.0	7.378302277432712	6.138552105030125
1394663.0	8.622194616977225	6.322237201324675
1406738.0	8.599254658385092	6.19062939769007
1418813.0	8.180372670807454	5.995712754007769
1430888.0	8.785258799171842	6.812167897958718
1442963.0	10.060869565217391	5.83987152075129
1455038.0	10.546666666666667	6.341457141300274
1467113.0	7.573581780538302	6.073067858101845
1479188.0	9.298136645962733	5.826284413081102
1491263.0	8.31768115942029	6.0962466815643594
1503338.0	7.164140786749482	6.23880197662337
1515413.0	9.728778467908903	5.940728636184157
1527488.0	10.198426501035197	6.055540043414071
1539563.0	9.191884057971015	5.98366305890334
1551638.0	8.49159420289855	5.913118377311534
1563713.0	7.389896480331263	5.740106259972579
1575788.0	8.691428571428572	5.971381021534953
1587863.0	8.594699792960663	6.604108138607227
1599938.0	8.46136645962733	6.026209147330567
1612013.0	9.665672877846792	6.05643575700056
1624088.0	6.467660455486542	6.453169410850344
1636163.0	7.046956521739131	4.943021096145132
1648238.0	6.5551966873706	5.614326542505335
1660313.0	3.2275776397515528	4.943749844589623
1672388.0	5.680414078674948	6.233244206136427
1684463.0	8.93672877846791	6.96024796683526
1696538.0	5.191801242236025	5.206501748341831
1708613.0	8.12472049689441	5.747322718144599
1720688.0	7.584430641821946	5.79957876674122
1732763.0	7.25407867494824	6.626479287168355
1744838.0	8.46136645962733	5.6688827721216795
1756913.0	9.102277432712215	5.669919904057419
1768988.0	8.995196687370601	6.7661806677147895
1781063.0	6.746749482401657	5.666354881204631
1793138.0	8.582443064182195	6.174246921832641
1805213.0	8.1951966873706	5.985102277769554
1817288.0	7.617639751552795	6.719453541815816
1829363.0	7.822608695652174	6.896393872684837
1841438.0	6.540289855072464	6.87455776857374
1853513.0	9.647784679089026	6.136885729718888
1865588.0	8.715527950310559	6.153340758033156
1877663.0	8.234202898550725	5.748893133180402
1889738.0	7.638426501035196	6.019340808437079
1901813.0	6.802732919254658	6.377431740972697
1913888.0	9.390062111801242	6.115540398732562
1925963.0	6.157018633540373	5.406927540149825
1938038.0	8.042153209109731	5.311809570285167
1950113.0	8.24952380952381	5.7923916685800885
1962188.0	7.172505175983437	5.417684408289771
1974263.0	5.970517598343685	6.568505065779568
1986338.0	6.693002070393375	5.918011248963384
1998413.0	6.765714285714286	5.959198745589964
2010488.0	9.544182194616978	6.2521946457383075
2022563.0	8.497888198757764	5.840240217414131
2034638.0	7.577060041407868	6.063992767275824
2046713.0	8.968447204968944	6.690173876741561
2058788.0	9.06144927536232	5.011514691498528
2070863.0	10.634534161490683	6.844169058660055
2082938.0	7.307743271221532	5.270465385810136
2095013.0	8.034948240165631	4.8927207519035525
2107088.0	7.2448033126294	5.280496557364615
2119163.0	7.480331262939958	6.089899318215708
2131238.0	6.452919254658385	5.610910696186467
2143313.0	9.43983436853002	6.520653601859642
2155388.0	10.243726708074535	5.562377316208195
2167463.0	9.46144927536232	6.5907017757201185
2179538.0	8.10583850931677	5.085105925881261
2191613.0	8.751387163561077	6.867422419163526
2203688.0	8.361242236024845	5.593726151388606
2215763.0	7.891180124223602	6.166153523499258
2227838.0	8.706832298136646	6.122814817030145
2239913.0	6.659710144927536	6.232765886860671
2251988.0	7.559751552795031	5.977861157350776
2264063.0	5.806128364389234	5.790990360739522
2276138.0	8.460538302277433	6.166912311150219
2288213.0	8.311966873706004	5.67588338269146
2300288.0	6.488198757763975	6.479539385004303
2312363.0	8.218467908902692	5.8806205218979475
2324438.0	7.561076604554866	5.958545544875189
2336513.0	8.691097308488613	6.0409849333368895
2348588.0	8.630476190476191	6.159239554040577
2360663.0	6.968033126293996	6.5995608110351345
2372738.0	8.998923395445134	7.4324619530294145
2384813.0	9.73416149068323	6.845457607426436
2396888.0	8.422443064182195	5.873546690427998
2408963.0	7.2614492753623185	5.934305640667071
2421038.0	8.257971014492753	5.428725071379202
2433113.0	8.125217391304348	5.107231101468733
2445188.0	3.728695652173913	4.654586553437035
2457263.0	6.454989648033126	5.463077648295359
2469338.0	5.667494824016563	5.420870641263889
2481413.0	8.887867494824016	6.626304317090448
2493488.0	7.249689440993789	5.477429691456087
2505563.0	8.245714285714286	5.591230933706573
2517638.0	8.765134575569359	6.32232234502232
2529713.0	8.56008281573499	5.953254759879242
2541788.0	8.11544513457557	5.325294148117562
2553863.0	3.790144927536232	5.503336085914993
2565938.0	6.036604554865424	6.2240500618040215
2578013.0	9.036853002070393	5.705766942095999
2590088.0	8.885797101449276	6.540765620845338
2602163.0	7.312132505175984	5.826845845324551
2614238.0	10.029399585921325	5.535722500494805
2626313.0	8.057805383022774	5.495173866021473
2638388.0	8.445300207039338	6.319813399766444
2650463.0	8.665010351966874	6.521390190803181
2662538.0	7.334989648033126	6.2576561801976
2674613.0	8.565383022774327	6.307844536092451
2686688.0	7.780869565217391	6.201389011574571
2698763.0	8.289026915113872	6.477289518240294
2710838.0	8.796273291925466	6.330929041292432
2722913.0	8.525217391304349	5.691903370152667
2734988.0	8.422857142857143	5.318992105524648
2747063.0	6.74832298136646	6.351068119032262
2759138.0	7.772587991718426	6.041800562520008
2771213.0	8.863105590062112	6.614351671413178
2783288.0	6.773333333333333	6.222253524519508
2795363.0	8.864596273291925	6.7086668705581305
2807438.0	8.718178053830227	6.539005439094326
2819513.0	7.821697722567288	6.675104391209201
2831588.0	7.913706004140787	7.164826669280155
2843663.0	8.838426501035197	6.740176503331812
2855738.0	9.044223602484472	6.3444992558478095
2867813.0	8.868405797101449	6.840090079679992
2879888.0	8.754120082815735	6.592755921602282
2891963.0	8.767370600414079	6.961116495013056
2904038.0	9.986418219461697	7.064652629123836
2916113.0	6.783850931677018	6.145859923794111
2928188.0	10.268737060041408	5.505705679661411
2940263.0	9.32944099378882	5.806393277978225
2952338.0	9.01871635610766	5.3974996128201225
2964413.0	7.798509316770186	7.02536074388928
2976488.0	7.8091925465838505	6.527996721876334
2988563.0	8.073540372670807	6.311020956013882
3000638.0	7.208695652173913	5.674562760766676
3012713.0	9.847536231884058	6.869032135932402
3024788.0	10.033457556935819	5.843344854535535
3036863.0	8.399420289855072	5.929956933566588
3048938.0	7.903768115942029	7.2504672513100035
3061013.0	8.314534161490684	5.769054305312072
3073088.0	10.75768115942029	7.444853155658396
3085163.0	10.280579710144927	5.977743399399837
3097238.0	8.846211180124223	7.073919087955414
3109313.0	9.31089026915114	6.040861551266798
3121388.0	6.469813664596273	6.19869751896937
3133463.0	9.115031055900621	6.560412045838289
3145538.0	8.82335403726708	7.542278351593718
3157613.0	9.144596273291926	5.83779362161168
3169688.0	10.41399585921325	6.058418163334546
3181763.0	10.405134575569358	5.9733223343584045
3193838.0	7.879585921325051	6.808544138942294
3205913.0	7.753209109730848	6.911214519052668
3217988.0	7.673291925465839	5.988926980420749
3230063.0	9.05209109730849	5.580667606270509
3242138.0	9.226418219461697	6.184713674036468
3254213.0	9.10360248447205	5.915113813661698
3266288.0	9.035610766045549	5.956383912809028
3278363.0	6.16703933747412	5.689858763943371
3290438.0	6.788654244306418	6.304062248118854
3302513.0	7.414327122153209	5.760556966400644
3314588.0	7.385590062111802	6.04797247137359
3326663.0	9.458302277432713	6.17003377382866
3338738.0	8.552712215320911	6.905484362860746
3350813.0	8.027494824016562	5.787285270958519
3362888.0	8.612173913043478	7.2723589686527506
3374963.0	8.669316770186336	6.508583280153968
3387038.0	9.334409937888198	6.165260317505555
3399113.0	7.720662525879917	6.200480846911734
3411188.0	10.370848861283644	6.24502452060358
3423263.0	7.603478260869565	6.313533395314182
3435338.0	10.520910973084886	6.618394593700923
3447413.0	9.238840579710144	6.480012268986162
3459488.0	4.047536231884058	4.525702992645424
3471563.0	5.859544513457557	6.0898381230037
3483638.0	7.638757763975155	6.726635046412066
3495713.0	8.422360248447205	6.03579385444998
3507788.0	8.926211180124223	6.362207255302226
3519863.0	8.57416149068323	5.825523905921931
3531938.0	9.119254658385094	5.449014574615169
3544013.0	7.580207039337474	6.613049399501598
3556088.0	8.339627329192547	6.1357993062268585
3568163.0	9.719917184265011	6.152687978288681
3580238.0	6.552380952380952	6.3741714843422
3592313.0	7.020952380952381	5.598025383897234
3604388.0	9.154285714285715	5.433330157882444
3616463.0	8.824927536231884	6.455908748114021
3628538.0	8.388571428571428	7.033754758600899
3640613.0	9.958095238095238	6.778781900752598
3652688.0	4.680414078674948	6.159400901199541
3664763.0	5.450766045548654	6.22210046218242
3676838.0	7.5084057971014495	6.454516771182983
3688913.0	9.664761904761905	6.505923403904639
3700988.0	9.330103519668738	6.0422597338670725
3713063.0	9.189151138716356	5.931255597313483
3725138.0	9.50848861283644	6.452315937117537
3737213.0	8.915445134575569	7.022914284807969
3749288.0	9.27768115942029	5.432522262876239
3761363.0	9.423188405797102	6.238018743703075
3773438.0	9.212753623188405	5.47718777488275
3785513.0	10.391718426501035	6.07426775656687
3797588.0	10.081821946169772	5.91808121777718
3809663.0	9.04463768115942	4.979751962359698
3821738.0	8.699875776397516	6.629709154877072
3833813.0	7.234865424430642	5.893822431762163
3845888.0	10.26616977225673	5.960810594202654
3857963.0	9.569192546583851	6.791749958208416
3870038.0	10.593291925465838	6.1406698402500455
3882113.0	8.963643892339544	6.974624220900673
3894188.0	9.63064182194617	6.276044698696896
3906263.0	7.854575569358178	6.391175334256533
3918338.0	9.26111801242236	5.72892844413442
3930413.0	9.310062111801242	6.156812113726284
3942488.0	9.002732919254658	6.066238921966814
3954563.0	8.18807453416149	7.253190916273258
3966638.0	10.127536231884058	6.142921661753718
3978713.0	8.890351966873705	7.017375654516762
3990788.0	9.418550724637681	5.743949918177027
4002863.0	9.031801242236025	6.483698303075198
4014938.0	9.929689440993789	7.901248689217502
4027013.0	9.047287784679089	6.475109214327903
4039088.0	9.689772256728778	7.111399881990429
4051163.0	9.404057971014494	6.038928236393145
4063238.0	9.340538302277432	6.7041534050054965
4075313.0	8.756273291925465	6.759457755703391
4087388.0	10.525383022774328	6.242398275653682
4099463.0	7.350310559006211	6.77734015263462
4111538.0	7.102277432712215	5.452759667518681
4123613.0	9.670062111801242	6.686775056970728
4135688.0	6.851594202898551	6.639358147031599
4147763.0	9.110144927536233	5.555576535502138
4159838.0	9.29631469979296	5.970951074056667
4171913.0	7.755942028985507	7.374355430301849
4183988.0	7.528530020703934	7.122413809089506
4196063.0	10.596935817805383	7.620349785204174
4208138.0	7.578053830227743	6.689938677081098
4220213.0	3.9347412008281575	5.871410184694629
4232288.0	7.250517598343685	5.979467975253379
4244363.0	9.254409937888198	5.781322106595259
4256438.0	9.617308488612837	6.4135015452086215
4268513.0	8.339627329192547	5.927414639319425
4280588.0	8.963975155279503	7.069457240331668
4292663.0	9.377474120082816	6.228519193657164
4304738.0	9.664679089026915	6.540246479802053
4316813.0	10.081242236024845	5.4796140167220475
4328888.0	9.30111801242236	7.63130199810854
4340963.0	9.488115942028985	5.990275072576766
4353038.0	6.914451345755694	6.520539296117716
4365113.0	7.423271221532091	6.172509682163124
4377188.0	9.775734989648033	6.449530131986007
4389263.0	4.617805383022774	6.46657275123368
4401338.0	9.2024016563147	5.987875949374133
4413413.0	8.250848861283643	6.535857458070465
4425488.0	9.030724637681159	5.48077007177916
4437563.0	9.007950310559007	6.836802129214891
4449638.0	7.8906004140786745	6.958611746082132
4461713.0	11.374906832298137	6.4328607728262925
4473788.0	9.155859213250517	6.2634567348350965
4485863.0	7.555445134575569	6.202670900023301
4497938.0	9.527619047619048	6.333296284080366
4510013.0	10.800331262939958	6.9815788374967305
4522088.0	7.199254658385093	6.390818984119694
4534163.0	8.909316770186335	7.019824043850762
4546238.0	8.654409937888198	6.790067035896396
4558313.0	7.812422360248447	6.849013469635344
4570388.0	8.502443064182195	6.847465566111963
4582463.0	9.392132505175983	5.99266632555501
4594538.0	10.345590062111802	6.372599210991834
4606613.0	7.907908902691512	7.360855562838958
4618688.0	10.071966873706003	5.6601180038763665
4630763.0	8.316356107660456	5.97738318420769
4642838.0	10.205631469979297	5.908824155324874
4651302.0	9.02101792705543	6.215280651686563
4657339.5	15.58584879534755	15.764133104948716
4666988.0	15.246956521739131	13.807226481288343
4679063.0	26.56737060041408	13.400738522956955
4691138.0	23.819461697722566	13.473996119510034
4703213.0	21.70898550724638	14.79525132256031
4715288.0	22.410434782608696	16.38794941804387
4722679.5	23.256277695716395	17.448732669947606
4728717.0	7.996156720401409	7.183528006744241
4739438.0	11.743933747412008	6.608570882553266
4751513.0	12.367453416149068	6.711659765780309
4763588.0	10.894989648033127	8.485920625440922
4775663.0	12.522401656314699	7.7604667849619
4787738.0	10.894906832298137	8.527378874905844
4799813.0	8.45175983436853	7.05584350281608
4811888.0	9.490351966873707	6.982266801651236
4819084.5	13.298533218291631	7.213435360354699
4825049.5	60.03100291302538	41.54513737431478
