#Position (bp)	mapping quality
6038.0	59.96634137138545
18113.0	59.84153255625594
30188.0	59.93951177360121
42263.0	59.94072676247157
54338.0	60.0
66413.0	60.0
78488.0	60.0
90563.0	60.0
102638.0	59.974046410481975
114713.0	60.0
126788.0	59.93183601640022
138863.0	60.0
150938.0	60.0
163013.0	60.0
175088.0	60.0
187163.0	60.0
199238.0	60.0
211313.0	60.0
223388.0	59.936285097192226
235463.0	60.0
247538.0	59.93351706798182
259613.0	60.0
271688.0	60.0
283763.0	60.0
295838.0	60.0
307913.0	59.386454606168094
319988.0	59.90894133248201
332063.0	60.0
344138.0	60.0
356213.0	60.0
368288.0	60.0
380363.0	59.94892563262569
392438.0	60.0
404513.0	59.928643994001256
416588.0	60.0
428663.0	59.97216999494753
440738.0	60.0
452813.0	60.0
464888.0	59.893340660438625
476963.0	60.0
489038.0	60.0
501113.0	60.0
513188.0	59.97081081081081
525263.0	59.94816414686825
537338.0	60.0
549413.0	60.0
561488.0	59.93637854764153
573563.0	59.942684090703096
585638.0	59.97404136940429
597713.0	60.0
609788.0	59.94492044063647
621863.0	60.0
633938.0	59.94492440604752
646013.0	60.0
658088.0	59.36663007683864
670163.0	60.0
682238.0	60.0
694313.0	59.81080168948978
706388.0	60.0
718463.0	60.0
730538.0	59.99527948355894
742613.0	60.0
754688.0	59.90623587889743
766763.0	59.959745218709365
778838.0	60.0
790913.0	59.526459397099224
802988.0	0.0
815063.0	59.96807270908385
827138.0	59.140860219698574
839213.0	59.964212933048366
851288.0	59.91611388743327
863363.0	60.0
875438.0	60.0
887513.0	59.99527508144268
899588.0	60.0
911663.0	59.801792329063126
923738.0	59.99527948355894
935813.0	60.0
947888.0	59.96024153268891
959963.0	59.970802676143286
972038.0	60.0
984113.0	60.0
996188.0	60.0
1008263.0	60.0
1020338.0	59.971001834221326
1032413.0	60.0
1044488.0	59.98583839203637
1056563.0	60.0
1068638.0	57.60866195779731
1080713.0	54.44102587085859
1092788.0	59.97365500563175
1104863.0	59.903107296453875
1116938.0	60.0
1129013.0	58.595475316179865
1141088.0	59.98292816170445
1153163.0	60.0
1165238.0	60.0
1177313.0	59.98887033945465
1189388.0	60.0
1201463.0	59.94774992950387
1213538.0	59.97581835768467
1225613.0	59.98881556872833
1237688.0	59.85042372676044
1249763.0	59.93952483801296
1261838.0	60.0
1273913.0	60.0
1285988.0	59.93103302554567
1298063.0	60.0
1310138.0	59.9463430741291
1322213.0	59.950145727872375
1334288.0	60.0
1346363.0	59.95503353748663
1358438.0	60.0
1370513.0	60.0
1382588.0	59.976216216216216
1394663.0	60.0
1406738.0	60.0
1418813.0	59.7442872687704
1430888.0	60.0
1442963.0	60.0
1455038.0	60.0
1467113.0	60.0
1479188.0	60.0
1491263.0	60.0
1503338.0	60.0
1515413.0	60.0
1527488.0	60.0
1539563.0	59.97405394185488
1551638.0	60.0
1563713.0	60.0
1575788.0	60.0
1587863.0	59.937365010799134
1599938.0	60.0
1612013.0	60.0
1624088.0	59.78777252302974
1636163.0	60.0
1648238.0	60.0
1660313.0	58.94476565383196
1672388.0	59.43055292199173
1684463.0	60.0
1696538.0	59.94077448747153
1708613.0	59.94396433641322
1720688.0	60.0
1732763.0	59.94344647465888
1744838.0	60.0
1756913.0	60.0
1768988.0	59.99503105590062
1781063.0	59.9498861047836
1793138.0	60.0
1805213.0	59.808357671406306
1817288.0	59.95764506565015
1829363.0	59.97275154862032
1841438.0	59.94596131968146
1853513.0	60.0
1865588.0	60.0
1877663.0	60.0
1889738.0	60.0
1901813.0	58.942122186495176
1913888.0	60.0
1925963.0	59.92458573372813
1938038.0	59.957732296255166
1950113.0	59.99503105590062
1962188.0	60.0
1974263.0	59.88623620614
1986338.0	60.0
1998413.0	60.0
2010488.0	60.0
2022563.0	60.0
2034638.0	59.96108141767422
2046713.0	59.83191489361702
2058788.0	60.0
2070863.0	60.0
2082938.0	60.0
2095013.0	59.99503105590062
2107088.0	60.0
2119163.0	60.0
2131238.0	59.98602638603795
2143313.0	59.99646519674299
2155388.0	60.0
2167463.0	60.0
2179538.0	59.99527944446515
2191613.0	60.0
2203688.0	60.0
2215763.0	60.0
2227838.0	59.995016963088155
2239913.0	59.75436255988782
2251988.0	59.97142216496885
2264063.0	59.97962247962248
2276138.0	60.0
2288213.0	60.0
2300288.0	59.94087030200327
2312363.0	59.96744627185262
2324438.0	59.9585031309015
2336513.0	59.9451476793249
2348588.0	60.0
2360663.0	59.92744860943168
2372738.0	59.973774230330676
2384813.0	60.0
2396888.0	60.0
2408963.0	59.97035347776511
2421038.0	60.0
2433113.0	59.99527948355894
2445188.0	59.78083138795099
2457263.0	59.99444345661451
2469338.0	59.94178534086395
2481413.0	60.0
2493488.0	60.0
2505563.0	60.0
2517638.0	60.0
2529713.0	60.0
2541788.0	60.0
2553863.0	59.92806160630225
2565938.0	59.99965672111451
2578013.0	59.932588758135125
2590088.0	60.0
2602163.0	59.99149907704265
2614238.0	60.0
2626313.0	60.0
2638388.0	59.94060475161987
2650463.0	59.91696189406377
2662538.0	60.0
2674613.0	60.0
2686688.0	59.976928147659855
2698763.0	60.0
2710838.0	60.0
2722913.0	59.9184802869759
2734988.0	60.0
2747063.0	59.937380738770656
2759138.0	60.0
2771213.0	60.0
2783288.0	59.54931071049841
2795363.0	59.62095150727518
2807438.0	59.87640879263161
2819513.0	60.0
2831588.0	59.940749697702536
2843663.0	59.98583833339545
2855738.0	60.0
2867813.0	60.0
2879888.0	60.0
2891963.0	60.0
2904038.0	60.0
2916113.0	59.96520817110953
2928188.0	60.0
2940263.0	60.0
2952338.0	59.93709436712595
2964413.0	59.971686093152755
2976488.0	59.96823936566347
2988563.0	59.8649492511161
3000638.0	59.99527948355894
3012713.0	60.0
3024788.0	60.0
3036863.0	60.0
3048938.0	59.95921898171033
3061013.0	59.98498665957465
3073088.0	60.0
3085163.0	59.92718080921372
3097238.0	60.0
3109313.0	59.99527948355894
3121388.0	59.9945852747973
3133463.0	59.9498861047836
3145538.0	59.92140266021765
3157613.0	59.93136276656861
3169688.0	60.0
3181763.0	60.0
3193838.0	59.9531154229675
3205913.0	59.94498198506036
3217988.0	60.0
3230063.0	60.0
3242138.0	60.0
3254213.0	59.83857394163875
3266288.0	59.96837691988377
3278363.0	59.94271310724106
3290438.0	59.93849658314351
3302513.0	60.0
3314588.0	59.99585921325052
3326663.0	60.0
3338738.0	59.9989177536028
3350813.0	59.943844492440604
3362888.0	59.85671342685371
3374963.0	59.99503105590062
3387038.0	59.97316636851521
3399113.0	60.0
3411188.0	59.99503105590062
3423263.0	59.89954399747167
3435338.0	59.925277717815455
3447413.0	59.886929460580916
3459488.0	60.0
3471563.0	59.99055896711788
3483638.0	59.90644364343283
3495713.0	60.0
3507788.0	60.0
3519863.0	60.0
3531938.0	60.0
3544013.0	59.917502938251516
3556088.0	60.0
3568163.0	60.0
3580238.0	59.896469644702414
3592313.0	60.0
3604388.0	60.0
3616463.0	60.0
3628538.0	59.97816763375963
3640613.0	60.0
3652688.0	59.90279429028616
3664763.0	59.938938672716716
3676838.0	59.92996217957697
3688913.0	60.0
3700988.0	60.0
3713063.0	59.953563714902806
3725138.0	59.93736121698207
3737213.0	60.0
3749288.0	59.994978659302035
3761363.0	60.0
3773438.0	60.0
3785513.0	60.0
3797588.0	60.0
3809663.0	60.0
3821738.0	59.93507758228917
3833813.0	59.91572428924408
3845888.0	60.0
3857963.0	60.0
3870038.0	59.99527948355894
3882113.0	60.0
3894188.0	60.0
3906263.0	59.867604679545785
3918338.0	60.0
3930413.0	60.0
3942488.0	59.95896328293737
3954563.0	59.81215930854982
3966638.0	59.961982225240824
3978713.0	59.95896328293737
3990788.0	60.0
4002863.0	59.954386267225516
4014938.0	59.04777689185921
4027013.0	59.07887640449438
4039088.0	60.0
4051163.0	59.99503105590062
4063238.0	59.94924406047516
4075313.0	59.942708333333336
4087388.0	60.0
4099463.0	58.5887816249635
4111538.0	60.0
4123613.0	60.0
4135688.0	59.949641897940914
4147763.0	60.0
4159838.0	60.0
4171913.0	59.973875979650764
4183988.0	59.971397071060075
4196063.0	59.97513513513513
4208138.0	59.915356711003625
4220213.0	59.95628706097005
4232288.0	59.917455154740786
4244363.0	59.998936713167744
4256438.0	60.0
4268513.0	59.91858650909574
4280588.0	59.885908856882025
4292663.0	59.998506936524066
4304738.0	60.0
4316813.0	60.0
4328888.0	59.943844492440604
4340963.0	60.0
4353038.0	59.950113895216404
4365113.0	59.879650943974234
4377188.0	60.0
4389263.0	59.84706017543188
4401338.0	60.0
4413413.0	59.91914315177651
4425488.0	60.0
4437563.0	58.91625155549909
4449638.0	60.0
4461713.0	59.89622355176557
4473788.0	59.86661354305611
4485863.0	59.973166146277634
4497938.0	60.0
4510013.0	60.0
4522088.0	59.94192236956732
4534163.0	60.0
4546238.0	59.916138988367315
4558313.0	59.949913681024746
4570388.0	59.94524194402612
4582463.0	60.0
4594538.0	60.0
4606613.0	59.90991170986033
4618688.0	60.0
4630763.0	60.0
4642838.0	60.0
4651302.0	60.0
4657339.5	0.0
4666988.0	0.0
4679063.0	0.0
4691138.0	0.0
4703213.0	0.0
4715288.0	59.678528554278856
4722679.5	53.93636363636364
4728717.0	0.0
4739438.0	0.0
4751513.0	0.0
4763588.0	0.0
4775663.0	0.0
4787738.0	0.0
4799813.0	0.0
4811888.0	0.0
4819084.5	0.0
4825049.5	0.0
