#Position (bp)	Coverage	Std
6038.0	19.341614906832298	4.860326565892683
18113.0	8.323975155279504	9.938510746546147
30188.0	18.51238095238095	6.599353754671444
42263.0	16.419047619047618	8.348218589806356
54338.0	20.0	0.0
66413.0	20.0	0.0
78488.0	20.0	0.0
90563.0	19.636273291925466	5.387824630062345
102638.0	14.783188405797102	9.5475404136516
114713.0	19.98824016563147	6.172529807429244
126788.0	17.27022774327122	7.331641062035557
138863.0	19.77225672877847	5.6566126861174935
150938.0	20.0	0.0
163013.0	20.0	0.0
175088.0	19.813747412008283	5.586704121390231
187163.0	16.342525879917183	8.196924131489281
199238.0	20.0	0.0
211313.0	20.0	0.0
223388.0	18.5175983436853	6.611239567043116
235463.0	20.0	0.0
247538.0	16.427329192546583	8.359618999312383
259613.0	19.999171842650103	6.23549579965337
271688.0	20.0	0.0
283763.0	20.0	6.2423452088140845
295838.0	18.448364389233955	6.4983132068377145
307913.0	17.220538302277433	7.079197062937336
319988.0	20.18542443064182	3.7600162988061325
332063.0	20.0	0.0
344138.0	20.0	6.2423452088140845
356213.0	19.999917184265012	6.242093135165042
368288.0	18.450848861283642	6.5025811088062975
380363.0	19.101532091097308	3.633499530835214
392438.0	20.0	0.0
404513.0	16.42815734989648	8.360758185279144
416588.0	19.074120082815735	4.217139434539957
428663.0	19.99296066252588	6.1900139977164415
440738.0	20.0	0.0
452813.0	19.725714285714286	5.529016251010095
464888.0	20.0	6.2423452088140845
476963.0	19.876687370600415	5.81745784127308
489038.0	20.0	0.0
501113.0	20.0	6.2423452088140845
513188.0	18.509316770186334	6.596818356022867
525263.0	18.512629399585922	6.602590620245264
537338.0	20.0	6.2423452088140845
549413.0	20.000082815734988	0.05827044820980982
561488.0	20.0	0.0
573563.0	15.133830227743271	8.499635846541283
585638.0	18.500289855072463	6.569526234686955
597713.0	20.0	0.0
609788.0	16.433954451345755	8.368728145067536
621863.0	19.991055900621117	6.218778747449604
633938.0	18.255983436853	6.001097208166469
646013.0	20.0	0.0
658088.0	18.01407867494824	5.563263114425857
670163.0	20.0	0.0
682238.0	19.99983436853002	6.242093135165042
694313.0	16.195445134575568	8.072856650080789
706388.0	20.0	0.0
718463.0	19.62575569358178	5.15948542541526
730538.0	20.0	0.0
742613.0	20.0	0.0
754688.0	17.34824016563147	7.439166675653756
766763.0	19.740289855072465	5.555852304013898
778838.0	19.730020703933747	5.5200069013069335
790913.0	17.732339544513458	7.815146942900718
802988.0	0.0	0.0
815063.0	15.212505175983436	8.527359451392353
827138.0	17.735403726708075	7.921096396076873
839213.0	19.99271221532091	6.188140664701182
851288.0	19.09225672877847	4.13138269606756
863363.0	17.071635610766045	6.975989581544823
875438.0	20.0	0.0
887513.0	20.0	0.0
899588.0	20.0	0.0
911663.0	15.575983436853003	9.154324459767624
923738.0	20.0	0.0
935813.0	19.773084886128366	5.629153630912382
947888.0	20.000993788819876	0.20308184563091058
959963.0	19.87552795031056	5.89058272188012
972038.0	19.99983436853002	6.2418543191598825
984113.0	20.0	0.0
996188.0	19.92530020703934	5.977036802973474
1008263.0	18.51097308488613	6.697794822666818
1020338.0	16.60198757763975	8.497038821675469
1032413.0	20.0	0.0
1044488.0	20.0	0.0
1056563.0	20.0	0.0
1068638.0	13.014658385093167	8.73701817226238
1080713.0	10.885714285714286	9.595474261025135
1092788.0	19.697474120082816	5.561655174637625
1104863.0	17.229068322981366	7.254977587350677
1116938.0	19.993374741200828	6.1891978294652
1129013.0	19.233871635610765	4.08882737673898
1141088.0	17.8592132505176	8.177558545685622
1153163.0	18.554037267080744	6.761050306145935
1165238.0	20.0	0.0
1177313.0	18.159171842650103	5.8175574905005885
1189388.0	20.0	0.0
1201463.0	19.970848861283645	6.124052299184503
1213538.0	15.898136645962733	9.573189788827925
1225613.0	14.67991718426501	9.809067508332419
1237688.0	16.41913043478261	8.31106922336776
1249763.0	18.474534161490684	6.543499927741104
1261838.0	19.653002070393374	5.420969942166404
1273913.0	16.384265010351967	8.22355350795121
1285988.0	19.62592132505176	5.326087210039291
1298063.0	19.9416149068323	6.0633098805911745
1310138.0	9.692753623188405	10.559875618817019
1322213.0	10.46128364389234	10.385648642360636
1334288.0	19.709151138716358	5.504005693578836
1346363.0	19.96761904761905	6.130060338328881
1358438.0	19.673540372670807	5.46303217058937
1370513.0	20.0	0.0
1382588.0	18.518343685300206	6.610174728241926
1394663.0	19.87047619047619	5.837176492070968
1406738.0	20.0	0.0
1418813.0	18.653416149068324	6.68069745060357
1430888.0	19.972670807453415	6.126283192580438
1442963.0	20.0	0.0
1455038.0	19.99552795031056	6.214209323439948
1467113.0	20.0	0.0
1479188.0	20.0	0.0
1491263.0	20.0	0.0
1503338.0	16.382111801242235	8.301313223956559
1515413.0	20.0	0.0
1527488.0	20.0	0.0
1539563.0	18.76935817805383	6.981311936599571
1551638.0	19.65863354037267	5.430890863326033
1563713.0	20.0	0.0
1575788.0	19.883726708074533	5.8833167642978665
1587863.0	18.52008281573499	6.6313391094931315
1599938.0	19.983436853002072	6.197581843262237
1612013.0	19.89424430641822	5.925262615280557
1624088.0	13.413002070393375	9.549197011323864
1636163.0	19.686708074534163	5.457655553512585
1648238.0	20.0	0.0
1660313.0	7.422939958592132	9.62725169273555
1672388.0	16.650103519668736	8.5438341187827
1684463.0	20.0	0.0
1696538.0	17.47826086956522	7.610470068161698
1708613.0	19.909730848861283	5.944902299789063
1720688.0	19.39544513457557	5.059603336361958
1732763.0	15.73879917184265	9.284939607755602
1744838.0	20.0	0.0
1756913.0	19.99983436853002	6.242093135165042
1768988.0	19.747163561076604	5.566113087858735
1781063.0	17.47287784679089	7.560390406955853
1793138.0	20.0	0.0
1805213.0	17.411594202898552	7.417744937552931
1817288.0	15.93424430641822	9.384834248490252
1829363.0	17.277018633540372	7.1567194677710155
1841438.0	13.871138716356107	10.205454636998104
1853513.0	20.0	0.0
1865588.0	20.0	0.0
1877663.0	19.966128364389235	6.138444175392486
1889738.0	20.0	0.0
1901813.0	18.090269151138717	5.3472386016079225
1913888.0	19.980041407867496	6.182403400073651
1925963.0	16.27130434782609	7.9962517098867965
1938038.0	19.987080745341615	6.168389329080475
1950113.0	19.968530020703934	6.111015746793405
1962188.0	20.0	6.239691291402829
1974263.0	13.905921325051759	10.185403431586899
1986338.0	19.939792960662526	6.024408598759159
1998413.0	16.392132505175983	8.321112363926167
2010488.0	20.0	0.0
2022563.0	19.674699792960663	5.463320189667087
2034638.0	18.509316770186334	6.596818356022867
2046713.0	19.443146997929606	5.007431330534719
2058788.0	20.0	0.0
2070863.0	20.0	0.0
2082938.0	19.83718426501035	5.766922169090531
2095013.0	19.99983436853002	6.239439110535393
2107088.0	19.998674948240165	6.227734667519715
2119163.0	19.92662525879917	6.018473974813484
2131238.0	16.82592132505176	8.887243981688705
2143313.0	19.594202898550726	5.434153172660277
2155388.0	20.0	0.0
2167463.0	20.0	0.0
2179538.0	19.999917184265012	6.242093135165042
2191613.0	20.0	0.0
2203688.0	20.0	0.0
2215763.0	20.0	0.0
2227838.0	19.997846790890268	6.222266834110009
2239913.0	16.31975155279503	8.067771941458115
2251988.0	18.527536231884056	6.723710402262945
2264063.0	18.944099378881987	7.313166322210559
2276138.0	20.0	0.0
2288213.0	18.90583850931677	7.2604775436255355
2300288.0	14.419710144927537	9.247236731238209
2312363.0	19.98351966873706	6.193444741335405
2324438.0	20.000496894409938	0.14503515672885844
2336513.0	19.567950310559006	5.2551305897692
2348588.0	19.16745341614907	4.4303115528692265
2360663.0	16.41407867494824	8.341370865085826
2372738.0	17.464182194616978	7.588838922422598
2384813.0	18.888447204968944	7.240706187034283
2396888.0	19.62815734989648	5.500574033661663
2408963.0	17.485714285714284	7.618898808070562
2421038.0	19.99983436853002	6.244480792881887
2433113.0	19.972173913043477	6.127006368475349
2445188.0	14.844223602484472	9.543371627940802
2457263.0	18.30144927536232	6.379444214711252
2469338.0	17.47031055900621	7.598196364382698
2481413.0	19.66144927536232	5.434747494710583
2493488.0	20.0	6.2423452088140845
2505563.0	20.0	0.0
2517638.0	19.960993788819877	6.125154326868043
2529713.0	20.0	0.0
2541788.0	20.0	0.0
2553863.0	10.327619047619047	10.211660610417889
2565938.0	14.455238095238096	9.435166148428294
2578013.0	19.96207039337474	6.128472734199787
2590088.0	20.00033126293996	0.11724935824253224
2602163.0	16.38774327122153	8.060639741576239
2614238.0	19.92679089026915	6.018928046090646
2626313.0	20.0	0.0
2638388.0	18.76447204968944	6.971227468843649
2650463.0	18.498219461697722	6.559275827321336
2662538.0	14.639834368530021	9.628520436552101
2674613.0	12.23312629399586	9.82738388993138
2686688.0	18.55072463768116	6.5554491107382
2698763.0	16.66790890269151	8.71839159288419
2710838.0	20.0	0.0
2722913.0	20.0	0.0
2734988.0	20.0	0.0
2747063.0	17.480745341614906	7.613570754076512
2759138.0	20.000082815734988	0.05827044820980982
2771213.0	19.01631469979296	3.78937164634456
2783288.0	19.523809523809526	4.908546651275029
2795363.0	19.521159420289855	4.932177694649112
2807438.0	19.725962732919253	5.459036234039379
2819513.0	20.0	0.0
2831588.0	16.418136645962733	8.346884220502652
2843663.0	20.0	0.0
2855738.0	19.234368530020703	4.271160935271536
2867813.0	19.998426501035198	6.2380386576227504
2879888.0	19.561076604554867	5.371460508252709
2891963.0	17.21879917184265	6.814088438099113
2904038.0	19.949648033126294	6.056319526839724
2916113.0	19.99511387163561	6.2054807806024606
2928188.0	20.0	0.0
2940263.0	19.82368530020704	5.815193920348911
2952338.0	18.51254658385093	6.464497725953755
2964413.0	17.195859213250518	7.319024247946512
2976488.0	18.49432712215321	6.37725643093653
2988563.0	17.62086956521739	7.6385857145433995
3000638.0	20.0	0.0
3012713.0	20.0	0.0
3024788.0	19.925051759834368	6.0136490715105335
3036863.0	20.0	6.239691291402829
3048938.0	16.38343685300207	8.302709777418041
3061013.0	18.883146997929607	6.941303748040944
3073088.0	20.0	0.0
3085163.0	19.737888198757766	5.544878076012745
3097238.0	18.4487784679089	6.500332847028158
3109313.0	19.99271221532091	6.185001560745012
3121388.0	17.439089026915113	7.550355454865953
3133463.0	17.4824016563147	7.616072141558563
3145538.0	16.428074534161492	8.359183095792645
3157613.0	18.76024844720497	6.966289726000766
3169688.0	20.0	0.0
3181763.0	20.0	0.0
3193838.0	17.387991718426502	7.398914362757014
3205913.0	18.428902691511386	6.371604970215931
3217988.0	19.942608695652172	6.066116053551506
3230063.0	19.226501035196687	4.252730215486786
3242138.0	18.36215320910973	6.200814746440079
3254213.0	18.502691511387162	6.483385359076361
3266288.0	19.67287784679089	5.578315009363069
3278363.0	14.879503105590063	9.77400109005972
3290438.0	17.51950310559006	7.708364417149572
3302513.0	19.907329192546584	5.955445339565008
3314588.0	19.23312629399586	4.580316153526149
3326663.0	19.52438923395445	4.961833628877791
3338738.0	18.303933747412007	6.086090444152958
3350813.0	18.52173913043478	6.618438388930921
3362888.0	20.0	0.0
3374963.0	19.99983436853002	6.2418543191598825
3387038.0	19.998592132505177	6.225294026332064
3399113.0	20.0	0.0
3411188.0	20.0	0.0
3423263.0	17.019461697722566	6.7863887645616146
3435338.0	20.0	0.0
3447413.0	19.50393374741201	5.133650604591306
3459488.0	20.0	0.0
3471563.0	19.99966873706004	6.239186919475093
3483638.0	16.404306418219463	8.326843021205153
3495713.0	20.0	0.0
3507788.0	20.0	0.0
3519863.0	20.0	0.0
3531938.0	20.0	0.0
3544013.0	17.01614906832298	6.788462993466534
3556088.0	18.446293995859214	6.49490324146111
3568163.0	19.996935817805383	6.2356618141837625
3580238.0	16.06832298136646	7.746004112453395
3592313.0	20.0	0.0
3604388.0	19.92405797101449	6.010825293080288
3616463.0	19.999751552795033	6.244235436823008
3628538.0	16.44198757763975	8.379759702450153
3640613.0	20.0	0.0
3652688.0	10.299710144927536	10.163752424869333
3664763.0	14.639751552795031	9.562075712180166
3676838.0	16.421863354037267	7.933971823915907
3688913.0	20.0	0.0
3700988.0	19.999171842650103	6.229981605707468
3713063.0	18.497722567287784	6.576575534097787
3725138.0	20.0	0.0
3737213.0	20.0	0.0
3749288.0	19.81399585921325	5.7150920756110475
3761363.0	19.85159420289855	5.7509455519245565
3773438.0	19.85142857142857	5.709220322195546
3785513.0	19.928447204968943	6.024525444572221
3797588.0	19.999089026915115	6.231716113101248
3809663.0	20.0	0.0
3821738.0	18.47585921325052	6.494010618488661
3833813.0	15.209772256728778	8.6028980624243
3845888.0	19.829730848861285	5.853285605619497
3857963.0	19.47097308488613	5.19774596791705
3870038.0	20.0	6.2423452088140845
3882113.0	20.0	6.2423452088140845
3894188.0	20.0	0.0
3906263.0	17.153954451345754	7.04330879329907
3918338.0	20.0	0.0
3930413.0	20.0	0.0
3942488.0	18.51072463768116	6.596466837724634
3954563.0	15.755113871635611	9.200180032444996
3966638.0	19.99718426501035	6.214855641269712
3978713.0	18.516770186335403	6.6097988618254355
3990788.0	20.0	0.0
4002863.0	15.956935817805382	9.562370176658357
4014938.0	17.560993788819875	7.353645875377429
4027013.0	17.66873706004141	7.423163344374626
4039088.0	19.65490683229814	5.375290449083499
4051163.0	20.0	0.0
4063238.0	18.506832298136647	6.5924858411086
4075313.0	19.586666666666666	5.124180487929542
4087388.0	20.0	6.2423452088140845
4099463.0	16.694824016563146	8.515823780374102
4111538.0	19.999917184265012	6.244739400994683
4123613.0	20.001159420289856	0.21840756249283996
4135688.0	14.79296066252588	9.855036231817454
4147763.0	19.889689440993788	5.910337646641561
4159838.0	19.99966873706004	6.243976807837421
4171913.0	14.700455486542443	9.68969912593465
4183988.0	15.055900621118013	8.647765661237417
4196063.0	18.51097308488613	6.599705119204607
4208138.0	16.433871635610767	8.366560671752765
4220213.0	10.15304347826087	9.963103776083138
4232288.0	15.914037267080746	9.509846700394824
4244363.0	19.132919254658386	4.505207476902464
4256438.0	20.0	0.0
4268513.0	19.8824016563147	5.85320071346716
4280588.0	18.19503105590062	5.870570882330957
4292663.0	19.92703933747412	6.015170607115997
4304738.0	20.0	6.2423452088140845
4316813.0	20.0	6.2423452088140845
4328888.0	18.499378881987578	6.579471178885796
4340963.0	20.0	6.2423452088140845
4353038.0	17.471635610766047	7.599798406392459
4365113.0	18.231387163561077	6.110222910546159
4377188.0	20.0	0.0
4389263.0	10.29631469979296	10.15823463249699
4401338.0	20.0	6.2423452088140845
4413413.0	16.953871635610767	8.962697020885997
4425488.0	19.572587991718425	5.130447415501868
4437563.0	20.07776397515528	5.785904196458874
4449638.0	20.0	0.0
4461713.0	20.0	0.0
4473788.0	18.40910973084886	6.283330999335065
4485863.0	19.999006211180124	6.226191921111116
4497938.0	20.0	0.0
4510013.0	20.0	0.0
4522088.0	16.090269151138717	7.776260524395464
4534163.0	20.0	0.0
4546238.0	20.0	0.0
4558313.0	19.203312629399587	4.663367659707586
4570388.0	17.63552795031056	7.895838461515787
4582463.0	20.0	0.0
4594538.0	20.0	0.0
4606613.0	17.031387163561078	6.995609389083821
4618688.0	20.0	0.0
4630763.0	20.0	0.0
4642838.0	20.0	0.0
4651302.0	19.90521327014218	5.980030646757858
4657339.5	13.33425643865965	9.771779599637604
4666988.0	18.05217391304348	5.462797196410436
4679063.0	20.0	0.0
4691138.0	20.0	0.0
4703213.0	18.68488612836439	6.52054564648928
4715288.0	17.130683229813666	6.6579363125542885
4722679.5	16.364844903988182	7.824893050741277
4728717.0	15.61225579160884	9.249025062664732
4739438.0	20.0	0.0
4751513.0	19.694906832298138	5.453245657290508
4763588.0	18.506832298136647	6.589998067842016
4775663.0	19.146252587991718	4.5301474617107935
4787738.0	17.2703933747412	7.422839801897767
4799813.0	17.459792960662526	7.581152394960198
4811888.0	19.389482401656316	4.534012249734816
4819084.5	19.715271786022434	5.439366937737124
4825049.5	0.0	0.0
