#Position (bp)	mapping quality
6038.0	59.8092992259189
18113.0	59.75803781913026
30188.0	59.824334427139526
42263.0	59.78291062801932
54338.0	59.846193984420616
66413.0	59.83326361825403
78488.0	59.84520264869946
90563.0	59.798965421555515
102638.0	59.87038140643623
114713.0	59.78829090305995
126788.0	59.86780149428873
138863.0	59.89961735327734
150938.0	59.84644436714208
163013.0	59.77207788168453
175088.0	59.676374056611635
187163.0	59.79372202038524
199238.0	59.81289058779192
211313.0	59.80989459297148
223388.0	59.897386636023306
235463.0	59.84344779315229
247538.0	59.909285167116884
259613.0	59.834504009011994
271688.0	59.77090042454321
283763.0	59.832028127834214
295838.0	59.809242403150556
307913.0	59.33417965201078
319988.0	59.84180639877657
332063.0	59.90046643169203
344138.0	59.808165395224016
356213.0	59.81363604361745
368288.0	59.857239057239056
380363.0	59.83136039450095
392438.0	59.84360505870057
404513.0	59.6812012049251
416588.0	59.829535571403724
428663.0	59.854897218863364
440738.0	59.84842586533922
452813.0	59.83487934993511
464888.0	59.85855859655042
476963.0	59.75350676378772
489038.0	59.85289732630951
501113.0	59.777324916745364
513188.0	59.854779937124896
525263.0	59.82875653588182
537338.0	59.8459435954777
549413.0	59.894931832279134
561488.0	59.87899418575759
573563.0	59.77705496444126
585638.0	59.83192651670963
597713.0	59.89091948168118
609788.0	59.84147743452902
621863.0	59.83321595757902
633938.0	59.82659687035319
646013.0	59.82233744290157
658088.0	59.863216588255796
670163.0	59.841970564118704
682238.0	59.841473616207125
694313.0	59.594604257753446
706388.0	59.85190706920114
718463.0	59.71069606863343
730538.0	59.898377097991144
742613.0	59.783815124658325
754688.0	59.8444903297514
766763.0	59.87505998706366
778838.0	59.84911332034661
790913.0	59.292273204772265
802988.0	0.0
815063.0	59.80072159985287
827138.0	59.52455708615016
839213.0	59.72274418546771
851288.0	59.70736152394177
863363.0	59.7890755691323
875438.0	59.83922802948729
887513.0	59.84289869746173
899588.0	59.85240219160382
911663.0	59.778401585204755
923738.0	59.80393293794109
935813.0	59.79966225604412
947888.0	59.789807966568276
959963.0	59.74531706478776
972038.0	59.87089819653286
984113.0	59.80965791435435
996188.0	59.75258554753749
1008263.0	59.849085475194265
1020338.0	59.89144313429518
1032413.0	59.801146720578004
1044488.0	59.84172536742325
1056563.0	59.83404844701029
1068638.0	59.18720366082258
1080713.0	55.560527728619434
1092788.0	59.77075705731394
1104863.0	59.86461406216422
1116938.0	59.75115699979698
1129013.0	58.44138959269794
1141088.0	59.85868035315694
1153163.0	59.92235990201284
1165238.0	59.827796138458865
1177313.0	59.82398781162911
1189388.0	59.86035648025444
1201463.0	59.80385251233691
1213538.0	59.86232360211521
1225613.0	59.812609597597735
1237688.0	59.73336572625953
1249763.0	59.84658572782377
1261838.0	59.88918245140344
1273913.0	59.78456124872404
1285988.0	59.71383147853736
1298063.0	59.84862756488724
1310138.0	59.79176817540711
1322213.0	59.811745738198546
1334288.0	59.77213591006694
1346363.0	59.82748977740216
1358438.0	59.845278456504644
1370513.0	59.82755336154987
1382588.0	59.82205431695509
1394663.0	59.82364451070246
1406738.0	59.85487737651116
1418813.0	59.48652039649433
1430888.0	59.769574944071586
1442963.0	59.83081261215073
1455038.0	59.74385961957849
1467113.0	59.819610896230714
1479188.0	59.81909297991302
1491263.0	59.79035922162326
1503338.0	59.81705467122429
1515413.0	59.807912927153524
1527488.0	59.80250297422617
1539563.0	59.773791442360405
1551638.0	59.79797553062052
1563713.0	59.852150648963395
1575788.0	59.856906392932046
1587863.0	59.85774803508882
1599938.0	59.84883953113914
1612013.0	59.84686560836004
1624088.0	59.893633335582535
1636163.0	59.779389492814595
1648238.0	59.854481118099706
1660313.0	59.5545574925259
1672388.0	59.09744089440484
1684463.0	59.80727063403831
1696538.0	59.834790782465035
1708613.0	59.81333267051104
1720688.0	59.86405935989282
1732763.0	59.8543474130834
1744838.0	59.87575993506386
1756913.0	59.86085112727152
1768988.0	59.781836252950676
1781063.0	59.82320238826768
1793138.0	59.8362529506771
1805213.0	59.723017371150036
1817288.0	59.80473603493541
1829363.0	59.824499440368115
1841438.0	59.82583247082337
1853513.0	59.84122579977223
1865588.0	59.84594869926039
1877663.0	59.81576824473005
1889738.0	59.840481041594195
1901813.0	59.65092462121763
1913888.0	59.8229017253816
1925963.0	59.71178393872889
1938038.0	59.79982925393918
1950113.0	59.752084666993674
1962188.0	59.80245747866168
1974263.0	59.82444068141429
1986338.0	59.70919778845465
1998413.0	59.85508564499015
2010488.0	59.78307415153335
2022563.0	59.78829054554942
2034638.0	59.82805960231284
2046713.0	59.80206619325497
2058788.0	59.82233597137497
2070863.0	59.871289424860855
2082938.0	59.82938673592524
2095013.0	59.85922956606467
2107088.0	59.774866746460035
2119163.0	59.7980424059296
2131238.0	59.762533379599596
2143313.0	59.522957662492544
2155388.0	59.70877411325451
2167463.0	59.29026387625114
2179538.0	59.639855942376954
2191613.0	59.61460079969044
2203688.0	59.71516079632465
2215763.0	59.46360651474269
2227838.0	59.69082056931661
2239913.0	59.665288599141356
2251988.0	59.82498367051118
2264063.0	59.79723349188584
2276138.0	59.751970607605735
2288213.0	59.87677475976424
2300288.0	59.79577218628052
2312363.0	59.80186059850266
2324438.0	59.761913798120105
2336513.0	59.836533735572765
2348588.0	59.83708088747388
2360663.0	59.824582664283334
2372738.0	59.87920113201455
2384813.0	59.85188365353655
2396888.0	59.88739776401716
2408963.0	59.7888774703183
2421038.0	59.89042253171162
2433113.0	59.800469142465694
2445188.0	59.77230899526051
2457263.0	59.79471702217328
2469338.0	59.814359733530715
2481413.0	59.820064955804334
2493488.0	59.83301582042574
2505563.0	59.82364865705178
2517638.0	59.840699434330794
2529713.0	59.776091584589004
2541788.0	59.8126459820763
2553863.0	59.713601517172656
2565938.0	59.85299252941008
2578013.0	59.79399973494136
2590088.0	59.8015214975639
2602163.0	59.784930129041925
2614238.0	59.84375529284238
2626313.0	59.847679787960985
2638388.0	59.89194875589512
2650463.0	59.81520641120614
2662538.0	59.7983113384793
2674613.0	59.82365907421014
2686688.0	59.799588481096414
2698763.0	59.83947406372303
2710838.0	59.82331599350585
2722913.0	59.84718535298527
2734988.0	59.81438073071539
2747063.0	59.79259259259259
2759138.0	59.80366817436254
2771213.0	59.769974012127676
2783288.0	59.34940127296918
2795363.0	59.51071826594655
2807438.0	59.651609375474656
2819513.0	59.80293893509161
2831588.0	59.8132951653944
2843663.0	59.83922269182171
2855738.0	59.87469212772238
2867813.0	59.84172143469456
2879888.0	59.8261071180153
2891963.0	59.686653771760156
2904038.0	59.741457533156826
2916113.0	59.78226918918471
2928188.0	59.85464694944944
2940263.0	59.83395923083686
2952338.0	59.79857412623938
2964413.0	59.88248711544847
2976488.0	59.74078829653596
2988563.0	59.75800416974534
3000638.0	59.86931959405661
3012713.0	59.82060328976793
3024788.0	59.83979137165661
3036863.0	59.831199703399996
3048938.0	59.881900493595374
3061013.0	59.73280110431659
3073088.0	59.82680863223546
3085163.0	59.71093957272624
3097238.0	59.84104284692811
3109313.0	59.78749404527661
3121388.0	59.84370403408713
3133463.0	59.8034083473214
3145538.0	59.763463142200095
3157613.0	59.82254944446182
3169688.0	59.8700486592815
3181763.0	59.85190584259612
3193838.0	59.84588551495396
3205913.0	59.74615012775361
3217988.0	59.74482034040765
3230063.0	59.80433129038181
3242138.0	59.78081845815256
3254213.0	59.857793099733364
3266288.0	59.78567449756408
3278363.0	59.85981698328373
3290438.0	59.81650855773457
3302513.0	59.85570327716149
3314588.0	59.77350318151163
3326663.0	59.826834322912035
3338738.0	59.8059106183851
3350813.0	59.831085294798925
3362888.0	59.78560437681655
3374963.0	59.76150447337518
3387038.0	59.76513861792154
3399113.0	59.79872109204162
3411188.0	59.801462158973045
3423263.0	59.81911489228848
3435338.0	59.80481671504759
3447413.0	59.87594252883677
3459488.0	59.781170905771546
3471563.0	59.80172978531092
3483638.0	59.80470061844804
3495713.0	59.86557670327486
3507788.0	59.86606976464888
3519863.0	59.77909750521817
3531938.0	59.90483565722615
3544013.0	59.82487697267945
3556088.0	59.817316328363574
3568163.0	59.85213656451526
3580238.0	59.629292102377164
3592313.0	59.826648538409245
3604388.0	59.85136662898184
3616463.0	59.85091439173072
3628538.0	59.815555450995156
3640613.0	59.84394543059962
3652688.0	59.856182009122904
3664763.0	59.83395084041207
3676838.0	59.79184656637731
3688913.0	59.851405805444315
3700988.0	59.81635417054957
3713063.0	59.80939281673581
3725138.0	59.832276606935054
3737213.0	59.834258948650096
3749288.0	59.83845074517438
3761363.0	59.79438381687517
3773438.0	59.71760102994533
3785513.0	59.821191805247864
3797588.0	59.80343512240782
3809663.0	59.82655943279799
3821738.0	59.898325492207185
3833813.0	59.87998084800766
3845888.0	59.82296520526513
3857963.0	59.822602186061225
3870038.0	59.849676991883385
3882113.0	59.79798481780119
3894188.0	59.89116484419118
3906263.0	59.86039633244602
3918338.0	59.827557646435196
3930413.0	59.88400242944764
3942488.0	59.83665866676219
3954563.0	59.8362804975538
3966638.0	59.76341262379211
3978713.0	59.853242901812514
3990788.0	59.87974358549635
4002863.0	59.87432079306483
4014938.0	58.86186070798727
4027013.0	59.84837300855016
4039088.0	59.80740002491591
4051163.0	59.8143018364625
4063238.0	59.88717299691678
4075313.0	59.84066111659518
4087388.0	59.81859523129108
4099463.0	58.88008642419877
4111538.0	59.836746526411694
4123613.0	59.84265560165975
4135688.0	59.85374834391507
4147763.0	59.86882455283942
4159838.0	59.80245747866168
4171913.0	59.82613793958801
4183988.0	59.873657820514936
4196063.0	59.84123501784203
4208138.0	59.85405973656545
4220213.0	59.850312669259935
4232288.0	59.87932562446601
4244363.0	59.8339735067792
4256438.0	59.82872250262482
4268513.0	59.697585440040726
4280588.0	59.87895369564316
4292663.0	59.936655194772804
4304738.0	59.86706202943686
4316813.0	59.87959076263463
4328888.0	59.839539852978724
4340963.0	59.856134175380475
4353038.0	59.79647373378879
4365113.0	59.71441207508834
4377188.0	59.88520788471095
4389263.0	59.87962902058804
4401338.0	59.807670007454654
4413413.0	59.882965277708664
4425488.0	59.76409178727587
4437563.0	59.90841721048557
4449638.0	59.772113520767405
4461713.0	59.81312746429873
4473788.0	59.73176623282979
4485863.0	59.7932853495093
4497938.0	59.8576102712777
4510013.0	59.79301433742224
4522088.0	59.85821762181267
4534163.0	59.808910866486094
4546238.0	59.80914433873566
4558313.0	59.71277213608124
4570388.0	59.85907685948084
4582463.0	59.82754907645159
4594538.0	59.78703138147694
4606613.0	59.84271988174427
4618688.0	59.84369758340063
4630763.0	59.863825559685516
4642838.0	59.89415360151067
4651302.0	59.89278590425532
4657339.5	59.69227757658804
4666988.0	59.79225267725375
4679063.0	59.82834870933452
4691138.0	59.79427276667511
4703213.0	59.592514808831446
4715288.0	59.68573627501283
4722679.5	59.77033341252871
4728717.0	59.927338410065886
4739438.0	59.93167447234058
4751513.0	59.881808730496125
4763588.0	59.87598203260617
4775663.0	59.87663993143777
4787738.0	59.81780764747363
4799813.0	59.86693324341908
4811888.0	59.85961163359879
4819084.5	59.90007888509072
4825049.5	59.66854724964739
