#Position (bp)	Coverage	Std
6038.0	19.686045548654246	5.529488050013137
18113.0	9.349316770186336	10.055201676015336
30188.0	19.167701863354036	4.427235489408139
42263.0	17.10310559006211	7.092789328288734
54338.0	20.0	0.0
66413.0	20.0	0.0
78488.0	20.0	0.0
90563.0	20.0	0.0
102638.0	15.072546583850931	8.1469830816894
114713.0	19.987246376811594	6.169886127313577
126788.0	17.839337474120082	8.042820184595646
138863.0	20.0	0.0
150938.0	20.0	0.0
163013.0	20.0	0.0
175088.0	19.945341614906834	6.075419708767547
187163.0	16.382608695652173	8.301961652994107
199238.0	20.0	0.0
211313.0	20.0	0.0
223388.0	19.151138716356108	4.389664125957291
235463.0	20.0	0.0
247538.0	17.114616977225673	7.108889835958423
259613.0	20.0	0.0
271688.0	20.0	0.0
283763.0	20.0	0.0
295838.0	18.448364389233955	6.49762498416018
307913.0	18.71486542443064	6.3834283382753245
319988.0	20.24438923395445	3.916107840843765
332063.0	20.0	0.0
344138.0	20.0	0.0
356213.0	20.0	0.0
368288.0	18.450517598343684	6.501664064742661
380363.0	19.3248033126294	4.496587157639956
392438.0	20.0	0.0
404513.0	17.107246376811595	7.098683282681801
416588.0	20.0	0.0
428663.0	19.968447204968943	6.096239889206256
440738.0	20.0	0.0
452813.0	19.860207039337475	5.831030009619647
464888.0	20.0	0.0
476963.0	19.875776397515526	5.812921994298673
489038.0	20.0	0.0
501113.0	19.99718426501035	6.212636558021917
513188.0	19.164389233954452	4.419746767710027
525263.0	19.17184265010352	4.436485281877391
537338.0	20.0	0.0
549413.0	20.000082815734988	0.05827044820980982
561488.0	20.0	0.0
573563.0	15.56024844720497	8.98489645957225
585638.0	19.172670807453414	4.440552816572523
597713.0	20.0	0.0
609788.0	16.91511387163561	8.919005227283277
621863.0	20.000082815734988	0.05827044820980982
633938.0	19.151138716356108	4.389664125957291
646013.0	20.0	0.0
658088.0	18.86128364389234	6.9077925811134
670163.0	20.0	0.0
682238.0	20.0	0.0
694313.0	16.196024844720498	8.072892554896205
706388.0	20.0	0.0
718463.0	19.89672877846791	5.889303213415363
730538.0	20.0	0.0
742613.0	19.999751552795033	6.244222174058689
754688.0	18.679089026915115	7.036691769283392
766763.0	19.908985507246378	5.965664350155511
778838.0	19.730766045548656	5.520044408258972
790913.0	17.710227743271222	7.798842617322924
802988.0	0.0	0.0
815063.0	15.741614906832298	9.259350374522937
827138.0	20.74625258799172	7.693136410209228
839213.0	19.94086956521739	5.993357261413669
851288.0	19.41399585921325	4.786757094135953
863363.0	16.892505175983437	8.80231006758339
875438.0	20.0	6.2423452088140845
887513.0	20.0	0.0
899588.0	20.0	0.0
911663.0	17.28712215320911	8.03890642831144
923738.0	19.999917184265012	6.242093135165042
935813.0	19.947908902691513	6.083204995951912
947888.0	19.980041407867496	6.182403400073651
959963.0	19.875610766045547	5.890477278395
972038.0	20.0	0.0
984113.0	20.0	0.0
996188.0	20.0	0.0
1008263.0	18.499544513457558	6.653568914204335
1020338.0	17.056977225672878	7.104146865846131
1032413.0	19.996687370600416	6.234645735999452
1044488.0	19.624347826086957	5.361630418570608
1056563.0	20.0	0.0
1068638.0	14.781449275362318	8.931058701173647
1080713.0	15.397349896480332	12.385940068770054
1092788.0	20.024430641821947	0.89881449411099
1104863.0	17.967701863354037	8.221896735019545
1116938.0	20.0	6.2423452088140845
1129013.0	19.192463768115942	3.9038972935612657
1141088.0	18.198757763975156	6.212789853517913
1153163.0	18.549896480331263	6.754371332041001
1165238.0	20.0	0.0
1177313.0	18.775983436853004	6.783380006045528
1189388.0	20.0	0.0
1201463.0	19.971014492753625	6.12635078272894
1213538.0	16.280745341614907	8.260660343869018
1225613.0	14.81648033126294	9.945782630467306
1237688.0	17.10128364389234	7.090115009565168
1249763.0	19.17184265010352	4.436671947644372
1261838.0	20.0	0.0
1273913.0	16.674120082815737	8.723828057879
1285988.0	19.671469979296067	5.484591629430115
1298063.0	19.961490683229815	6.123761547165469
1310138.0	19.02376811594203	3.7916875411797717
1322213.0	19.17184265010352	4.436485281877391
1334288.0	19.944430641821945	6.072249609569009
1346363.0	19.753291925465838	5.55138615111197
1358438.0	20.0	0.0
1370513.0	20.0	0.0
1382588.0	19.17184265010352	4.436671947644372
1394663.0	19.850848861283644	5.775266747444728
1406738.0	20.0	0.0
1418813.0	19.019461697722566	3.7912834538904194
1430888.0	20.0	0.0
1442963.0	20.0	0.0
1455038.0	19.99552795031056	6.212916486074794
1467113.0	20.0	0.0
1479188.0	19.961904761904762	6.125147566566485
1491263.0	20.0	0.0
1503338.0	16.381946169772256	8.300425292803247
1515413.0	19.999917184265012	6.244739400994683
1527488.0	20.0	0.0
1539563.0	19.17159420289855	4.431666586856467
1551638.0	19.61648033126294	5.316531505255733
1563713.0	20.0	0.0
1575788.0	19.995942028985507	6.212209976733809
1587863.0	19.151138716356108	4.389664125957291
1599938.0	20.0	0.0
1612013.0	20.0	0.0
1624088.0	14.723809523809523	9.498872113497026
1636163.0	19.681821946169773	5.438601391274019
1648238.0	20.0	0.0
1660313.0	8.062525879917184	9.485719898224785
1672388.0	17.577308488612836	7.795953720356342
1684463.0	19.999751552795033	6.241575688938278
1696538.0	18.15734989648033	6.032692163636466
1708613.0	19.993623188405795	6.192522038115534
1720688.0	19.561904761904763	5.3723084165531
1732763.0	16.074285714285715	7.87872360946148
1744838.0	20.0	0.0
1756913.0	20.0	0.0
1768988.0	19.64223602484472	5.396640316722481
1781063.0	18.178053830227743	6.066982905324438
1793138.0	20.0	0.0
1805213.0	18.179710144927537	6.069712338117418
1817288.0	16.60198757763975	8.346333544970049
1829363.0	18.322981366459626	6.0789151260509335
1841438.0	14.558757763975155	9.469650770450075
1853513.0	20.0	0.0
1865588.0	20.0	0.0
1877663.0	19.89407867494824	5.914028659860219
1889738.0	20.0	0.0
1901813.0	19.316770186335404	5.032556533095202
1913888.0	20.000579710144926	0.15416911474742565
1925963.0	17.00016563146998	8.911253266662817
1938038.0	19.985507246376812	6.169530418926719
1950113.0	20.0	0.0
1962188.0	20.0	0.0
1974263.0	15.266252587991719	8.647837485042249
1986338.0	19.989151138716355	6.212856502553802
1998413.0	16.393209109730847	8.32265983124786
2010488.0	20.000082815734988	0.059674756845497744
2022563.0	20.0	0.0
2034638.0	19.151138716356108	4.389664125957291
2046713.0	19.4824016563147	5.088655022487593
2058788.0	20.0	0.0
2070863.0	19.999751552795033	6.241575688938278
2082938.0	19.837101449275362	5.766555965380318
2095013.0	19.999917184265012	6.242093135165042
2107088.0	20.0	0.0
2119163.0	19.874368530020703	5.869357560930655
2131238.0	17.201656314699793	7.281417967610953
2143313.0	19.919503105590064	6.037364678129755
2155388.0	20.0	0.0
2167463.0	20.0	6.2423452088140845
2179538.0	20.000082815734988	0.05827044820980982
2191613.0	20.0	0.0
2203688.0	19.999917184265012	6.242093135165042
2215763.0	19.929026915113873	6.026003004921331
2227838.0	20.001159420289856	0.21802805297499364
2239913.0	17.019710144927537	8.877388868709875
2251988.0	18.8712215320911	7.214432280248668
2264063.0	19.306832298136644	4.874448527495696
2276138.0	20.0	0.0
2288213.0	18.912132505175983	7.271567477633727
2300288.0	15.092091097308488	8.365818257281928
2312363.0	20.0	0.0
2324438.0	19.99544513457557	6.213096433163151
2336513.0	19.66873706004141	5.420099087662772
2348588.0	20.0	0.0
2360663.0	17.12215320910973	7.1196517466649185
2372738.0	18.15734989648033	6.032692163636466
2384813.0	18.87221532091097	7.216681847941609
2396888.0	19.57846790890269	5.403051051260378
2408963.0	18.178053830227743	6.066982905324438
2421038.0	19.99983436853002	6.244480792881887
2433113.0	20.0	0.0
2445188.0	16.595527950310558	8.40635173439713
2457263.0	18.642650103519667	6.890326883019807
2469338.0	18.15809523809524	6.002380480157136
2481413.0	20.0	0.0
2493488.0	20.0	0.0
2505563.0	20.0	0.0
2517638.0	19.828985507246376	5.721847998108437
2529713.0	20.0	0.0
2541788.0	20.0	0.0
2553863.0	10.298219461697723	10.16413130657959
2565938.0	14.460538302277433	9.439023004501212
2578013.0	19.631718426501035	5.072346168409047
2590088.0	20.0	0.0
2602163.0	16.94120082815735	8.642449043288511
2614238.0	19.92703933747412	6.019622846429046
2626313.0	20.0	0.0
2638388.0	19.17192546583851	4.436867938247574
2650463.0	19.169606625258798	4.40320794031255
2662538.0	14.63089026915114	9.617952503104123
2674613.0	18.52919254658385	6.724818838139589
2686688.0	18.860372670807454	7.006704863448886
2698763.0	16.64761904761905	8.693397223151782
2710838.0	19.999917184265012	6.242093135165042
2722913.0	20.0	0.0
2734988.0	20.0	0.0
2747063.0	18.189648033126293	6.086063229335525
2759138.0	20.000082815734988	0.05827044820980982
2771213.0	19.16935817805383	4.432656901336819
2783288.0	19.523809523809526	4.942275483673661
2795363.0	19.499378881987578	4.881231219627041
2807438.0	19.72662525879917	5.461690407904976
2819513.0	20.0	0.0
2831588.0	17.12215320910973	7.1196517466649185
2843663.0	20.0	0.0
2855738.0	19.77672877846791	5.620982577323611
2867813.0	20.0	0.0
2879888.0	19.904927536231884	6.0047807041013455
2891963.0	17.088530020703935	6.503109624065145
2904038.0	20.0	0.0
2916113.0	19.99494824016563	6.206468274889105
2928188.0	20.0	0.0
2940263.0	19.824513457556936	5.816902621469645
2952338.0	19.090848861283643	4.1376822109334315
2964413.0	17.546997929606626	7.782206173011265
2976488.0	18.906169772256728	7.076330358720943
2988563.0	17.848033126293995	7.949066640523687
3000638.0	20.0	0.0
3012713.0	20.0	0.0
3024788.0	19.94608695652174	6.074560877550941
3036863.0	20.0	0.0
3048938.0	9.80968944099379	10.669074521190502
3061013.0	9.380786749482402	10.202179769524228
3073088.0	20.0	0.0
3085163.0	19.92405797101449	5.980195056957141
3097238.0	18.4487784679089	6.4991096698728805
3109313.0	19.999917184265012	6.2423452088140845
3121388.0	17.80703933747412	8.024212841047184
3133463.0	18.178053830227743	6.066982905324438
3145538.0	17.10144927536232	7.090453734528609
3157613.0	19.087287784679088	4.083730280279343
3169688.0	19.999917184265012	6.242093135165042
3181763.0	20.0	0.0
3193838.0	18.103022774327123	5.830199098837974
3205913.0	19.13192546583851	4.303092440892411
3217988.0	19.942525879917184	6.06606144456808
3230063.0	19.606376811594203	5.328558939588716
3242138.0	19.116853002070393	4.27804835439798
3254213.0	19.227329192546584	4.638885066304734
3266288.0	19.944513457556937	6.096294227859198
3278363.0	3.5478260869565217	7.604264903361593
3290438.0	17.83271221532091	8.141120733098749
3302513.0	19.947908902691513	6.083422813375212
3314588.0	20.0	0.0
3326663.0	19.896977225672877	5.921173013438509
3338738.0	19.151138716356108	4.389664125957291
3350813.0	19.145341614906833	4.3763433311819755
3362888.0	20.0	0.0
3374963.0	19.999917184265012	6.242093135165042
3387038.0	19.998509316770186	6.2259924001286455
3399113.0	20.0	0.0
3411188.0	20.0	0.0
3423263.0	18.354451345755695	6.130330527871429
3435338.0	20.0	0.0
3447413.0	19.917184265010352	5.994289898492026
3459488.0	19.99776397515528	6.221434929981325
3471563.0	19.999917184265012	6.242093135165042
3483638.0	16.38550724637681	8.302350686107753
3495713.0	20.0	0.0
3507788.0	20.0	0.0
3519863.0	20.0	0.0
3531938.0	20.0	0.0
3544013.0	18.322981366459626	6.0787788901251405
3556088.0	18.447287784679087	6.493914973035807
3568163.0	19.998178053830227	6.239372745455168
3580238.0	15.648944099378882	8.93332097276732
3592313.0	19.622608695652175	5.358177125833115
3604388.0	19.98086956521739	6.184974781151354
3616463.0	19.999751552795033	6.244222174058689
3628538.0	16.384679089026914	8.286979984715828
3640613.0	19.96910973084886	6.119973747896981
3652688.0	11.09648033126294	10.078519888703793
3664763.0	15.278012422360248	8.664948069767057
3676838.0	18.079420289855072	5.432026796129749
3688913.0	20.0	0.0
3700988.0	20.0	0.0
3713063.0	19.17184265010352	4.436671947644372
3725138.0	20.0	0.0
3737213.0	20.0	0.0
3749288.0	19.70136645962733	5.485006855696657
3761363.0	19.945341614906834	6.074860800661361
3773438.0	19.982691511387163	6.190716351449112
3785513.0	19.970186335403728	6.120305273919163
3797588.0	20.000082815734988	0.05827044820980982
3809663.0	20.0	0.0
3821738.0	19.095320910973086	4.138212574606265
3833813.0	16.149068322981368	8.014169645937853
3845888.0	19.839751552795033	5.871205659881209
3857963.0	19.481159420289856	5.2162510831361315
3870038.0	20.0	0.0
3882113.0	20.0	0.0
3894188.0	20.0	0.0
3906263.0	17.886211180124224	8.02697832016388
3918338.0	19.999917184265012	6.242093135165042
3930413.0	20.0	0.0
3942488.0	19.17184265010352	4.436485281877391
3954563.0	16.865258799171844	8.715831244678519
3966638.0	19.997101449275362	6.214395896312662
3978713.0	19.17184265010352	4.436485281877391
3990788.0	20.0	0.0
4002863.0	16.31751552795031	8.222244231779992
4014938.0	17.805383022774325	7.84873029781153
4027013.0	18.902277432712214	7.508543098477741
4039088.0	20.0	6.2423452088140845
4051163.0	20.0	0.0
4063238.0	19.17184265010352	4.436485281877391
4075313.0	19.855072463768117	5.839644618926935
4087388.0	20.0	0.0
4099463.0	18.053830227743273	5.165645394289518
4111538.0	20.000082815734988	0.05827044820980982
4123613.0	19.98111801242236	6.185758036366447
4135688.0	14.775983436853002	9.836931299511264
4147763.0	19.889689440993788	5.910337646641561
4159838.0	19.99983436853002	6.244480792881887
4171913.0	15.721656314699793	9.381965873093566
4183988.0	15.95055900621118	9.900565682230352
4196063.0	19.151138716356108	4.389664125957291
4208138.0	17.10144927536232	7.090570532488235
4220213.0	10.890269151138716	10.726256942275738
4232288.0	16.802484472049688	8.713236878130305
4244363.0	19.491511387163563	5.239561247890264
4256438.0	20.0	0.0
4268513.0	19.844389233954452	5.755731682850492
4280588.0	18.94144927536232	7.020301822654026
4292663.0	19.92687370600414	6.014647407525484
4304738.0	20.0	0.0
4316813.0	20.0	0.0
4328888.0	19.17184265010352	4.436485281877391
4340963.0	20.0	0.0
4353038.0	18.178053830227743	6.066846401451017
4365113.0	18.785258799171842	6.601235846399748
4377188.0	20.0	0.0
4389263.0	10.78807453416149	10.630765151289127
4401338.0	20.0	0.0
4413413.0	17.659627329192546	7.838351328742227
4425488.0	19.615734989648033	5.344411372569915
4437563.0	22.182111801242236	9.546551522027885
4449638.0	20.0	0.0
4461713.0	20.0	0.0
4473788.0	19.151221532091096	4.390050863469688
4485863.0	19.998592132505177	6.225294026332064
4497938.0	20.0	0.0
4510013.0	20.0	0.0
4522088.0	16.744927536231884	8.567379996241558
4534163.0	20.0	0.0
4546238.0	19.9248033126294	6.012512832336093
4558313.0	19.562732919254657	5.37068956636105
4570388.0	17.99743271221532	8.338873520698279
4582463.0	20.0	0.0
4594538.0	20.0	0.0
4606613.0	17.536231884057973	7.679258720264191
4618688.0	19.6472049689441	5.4102502209617
4630763.0	20.0	0.0
4642838.0	20.0	0.0
4651302.0	19.886461982279002	5.930534064320787
4657339.5	0.0	0.0
4666988.0	0.0	0.0
4679063.0	0.0	0.0
4691138.0	0.0	0.0
4703213.0	0.0	0.0
4715288.0	0.963312629399586	4.11881508217587
4722679.5	0.1358936484490399	0.8358651838741691
4728717.0	0.0	0.0
4739438.0	0.0	0.0
4751513.0	0.0	0.0
4763588.0	0.0	0.0
4775663.0	0.0	0.0
4787738.0	0.0	0.0
4799813.0	0.0	0.0
4811888.0	0.0	0.0
4819084.5	0.0	0.0
4825049.5	0.0	0.0
