#Position (bp)	Coverage	Std
6038.0	19.67089026915114	5.498134447397253
18113.0	9.374989648033127	10.099759134532336
30188.0	19.146997929606624	4.382205689840968
42263.0	17.116356107660454	7.112727343934333
54338.0	20.0	0.0
66413.0	20.0	0.0
78488.0	20.0	0.0
90563.0	20.0	0.0
102638.0	15.07991718426501	8.192330908495194
114713.0	19.987412008281574	6.171496625650385
126788.0	17.850020703933748	8.07852763166978
138863.0	20.0	0.0
150938.0	20.0	0.0
163013.0	19.953623188405796	6.07212004344003
175088.0	19.885134575569356	5.815735063353741
187163.0	16.382608695652173	8.292289816050495
199238.0	19.993871635610766	6.18785961583315
211313.0	20.0	0.0
223388.0	19.130434782608695	4.344244901949699
235463.0	20.0	0.0
247538.0	17.09648033126294	7.084728275749243
259613.0	19.999171842650103	6.234466410894475
271688.0	20.0	0.0
283763.0	20.0	0.0
295838.0	18.449192546583852	6.500517577737014
307913.0	18.669813664596273	6.2928662492913325
319988.0	20.230973084886127	3.7988665630107428
332063.0	20.0	0.0
344138.0	20.0	0.0
356213.0	19.99768115942029	6.225008003021456
368288.0	18.45018633540373	6.502963172331821
380363.0	19.264596273291925	4.344740520023655
392438.0	20.0	0.0
404513.0	17.11801242236025	7.115055626145659
416588.0	20.0	0.0
428663.0	20.0	0.0
440738.0	20.0	0.0
452813.0	19.741780538302276	5.560128690588071
464888.0	19.641490683229815	5.39515924428756
476963.0	19.858633540372672	5.759931561590197
489038.0	19.999917184265012	6.244739400994683
501113.0	20.0	0.0
513188.0	19.130434782608695	4.344244901949699
525263.0	19.17184265010352	4.438538173544575
537338.0	20.0	0.0
549413.0	20.0	0.0
561488.0	20.0	0.0
573563.0	15.554451345755693	8.978672682919115
585638.0	19.122650103519668	4.264378915649019
597713.0	20.0	0.0
609788.0	16.935817805383024	8.943160751300544
621863.0	20.0	0.0
633938.0	19.17184265010352	4.434804936411133
646013.0	20.0	0.0
658088.0	18.840579710144926	6.880343773008918
670163.0	20.0	0.0
682238.0	20.0	0.0
694313.0	16.215652173913043	8.099433817085606
706388.0	20.0	0.0
718463.0	19.920993788819874	5.951070331901491
730538.0	20.0	0.0
742613.0	20.0	0.0
754688.0	18.347826086956523	6.121029156082058
766763.0	19.793291925465837	5.669028858522222
778838.0	19.730351966873705	5.520426964613841
790913.0	17.68695652173913	7.743555391647925
802988.0	0.0	0.0
815063.0	15.645217391304348	9.082009609702284
827138.0	20.662608695652175	7.367496182557543
839213.0	19.99536231884058	6.197221042874321
851288.0	19.45937888198758	4.9659794986439865
863363.0	17.104265010351966	7.041474295092415
875438.0	20.0	0.0
887513.0	20.000993788819876	6.2456610197399405
899588.0	20.0	0.0
911663.0	17.10840579710145	7.507120153698781
923738.0	20.0	0.0
935813.0	20.0	0.0
947888.0	19.959089026915112	6.119385075806569
959963.0	19.85457556935818	5.83801350258071
972038.0	20.0	0.0
984113.0	20.0	0.0
996188.0	19.945672877846793	6.041204273017343
1008263.0	18.488612836438925	6.663643206741303
1020338.0	16.937639751552794	8.899568463727874
1032413.0	20.0	0.0
1044488.0	20.0	0.0
1056563.0	20.0	0.0
1068638.0	15.044389233954451	7.585285963429325
1080713.0	15.30144927536232	12.314364014296661
1092788.0	19.997846790890268	6.222313417452576
1104863.0	17.94385093167702	8.156811986342356
1116938.0	19.972670807453415	6.12714829017319
1129013.0	19.233871635610765	4.089029913252038
1141088.0	18.19296066252588	6.2027176305342815
1153163.0	18.541614906832297	6.742713266528317
1165238.0	20.0	0.0
1177313.0	18.731262939958594	6.719582950679001
1189388.0	20.0	0.0
1201463.0	19.990724637681158	6.1857982006271435
1213538.0	16.271635610766044	8.249072976337649
1225613.0	14.804968944099379	9.936360648645891
1237688.0	17.07329192546584	6.980617946508309
1249763.0	19.17184265010352	4.438538173544575
1261838.0	20.0	0.0
1273913.0	16.69399585921325	8.747963974891766
1285988.0	19.61192546583851	5.305842710984372
1298063.0	19.942691511387164	6.067180830485742
1310138.0	10.038095238095238	9.969643364728539
1322213.0	10.791718426501035	10.698890250301277
1334288.0	19.660455486542443	5.429899586899328
1346363.0	19.998012422360247	6.225713060010881
1358438.0	20.0	0.0
1370513.0	20.0	0.0
1382588.0	19.1720082815735	4.4393030993931415
1394663.0	19.850269151138715	5.775646737647244
1406738.0	20.0	0.0
1418813.0	19.069399585921325	4.034653207034676
1430888.0	19.994699792960663	6.194240295342029
1442963.0	20.0	0.0
1455038.0	19.99527950310559	6.212096661155253
1467113.0	20.0	0.0
1479188.0	20.0	0.0
1491263.0	20.0	0.0
1503338.0	16.400993788819875	8.325201829820488
1515413.0	20.0	0.0
1527488.0	20.0	0.0
1539563.0	19.17184265010352	4.438538173544575
1551638.0	19.63751552795031	5.359645240260711
1563713.0	20.00016563146998	0.08240685814387208
1575788.0	19.833706004140787	5.747351536963874
1587863.0	19.160082815734988	4.3878903564854825
1599938.0	20.0	0.0
1612013.0	19.927950310559005	6.023246890638806
1624088.0	15.424182194616977	8.673488317045301
1636163.0	19.662194616977224	5.394176754347492
1648238.0	20.0	0.0
1660313.0	7.9976811594202895	10.158589263170619
1672388.0	17.47494824016563	7.537637788913249
1684463.0	20.0	0.0
1696538.0	18.178053830227743	6.068347775177104
1708613.0	19.909730848861283	5.944902299789063
1720688.0	19.580786749482403	5.409775677220524
1732763.0	16.057142857142857	7.843172975195726
1744838.0	20.0	0.0
1756913.0	20.0	6.2423452088140845
1768988.0	19.99966873706004	6.241827783484173
1781063.0	18.16712215320911	5.994103382685257
1793138.0	20.0	0.0
1805213.0	18.146583850931677	5.940756516784579
1817288.0	16.648861283643893	8.427879397494744
1829363.0	18.323146997929605	6.0808357276774
1841438.0	14.559006211180124	9.471412801450823
1853513.0	20.0	0.0
1865588.0	20.0	0.0
1877663.0	19.966045548654243	6.140744015185898
1889738.0	20.0	0.0
1901813.0	19.358178053830226	5.133569944265959
1913888.0	20.000993788819876	0.20348923188905427
1925963.0	16.889109730848862	8.682540010572755
1938038.0	19.95047619047619	6.0445071141150954
1950113.0	19.98824016563147	6.169698208456947
1962188.0	20.0	0.0
1974263.0	15.307660455486543	8.699477626448896
1986338.0	19.982608695652175	6.153461884801257
1998413.0	16.394202898550724	8.325241620104865
2010488.0	20.0	0.0
2022563.0	20.0	0.0
2034638.0	19.17175983436853	4.438174321086073
2046713.0	19.461697722567287	5.049526964705485
2058788.0	20.0	0.0
2070863.0	20.0	0.0
2082938.0	19.819130434782608	5.7227669978604965
2095013.0	19.999751552795033	6.241575688938278
2107088.0	20.0	0.0
2119163.0	19.796273291925466	5.668415270339553
2131238.0	17.14766045548654	7.2379549403423695
2143313.0	0.0	0.0
2155388.0	0.0	0.0
2167463.0	0.0	0.0
2179538.0	0.0	0.0
2191613.0	0.0	0.0
2203688.0	0.0	0.0
2215763.0	0.0	0.0
2227838.0	0.0	0.0
2239913.0	12.881490683229813	10.469405293758044
2251988.0	18.886128364389233	7.235637590824717
2264063.0	19.306832298136644	4.875297941736885
2276138.0	20.0	0.0
2288213.0	18.91262939958592	7.272171068511072
2300288.0	15.092339544513457	8.365912300092347
2312363.0	19.803726708074535	5.703182795234534
2324438.0	20.001325051759835	0.23449871648506448
2336513.0	19.66873706004141	5.421321299985933
2348588.0	20.00016563146998	0.08240685814387208
2360663.0	17.10144927536232	7.091738406285753
2372738.0	18.178053830227743	6.068347775177104
2384813.0	18.869565217391305	7.212710198378769
2396888.0	19.581780538302276	5.40994406847396
2408963.0	18.178053830227743	6.068347775177104
2421038.0	20.0	0.0
2433113.0	19.949648033126294	6.060543402649943
2445188.0	16.49573498964803	8.181785557372686
2457263.0	18.63271221532091	6.876490992096858
2469338.0	18.136894409937888	5.966275129709948
2481413.0	19.9687784679089	6.149133487744718
2493488.0	20.0	0.0
2505563.0	20.0	0.0
2517638.0	19.864265010351968	5.838063151975974
2529713.0	20.0	0.0
2541788.0	20.0	0.0
2553863.0	10.276024844720498	10.124798901461256
2565938.0	14.503188405797102	9.485038889373056
2578013.0	19.999917184265012	6.244739400994683
2590088.0	20.0	0.0
2602163.0	16.95718426501035	8.68484794633341
2614238.0	19.906915113871637	5.960984258772486
2626313.0	20.0	0.0
2638388.0	19.17184265010352	4.438556831840999
2650463.0	19.169440993788818	4.4005552068306555
2662538.0	14.638509316770186	9.62707534561483
2674613.0	12.214989648033127	9.808999965912067
2686688.0	18.859627329192545	7.006178876039646
2698763.0	16.648447204968946	8.694873671155314
2710838.0	20.0	0.0
2722913.0	20.0	0.0
2734988.0	20.0	0.0
2747063.0	18.169772256728777	6.054685231332642
2759138.0	20.00016563146998	0.08240685814387208
2771213.0	18.997101449275362	7.123936846328455
2783288.0	19.503105590062113	4.831547467600523
2795363.0	19.499627329192545	4.884411338133064
2807438.0	19.72687370600414	5.465002524060873
2819513.0	20.0	0.0
2831588.0	17.10128364389234	7.088970233031263
2843663.0	20.0	0.0
2855738.0	19.197184265010353	4.09009306540131
2867813.0	20.0	0.0
2879888.0	19.580289855072465	5.409683825236639
2891963.0	17.15569358178054	6.674918288750107
2904038.0	19.99254658385093	6.1838566296232145
2916113.0	19.99494824016563	6.207949221793993
2928188.0	20.0	0.0
2940263.0	19.843312629399588	5.8551953536495756
2952338.0	19.09184265010352	4.139643216840423
2964413.0	17.56770186335404	7.809348329089424
2976488.0	18.884472049689442	7.008282588817353
2988563.0	17.708571428571428	7.747784028346202
3000638.0	19.999917184265012	6.242093135165042
3012713.0	20.0	0.0
3024788.0	19.925051759834368	6.013621528857596
3036863.0	20.0	6.239691291402829
3048938.0	16.746997929606625	8.729474595190398
3061013.0	19.295320910973086	4.334463939145363
3073088.0	20.0	0.0
3085163.0	19.76927536231884	5.6074558470490485
3097238.0	18.448861283643893	6.500466618065811
3109313.0	19.994865424430643	6.192929916637273
3121388.0	17.471801242236026	7.598806705926744
3133463.0	18.178053830227743	6.068347775177104
3145538.0	17.10144927536232	7.091738406285753
3157613.0	19.142028985507245	4.370852070945316
3169688.0	20.0	0.0
3181763.0	20.0	0.0
3193838.0	18.066749482401658	5.723830537746964
3205913.0	19.15776397515528	4.310293904175522
3217988.0	19.942525879917184	6.066184314089473
3230063.0	19.606128364389235	5.330136205283472
3242138.0	18.364968944099378	6.211503387032977
3254213.0	18.87983436853002	6.989077547784406
3266288.0	19.948654244306418	6.106813219827782
3278363.0	15.908737060041409	9.365117427488126
3290438.0	18.15734989648033	6.032692163636466
3302513.0	19.925465838509318	6.01119039274986
3314588.0	20.0	0.0
3326663.0	19.91561076604555	5.985254482604067
3338738.0	19.130434782608695	4.344244901949699
3350813.0	19.17184265010352	4.438538173544575
3362888.0	19.996356107660457	6.214782350874168
3374963.0	19.99983436853002	6.2418543191598825
3387038.0	19.998178053830227	6.223650876113094
3399113.0	19.999006211180124	6.228559082176683
3411188.0	20.0	0.0
3423263.0	18.33209109730849	6.096667792987724
3435338.0	20.0	0.0
3447413.0	19.917184265010352	5.994593837742727
3459488.0	19.926459627329194	6.018804211866902
3471563.0	19.999337474120082	6.23817805328051
3483638.0	16.404472049689442	8.327027013405658
3495713.0	20.0	0.0
3507788.0	20.0	0.0
3519863.0	20.0	0.0
3531938.0	20.0	0.0
3544013.0	18.068737060041407	5.648210108761199
3556088.0	18.448033126293996	6.495483380613492
3568163.0	19.999171842650103	6.2424646085687945
3580238.0	16.110310559006212	7.798412536871726
3592313.0	20.0	0.0
3604388.0	19.850269151138715	5.8003712310695645
3616463.0	20.00033126293996	0.11654089641961964
3628538.0	17.1016149068323	7.092182147903958
3640613.0	20.0	0.0
3652688.0	10.901697722567288	10.712419989385475
3664763.0	15.238095238095237	8.619132264548957
3676838.0	17.75784679089027	7.536000553863176
3688913.0	20.0	0.0
3700988.0	19.999171842650103	6.229303620990428
3713063.0	19.17184265010352	4.438538173544575
3725138.0	20.0	0.0
3737213.0	20.0	0.0
3749288.0	19.683064182194617	5.474639441884146
3761363.0	19.914368530020703	5.93991307072626
3773438.0	19.87238095238095	5.773681990437998
3785513.0	19.92952380952381	6.0289845118648655
3797588.0	19.99983436853002	6.244480792881887
3809663.0	20.0	0.0
3821738.0	19.11320910973085	4.222242199654892
3833813.0	16.202732919254657	8.020450052685264
3845888.0	19.83304347826087	5.859323938700907
3857963.0	19.4679917184265	5.191608135352276
3870038.0	20.0	0.0
3882113.0	20.0	0.0
3894188.0	20.0	0.0
3906263.0	17.862443064182195	7.981956878533362
3918338.0	20.0	0.0
3930413.0	20.0	0.0
3942488.0	19.17184265010352	4.438538173544575
3954563.0	16.88281573498965	8.73465291186108
3966638.0	19.998509316770186	6.217220458351409
3978713.0	19.17184265010352	4.438538173544575
3990788.0	19.99983436853002	6.2418543191598825
4002863.0	16.299792960662526	8.201196701042631
4014938.0	18.426501035196686	5.978512247679364
4027013.0	18.530020703933747	6.172684098956245
4039088.0	19.966045548654243	6.140744015185898
4051163.0	20.0	0.0
4063238.0	19.17184265010352	4.438538173544575
4075313.0	19.855072463768117	5.839644618926935
4087388.0	20.0	0.0
4099463.0	18.074534161490682	5.196383517054405
4111538.0	19.999917184265012	6.244739400994683
4123613.0	20.001159420289856	0.219542154867803
4135688.0	14.780124223602485	9.842831150220949
4147763.0	19.85192546583851	5.80510947926502
4159838.0	19.99983436853002	6.244480792881887
4171913.0	15.067329192546584	8.498666318461183
4183988.0	15.946169772256729	9.890485211685386
4196063.0	19.17184265010352	4.438538173544575
4208138.0	17.10144927536232	7.091738406285753
4220213.0	10.890269151138716	10.727028998689077
4232288.0	16.80745341614907	8.720362406281886
4244363.0	19.46583850931677	5.191209323876894
4256438.0	19.99983436853002	6.244480792881887
4268513.0	19.876604554865423	5.833259390244155
4280588.0	18.9416149068323	7.023108853706775
4292663.0	19.864844720496894	5.819059140046809
4304738.0	20.0	0.0
4316813.0	20.0	0.0
4328888.0	19.17184265010352	4.438538173544575
4340963.0	20.0	0.0
4353038.0	18.178053830227743	6.068347775177104
4365113.0	18.923395445134574	7.000904999173563
4377188.0	20.0	0.0
4389263.0	10.767370600414079	10.610530337229477
4401338.0	20.0	0.0
4413413.0	17.677846790890268	7.862614319280034
4425488.0	19.551635610766045	5.05804813457494
4437563.0	19.958592132505174	6.117693174085861
4449638.0	20.0	0.0
4461713.0	20.0	0.0
4473788.0	19.066997929606625	3.948771331826637
4485863.0	19.999006211180124	6.226165318682868
4497938.0	20.0	0.0
4510013.0	20.0	0.0
4522088.0	17.13623188405797	7.140616625831515
4534163.0	20.0	0.0
4546238.0	20.0	0.0
4558313.0	19.544347826086955	5.277547268948278
4570388.0	18.001490683229814	5.884365360307071
4582463.0	20.0	0.0
4594538.0	20.0	0.0
4606613.0	17.5127950310559	7.6310252642650145
4618688.0	19.66542443064182	5.448839791410992
4630763.0	20.0	0.0
4642838.0	20.0	0.0
4651302.0	19.9002678755409	5.966646080006356
4657339.5	0.0	0.0
4666988.0	0.0	0.0
4679063.0	0.0	0.0
4691138.0	0.0	0.0
4703213.0	0.0	0.0
4715288.0	0.9709316770186336	4.128214288177121
4722679.5	0.09527326440177253	0.6493946732568396
4728717.0	0.0	0.0
4739438.0	0.0	0.0
4751513.0	0.0	0.0
4763588.0	0.0	0.0
4775663.0	0.0	0.0
4787738.0	0.0	0.0
4799813.0	0.0	0.0
4811888.0	0.0	0.0
4819084.5	0.0	0.0
4825049.5	0.0	0.0
