#Position (bp)	Coverage	Std
6038.0	19.686873706004143	5.477293614698312
18113.0	9.065341614906833	9.77722879442589
30188.0	18.036604554865423	5.590527332838403
42263.0	16.827080745341615	8.823885333624434
54338.0	20.0	0.0
66413.0	20.0	0.0
78488.0	20.0	0.0
90563.0	20.0	0.0
102638.0	15.01631469979296	8.177776277492587
114713.0	19.942194616977226	5.98736419643101
126788.0	17.68033126293996	7.869626070707147
138863.0	19.635031055900622	5.382249793203481
150938.0	20.0	0.0
163013.0	20.0	0.0
175088.0	19.82608695652174	5.629903889533373
187163.0	16.382028985507247	8.289048376102437
199238.0	20.00016563146998	0.08240685814387208
211313.0	20.000662525879918	0.16631432736408636
223388.0	19.025258799171844	4.0981235922340975
235463.0	20.0	0.0
247538.0	15.535403726708074	9.038610531008786
259613.0	19.29432712215321	4.409184842245208
271688.0	20.0	0.0
283763.0	19.924306418219462	5.993087805904013
295838.0	18.448695652173914	6.500441138080402
307913.0	18.44049689440994	5.7236352085016735
319988.0	19.55089026915114	5.127637936462891
332063.0	19.949813664596274	6.088981325458349
344138.0	19.945672877846793	6.037392112466172
356213.0	20.0	0.0
368288.0	18.450766045548654	6.5020652874352445
380363.0	20.0	0.0
392438.0	20.0	0.0
404513.0	16.538302277432713	8.489086892787228
416588.0	19.47561076604555	5.4327204369225255
428663.0	19.641159420289856	5.168890858996282
440738.0	20.0	0.0
452813.0	19.998592132505177	6.232048339112526
464888.0	19.646211180124222	5.291134817830244
476963.0	20.0	0.0
489038.0	20.000082815734988	0.05827044820980982
501113.0	20.0	0.0
513188.0	18.45383022774327	6.507266204602126
525263.0	19.039006211180123	4.085504345327953
537338.0	20.0	0.0
549413.0	19.622028985507246	5.10474143254756
561488.0	19.993706004140787	6.189880207017393
573563.0	14.784596273291925	9.70626145264816
585638.0	18.99312629399586	7.214948824658639
597713.0	20.0	0.0
609788.0	16.56546583850932	8.519751743581306
621863.0	20.0	0.0
633938.0	18.950144927536233	7.134118878594122
646013.0	20.0	0.0
658088.0	18.86128364389234	6.908152233975788
670163.0	20.0	0.0
682238.0	19.941863354037267	6.064409290393243
694313.0	15.84008281573499	9.290650702517583
706388.0	19.512463768115943	5.110051800088322
718463.0	19.37656314699793	4.780446716307318
730538.0	19.999917184265012	6.242093135165042
742613.0	19.999917184265012	6.242093135165042
754688.0	17.845962732919254	8.073343916096826
766763.0	19.99983436853002	6.239200192942925
778838.0	19.76438923395445	5.574253146085666
790913.0	18.445548654244305	6.472493159661382
802988.0	19.44496894409938	4.357663818429701
815063.0	1.0725465838509316	4.0335035810962605
827138.0	0.0	0.0
839213.0	0.0	0.0
851288.0	0.0	0.0
863363.0	17.011180124223603	6.851691242156697
875438.0	20.0	0.0
887513.0	19.61225672877847	5.2433690748085215
899588.0	18.776314699792962	6.773606065489398
911663.0	15.98592132505176	9.595439738131647
923738.0	19.646128364389234	5.3731484846113435
935813.0	19.839089026915115	5.7430847786122
947888.0	19.899958592132506	5.909020370512393
959963.0	19.524057971014493	4.995998398718717
972038.0	19.57407867494824	5.277900329113652
984113.0	20.0	0.0
996188.0	19.969772256728778	6.149436507370251
1008263.0	17.812008281573497	7.775594882476677
1020338.0	17.07991718426501	7.1566616088105475
1032413.0	20.0	0.0
1044488.0	19.999751552795033	6.2370362447249255
1056563.0	19.971097308488613	6.153529176419965
1068638.0	8.817639751552795	10.034610911693004
1080713.0	8.963809523809523	9.58381140224435
1092788.0	19.961325051759836	6.076067159973232
1104863.0	14.132173913043479	9.227207944965112
1116938.0	0.0	0.0
1129013.0	0.0	0.0
1141088.0	0.0	0.0
1153163.0	18.558923395445134	6.7681570837680045
1165238.0	19.638178053830227	5.388554698537487
1177313.0	19.030227743271222	4.109021534503622
1189388.0	20.0	0.0
1201463.0	19.970848861283645	6.123808879830214
1213538.0	16.212836438923397	8.179862158223465
1225613.0	14.731262939958592	9.810485791742389
1237688.0	16.205962732919254	7.851056554815733
1249763.0	19.030227743271222	4.107408849069708
1261838.0	19.619875776397514	5.353097437364002
1273913.0	16.490931677018633	8.287564582437625
1285988.0	19.58550724637681	5.196981127196725
1298063.0	19.961739130434783	6.124579674596143
1310138.0	18.88231884057971	6.970401784344767
1322213.0	19.02774327122153	4.103475273078927
1334288.0	19.700289855072462	5.485520182901404
1346363.0	19.739792960662527	5.519316727898224
1358438.0	19.62385093167702	5.359637514395379
1370513.0	19.999503105590062	6.243446253313344
1382588.0	18.450766045548654	6.501428414477193
1394663.0	19.504347826086956	4.701975268817505
1406738.0	20.000082815734988	0.05827044820980982
1418813.0	18.83536231884058	6.843116261297296
1430888.0	19.918840579710146	5.951000750956783
1442963.0	19.92024844720497	5.965310347017318
1455038.0	19.95022774327122	6.064880405013946
1467113.0	19.586666666666666	5.201321698569346
1479188.0	19.9687784679089	6.110277124848189
1491263.0	19.97888198757764	6.176124469079045
1503338.0	16.382111801242235	8.300535042247434
1515413.0	20.000082815734988	0.012869789042449443
1527488.0	19.999751552795033	6.244222174058689
1539563.0	19.012422360248447	7.254623713011675
1551638.0	19.99080745341615	6.183461545717787
1563713.0	20.0	0.0
1575788.0	19.916687370600414	5.955521821438611
1587863.0	19.0048033126294	3.972410025144369
1599938.0	19.7879917184265	5.689516711819968
1612013.0	19.982194616977225	6.189150996874432
1624088.0	14.845879917184265	9.63260508613021
1636163.0	19.67734989648033	5.418876599673077
1648238.0	20.0	6.2423452088140845
1660313.0	8.997101449275362	10.08611369363809
1672388.0	17.422774327122152	7.468442926845782
1684463.0	19.337474120082817	4.796867507884572
1696538.0	17.454989648033127	7.574863082897123
1708613.0	19.972753623188407	6.115262784492214
1720688.0	19.11271221532091	3.880652225814954
1732763.0	16.06376811594203	7.996790246361749
1744838.0	20.0	0.0
1756913.0	19.957018633540372	6.1095723013975505
1768988.0	20.0	0.0
1781063.0	17.8144099378882	7.928025087027558
1793138.0	20.0	0.0
1805213.0	17.633540372670808	7.784318259555266
1817288.0	15.92223602484472	9.37008587563477
1829363.0	17.68016563146998	7.6884091729541835
1841438.0	14.265010351966874	9.158995849379128
1853513.0	19.690020703933747	5.486139131236812
1865588.0	19.99685300207039	6.215961555047637
1877663.0	20.0	0.0
1889738.0	20.0	0.0
1901813.0	18.46625258799172	6.5293096157228625
1913888.0	20.000993788819876	6.245687539129615
1925963.0	15.688778467908902	8.906735534874645
1938038.0	19.86600414078675	5.798200620432396
1950113.0	19.948985507246377	6.055266516677174
1962188.0	19.562070393374743	5.1956423850146445
1974263.0	13.663685300207039	9.784561295814587
1986338.0	19.615072463768115	5.268862398382111
1998413.0	16.319337474120083	8.181674215016297
2010488.0	19.702774327122153	5.58236649952237
2022563.0	19.92737060041408	6.0206270695467445
2034638.0	18.766459627329194	6.7571111227089995
2046713.0	18.86567287784679	7.111318363094402
2058788.0	20.0	0.0
2070863.0	19.991138716356108	6.179790746020149
2082938.0	19.81863354037267	5.7159686962619
2095013.0	19.99966873706004	6.2413368531337685
2107088.0	20.0	0.0
2119163.0	19.954451345755693	6.0719359183955035
2131238.0	17.02111801242236	7.07642398373045
2143313.0	19.816149068322982	5.832123506603175
2155388.0	20.0	0.0
2167463.0	19.63792960662526	5.387332738681276
2179538.0	19.945175983436854	6.074669942213513
2191613.0	20.0	0.0
2203688.0	19.971180124223604	6.095017141440321
2215763.0	20.0	0.0
2227838.0	19.97366459627329	6.118241401480569
2239913.0	15.651097308488612	8.921019912167663
2251988.0	18.501035196687372	6.681825416027355
2264063.0	18.951552795031056	7.223506601301587
2276138.0	19.626997929606624	5.322291883227482
2288213.0	18.9064182194617	7.26331147492523
2300288.0	14.970434782608695	9.828036963656892
2312363.0	19.968612836438922	6.116332545694668
2324438.0	19.909233954451345	5.940791367351101
2336513.0	19.66873706004141	5.421443506063765
2348588.0	19.99792960662526	6.214735711081539
2360663.0	16.81656314699793	8.809838279877692
2372738.0	17.455072463768115	7.574879482331232
2384813.0	19.2024016563147	4.657476902498658
2396888.0	19.810434782608695	5.820752478871599
2408963.0	17.436024844720496	7.548792288197627
2421038.0	20.0	0.0
2433113.0	18.91089026915114	6.99180827989257
2445188.0	14.494906832298136	9.152483286549012
2457263.0	18.27494824016563	6.332014682380972
2469338.0	17.737639751552795	7.782674392773587
2481413.0	20.0	0.0
2493488.0	19.62070393374741	5.354721606046468
2505563.0	20.0	0.0
2517638.0	19.88265010351967	5.909237601155932
2529713.0	20.0	0.0
2541788.0	19.99983436853002	6.2418543191598825
2553863.0	9.85631469979296	10.526283774605341
2565938.0	14.48927536231884	9.464953334005765
2578013.0	19.512629399585922	4.8377740719275515
2590088.0	20.0	0.0
2602163.0	18.32910973084886	5.985185299068209
2614238.0	19.671138716356108	5.454278241776481
2626313.0	20.0	0.0
2638388.0	18.70343685300207	6.7637384152476265
2650463.0	18.978219461697723	7.231115191663999
2662538.0	16.382277432712215	8.301143626467763
2674613.0	19.60033126293996	5.246858470506311
2686688.0	18.949151138716356	7.1661789039079755
2698763.0	16.81151138716356	8.766249035545883
2710838.0	19.847370600414077	5.759140722655943
2722913.0	20.0	0.0
2734988.0	20.0	0.0
2747063.0	17.88281573498965	8.086489000043596
2759138.0	20.000082815734988	0.05827044820980982
2771213.0	19.16952380952381	4.435495822160784
2783288.0	19.503105590062113	4.8602413694972215
2795363.0	19.523892339544513	4.94236764411619
2807438.0	19.629482401656315	5.37167635215471
2819513.0	19.99271221532091	6.190040755509242
2831588.0	15.753871635610766	9.200616596494692
2843663.0	19.999337474120082	6.235084064543596
2855738.0	19.894741200828157	5.926771908788051
2867813.0	19.99983436853002	6.24210640245298
2879888.0	19.560745341614908	4.945734511179554
2891963.0	0.0	0.0
2904038.0	0.0	0.0
2916113.0	10.075527950310558	9.986939711608988
2928188.0	20.0	0.0
2940263.0	19.812670807453415	5.794507287060133
2952338.0	18.922070393374742	7.118127792560451
2964413.0	17.412836438923396	7.611666973802967
2976488.0	18.404057971014492	6.172677390709176
2988563.0	17.728944099378882	7.778768151478187
3000638.0	20.0	0.0
3012713.0	19.446625258799173	5.014950732446061
3024788.0	19.84463768115942	5.791312119567773
3036863.0	20.0	0.0
3048938.0	16.59577639751553	8.5545575856699
3061013.0	18.89134575569358	6.969742354535988
3073088.0	19.975569358178053	6.135522608642185
3085163.0	19.509482401656314	5.057491419834314
3097238.0	18.44968944099379	6.500581276764243
3109313.0	20.000082815734988	6.242617171598681
3121388.0	3.1678674948240166	7.259125762259401
3133463.0	16.09242236024845	7.946039548948744
3145538.0	16.793623188405796	8.722878701233839
3157613.0	19.004223602484473	7.248799429402213
3169688.0	20.0	0.0
3181763.0	20.0	0.0
3193838.0	17.77209109730849	7.855917841638594
3205913.0	19.037184265010353	4.092542326172251
3217988.0	19.960828157349898	6.107498022193485
3230063.0	19.516107660455486	5.0836318345646925
3242138.0	18.16745341614907	5.6449247987406235
3254213.0	18.720496894409937	6.750667477158357
3266288.0	19.951718426501035	6.1137458402159455
3278363.0	15.574575569358178	8.910997694825438
3290438.0	17.89217391304348	8.124899744563821
3302513.0	19.86857142857143	5.8378503658804
3314588.0	19.77391304347826	5.656554123745783
3326663.0	19.866749482401655	5.7552280670291145
3338738.0	17.77871635610766	7.906141963394132
3350813.0	19.04927536231884	4.160197877122142
3362888.0	20.0	6.2423452088140845
3374963.0	20.00016563146998	6.242902388131925
3387038.0	19.999006211180124	6.228585674381109
3399113.0	19.998674948240165	6.22518094891955
3411188.0	19.615734989648033	5.3480516372506886
3423263.0	18.062939958592132	5.639772986342103
3435338.0	20.0	0.0
3447413.0	19.937805383022773	6.051791651619956
3459488.0	18.937225672877847	7.128904799749562
3471563.0	20.0	6.239691291402829
3483638.0	16.385175983436852	8.303572530554925
3495713.0	20.0	0.0
3507788.0	19.928778467908902	6.024779748214266
3519863.0	19.637267080745342	5.386871549718602
3531938.0	20.0	0.0
3544013.0	18.069979296066254	5.653486071611457
3556088.0	18.96654244306418	7.171065624760173
3568163.0	19.96919254658385	6.115499773045544
3580238.0	16.53217391304348	8.708673480434314
3592313.0	20.0	0.0
3604388.0	20.0	0.02877772315302362
3616463.0	19.631552795031055	5.375691009556609
3628538.0	16.000745341614905	9.460012825049633
3640613.0	20.0	0.0
3652688.0	10.96231884057971	10.839869663751596
3664763.0	15.074285714285715	8.26770012908249
3676838.0	16.572587991718425	8.201777315845412
3688913.0	20.0	0.0
3700988.0	19.99966873706004	6.243963544523754
3713063.0	18.44894409937888	6.500358327438049
3725138.0	19.967701863354037	6.145758860130594
3737213.0	18.523892339544513	6.614082472763835
3749288.0	20.00016563146998	0.08240685814387208
3761363.0	19.89581780538302	5.882162388826921
3773438.0	19.94293995859213	6.0036151979565275
3785513.0	19.58103519668737	5.109014482804612
3797588.0	20.000082815734988	0.05827044820980982
3809663.0	19.999585921325053	6.243704904275747
3821738.0	19.001821946169773	3.9565758875097004
3833813.0	15.634534161490683	9.044458857490852
3845888.0	19.999917184265012	6.2423452088140845
3857963.0	20.0	0.0
3870038.0	20.0	0.0
3882113.0	20.0	0.0
3894188.0	20.0	0.0
3906263.0	17.151304347826088	7.032412389540529
3918338.0	19.99983436853002	6.239439110535393
3930413.0	19.971180124223604	6.1151205869517105
3942488.0	18.975155279503106	7.1528071484921005
3954563.0	15.980124223602484	9.44315015691948
3966638.0	19.871884057971016	5.8380276881653
3978713.0	19.043478260869566	4.143742319942041
3990788.0	19.457556935817806	5.039594778149361
4002863.0	16.159006211180124	8.030170850756512
4014938.0	18.027991718426502	7.844793607832036
4027013.0	18.276604554865425	5.777875987910873
4039088.0	19.9855900621118	6.200280498563718
4051163.0	19.943022774327122	6.068177183234035
4063238.0	19.044306418219463	4.146838951771033
4075313.0	19.875776397515526	5.891236429364098
4087388.0	19.99304347826087	6.175655135781761
4099463.0	17.18327122153209	6.588269894823626
4111538.0	20.0	0.0
4123613.0	20.0	0.0
4135688.0	14.500621118012422	9.404994048029923
4147763.0	19.85159420289855	5.804082235841775
4159838.0	19.99966873706004	6.243976807837421
4171913.0	15.56024844720497	9.207454896597529
4183988.0	15.459544513457557	9.02942509788656
4196063.0	18.448861283643893	6.499141526364089
4208138.0	16.79544513457557	8.745715307045163
4220213.0	10.707246376811595	10.496739117035219
4232288.0	15.863271221532091	9.458296827758556
4244363.0	19.115527950310558	4.465788980855688
4256438.0	20.0	0.0
4268513.0	19.8824016563147	5.852280969552287
4280588.0	18.733250517598343	6.7268628074172625
4292663.0	19.857225672877846	5.750614333911752
4304738.0	20.0	0.0
4316813.0	20.0	0.0
4328888.0	19.0255900621118	4.07721538555508
4340963.0	19.780207039337473	5.577862187599379
4353038.0	17.43536231884058	7.547212338252777
4365113.0	18.547163561076605	6.2233714308944865
4377188.0	20.0	0.0
4389263.0	10.61407867494824	10.468262198548379
4401338.0	20.0	0.0
4413413.0	17.339130434782607	7.4267436834140454
4425488.0	19.607784679089026	5.274800438759465
4437563.0	21.015072463768117	8.169467977741112
4449638.0	19.843726708074534	5.7351193712858795
4461713.0	19.994037267080746	6.191391873668902
4473788.0	18.847536231884057	6.913484887661609
4485863.0	19.956604554865425	6.1012641666003775
4497938.0	20.0	0.0
4510013.0	20.0	0.0
4522088.0	16.026252587991717	7.686362314610857
4534163.0	19.946832298136645	6.078717582962391
4546238.0	20.0	0.0
4558313.0	19.076273291925467	3.8896262733820395
4570388.0	17.890683229813664	8.210506827245712
4582463.0	20.0	0.0
4594538.0	20.0	0.0
4606613.0	17.320248447204968	7.350480611320003
4618688.0	20.0	0.0
4630763.0	19.900703933747412	5.897509738695855
4642838.0	20.0	0.0
4651302.0	19.009478672985782	3.33233723697827
4657339.5	13.511077263915812	9.572190693453408
4666988.0	17.98600414078675	7.715489515766898
4679063.0	20.0	0.0
4691138.0	19.99983436853002	6.2418543191598825
4703213.0	18.989482401656314	6.925782239381281
4715288.0	18.54815734989648	6.434868781248308
4722679.5	17.595273264401772	7.033838867726104
4728717.0	15.83324436852781	9.441130325179142
4739438.0	19.95296066252588	6.073238312670144
4751513.0	19.671387163561075	5.3534068408175965
4763588.0	18.578302277432712	6.564986490393381
4775663.0	18.267080745341616	6.036733653981243
4787738.0	17.4592132505176	7.670734360637837
4799813.0	17.429068322981365	7.5372477416938315
4811888.0	19.64861283643892	5.402890109199992
4819084.5	19.75625539257981	5.551041690362714
4825049.5	0.0	0.0
