#Position (bp)	Coverage	Std
6038.0	19.441159420289853	5.069479986072786
18113.0	8.255900621118013	9.719000195663781
30188.0	18.412919254658384	6.249511782173706
42263.0	16.617805383022773	8.585027170101862
54338.0	20.0	0.0
66413.0	19.23693581780538	4.280196586108512
78488.0	20.0	0.0
90563.0	20.0	0.0
102638.0	14.926625258799172	9.705775105233727
114713.0	19.655403726708073	5.36153001864083
126788.0	17.10368530020704	6.879669692104685
138863.0	18.208695652173912	5.6150345356408025
150938.0	19.994368530020704	6.228439415851762
163013.0	20.0	0.0
175088.0	20.0	0.0
187163.0	15.288447204968945	8.480092385918091
199238.0	20.0	0.0
211313.0	19.626832298136645	5.372693785180461
223388.0	18.660869565217393	6.823598074566658
235463.0	20.0	0.0
247538.0	15.816977225672877	9.278194119997943
259613.0	20.0	0.0
271688.0	19.722567287784678	5.5568956285785225
283763.0	19.408198757763977	4.690512868875311
295838.0	17.187991718426503	7.086171761095214
307913.0	16.720496894409937	8.146840767607625
319988.0	19.040331262939958	3.7733181162771374
332063.0	19.08472049689441	3.5910286189952667
344138.0	18.007784679089028	5.027394931071229
356213.0	19.72223602484472	5.5576258392360405
368288.0	18.344513457556936	6.123977922075005
380363.0	18.973084886128365	7.075692505376546
392438.0	19.196356107660456	4.037023276600941
404513.0	13.33399585921325	9.328018303253831
416588.0	18.008281573498966	5.199808883253328
428663.0	19.631469979296067	5.380857105369534
440738.0	19.54120082815735	5.208728142385976
452813.0	20.0	0.0
464888.0	20.0	0.0
476963.0	18.954699792960664	7.072543359019962
489038.0	19.887867494824018	5.954144997403365
501113.0	19.060621118012424	3.984899031325021
513188.0	18.65175983436853	6.806768036102632
525263.0	16.94824016563147	8.8210176264915
537338.0	19.68447204968944	5.460393815570268
549413.0	20.0	0.0
561488.0	18.821863354037266	6.66628984442284
573563.0	14.906997929606625	9.665228707212929
585638.0	17.487784679089028	7.274163701549192
597713.0	20.0	0.0
609788.0	15.975983436853003	9.443281704904184
621863.0	20.000662525879918	0.16730725754283926
633938.0	18.248447204968944	5.965171516522561
646013.0	19.102277432712214	4.288604960261086
658088.0	14.558757763975155	9.335818953254734
670163.0	20.0	0.0
682238.0	18.462939958592134	6.004070392962084
694313.0	15.065010351966874	8.201413805301932
706388.0	20.0	0.0
718463.0	19.568530020703935	5.2611707047258065
730538.0	20.0	0.0
742613.0	19.61606625258799	5.3522929046787135
754688.0	12.874699792960662	9.549426830707226
766763.0	18.04472049689441	5.613426672382134
778838.0	19.655486542443064	5.334546963365101
790913.0	17.2472049689441	6.727299840723461
802988.0	17.78178053830228	7.461392695226604
815063.0	16.857639751552796	8.495123433665288
827138.0	15.889855072463767	8.838945441722059
839213.0	18.43287784679089	6.068627535582612
851288.0	18.497142857142858	6.243532471491381
863363.0	16.76935817805383	8.53218483472025
875438.0	19.490683229813666	5.107336500404532
887513.0	10.022857142857143	8.560963936360714
899588.0	14.665341614906833	9.188317364100833
911663.0	15.4351966873706	9.003633956944375
923738.0	19.360331262939958	4.58029807270036
935813.0	19.295238095238094	4.431162001932516
947888.0	18.660869565217393	6.622941494326148
959963.0	19.134575569358176	4.041349425128127
972038.0	18.702277432712215	6.486258767196313
984113.0	19.7175983436853	5.541718309508901
996188.0	19.573498964803314	5.271078163938758
1008263.0	17.7320082815735	7.672353638354196
1020338.0	16.82567287784679	8.897856070430873
1032413.0	19.618219461697723	5.356639037730496
1044488.0	15.402898550724638	7.833627147478635
1056563.0	19.559420289855073	5.2426424832368035
1068638.0	11.906583850931677	9.959757536523437
1080713.0	4.991469979296066	7.566111653197713
1092788.0	19.046542443064183	3.9149974417544775
1104863.0	17.48505175983437	7.591762998436572
1116938.0	18.232712215320912	5.520929498361657
1129013.0	14.860455486542444	8.71267608933565
1141088.0	16.226749482401658	7.6590708613791625
1153163.0	18.667494824016565	6.928800875584385
1165238.0	20.0	0.0
1177313.0	18.660869565217393	6.82177733165873
1189388.0	20.0	0.0
1201463.0	19.55064182194617	5.229578244259898
1213538.0	15.998343685300208	9.676399754832419
1225613.0	13.890186335403726	10.205625047428288
1237688.0	16.087784679089026	7.775206121238411
1249763.0	18.269151138716357	5.995167135744195
1261838.0	19.16935817805383	4.128725809689255
1273913.0	16.22360248447205	8.030531800185392
1285988.0	19.77159420289855	5.643714325438838
1298063.0	20.0	0.0
1310138.0	18.530517598343685	6.453156577494817
1322213.0	18.150724637681158	6.029808631499442
1334288.0	19.573498964803314	5.275318521875849
1346363.0	18.313788819875775	5.786476702571226
1358438.0	19.513871635610766	5.1552702736328895
1370513.0	19.431884057971015	4.994945685556183
1382588.0	18.067080745341617	5.662999666024297
1394663.0	19.128612836438922	3.693976967782734
1406738.0	19.450931677018634	5.034662460081758
1418813.0	17.55031055900621	7.34500294914722
1430888.0	20.0	0.0
1442963.0	18.681490683229814	6.4457089261831095
1455038.0	19.927619047619046	6.022243104382415
1467113.0	16.542443064182194	7.843764254562949
1479188.0	19.10144927536232	3.9530893126606226
1491263.0	18.36190476190476	6.023006272192102
1503338.0	14.93631469979296	9.596643650682152
1515413.0	19.220289855072465	4.257644446390992
1527488.0	19.53946169772257	5.208577095744943
1539563.0	18.67080745341615	6.838146565203539
1551638.0	19.98335403726708	6.1928028753881845
1563713.0	19.07246376811594	4.216157425530145
1575788.0	20.0	0.0
1587863.0	17.864265010351968	7.6140874123005196
1599938.0	19.99701863354037	6.236093431279226
1612013.0	19.615900621118012	5.3511013552619
1624088.0	13.942028985507246	10.091486274979284
1636163.0	17.587660455486542	7.466823793082023
1648238.0	16.83329192546584	8.448445530632128
1660313.0	6.151552795031056	8.061379442087858
1672388.0	13.05432712215321	8.181674215016296
1684463.0	18.85109730848861	6.743787878354431
1696538.0	13.890848861283644	9.633830143292629
1708613.0	18.824016563146998	6.673193492411528
1720688.0	18.68902691511387	6.569393869894345
1732763.0	15.194037267080745	8.615018904485218
1744838.0	18.805962732919255	6.955963228097301
1756913.0	19.79047619047619	5.696499233710889
1768988.0	19.443478260869565	5.022063123102136
1781063.0	15.753706004140787	9.026654800888863
1793138.0	19.739958592132506	5.588519732006953
1805213.0	17.666915113871635	7.850186267257729
1817288.0	16.326459627329193	8.070948335811442
1829363.0	17.393788819875777	7.319929402639571
1841438.0	14.006625258799172	8.736785940574975
1853513.0	20.0	0.0
1865588.0	19.643064182194617	5.403280960173693
1877663.0	19.420289855072465	4.970180229266055
1889738.0	18.899378881987577	6.9179755053894
1901813.0	17.436853002070393	7.062870576950243
1913888.0	20.0	0.0
1925963.0	16.60703933747412	8.569723778014668
1938038.0	19.387163561076605	4.668532605366552
1950113.0	18.99296066252588	7.295252150114306
1962188.0	18.521573498964802	6.12699285195172
1974263.0	13.773084886128364	9.930170269109134
1986338.0	18.56993788819876	6.06038625613079
1998413.0	15.650683229813664	8.948090465644972
2010488.0	19.700207039337474	5.509194272494942
2022563.0	18.786915113871636	6.713097115180652
2034638.0	18.032298136645963	5.3755523573859785
2046713.0	18.99461697722567	7.2951386291863995
2058788.0	20.0	0.0
2070863.0	19.48919254658385	5.107125700357754
2082938.0	19.482318840579712	4.859193331651717
2095013.0	20.0	0.0
2107088.0	16.401656314699792	7.751812717944021
2119163.0	18.08703933747412	5.706840905991158
2131238.0	15.040165631469979	8.150880504710543
2143313.0	19.3696066252588	4.734359670608395
2155388.0	18.85896480331263	6.7341470922486835
2167463.0	19.707329192546585	5.517710990580182
2179538.0	19.63031055900621	5.346580339343246
2191613.0	18.857142857142858	6.91132835476142
2203688.0	19.655486542443064	5.423887049398952
2215763.0	20.0	0.0
2227838.0	19.007784679089028	3.710317995445835
2239913.0	15.744099378881987	9.153410705099596
2251988.0	17.79097308488613	7.763038187769134
2264063.0	16.686542443064184	7.9352451721436426
2276138.0	20.0	0.0
2288213.0	18.756935817805385	7.056001953023867
2300288.0	13.942194616977226	9.889321258217883
2312363.0	18.300621118012423	5.897692288270228
2324438.0	19.343105590062112	4.637403071372683
2336513.0	18.871635610766045	6.941858510940806
2348588.0	19.83569358178054	5.789953460659641
2360663.0	16.34120082815735	8.095475821622095
2372738.0	17.66376811594203	7.846957448643911
2384813.0	18.95983436853002	7.337077907131755
2396888.0	19.32505175983437	4.642810956929059
2408963.0	16.801656314699795	8.489691715511857
2421038.0	18.713374741200827	6.5029504372426175
2433113.0	18.69896480331263	6.780070661730143
2445188.0	13.333333333333334	9.190133335520095
2457263.0	16.711966873706004	8.295110685436564
2469338.0	16.14873706004141	7.570291722924972
2481413.0	20.0	0.0
2493488.0	18.57639751552795	6.297457503984665
2505563.0	20.0	0.0
2517638.0	18.81639751552795	6.848300026321687
2529713.0	19.527950310559007	5.181308978715634
2541788.0	20.0	0.0
2553863.0	19.29904761904762	4.367373862099024
2565938.0	19.594202898550726	5.313719108688901
2578013.0	19.629399585921323	5.383357530600899
2590088.0	19.683809523809522	5.483474137153968
2602163.0	18.1175983436853	5.7482736628939035
2614238.0	18.913457556935818	6.999225038439352
2626313.0	19.22153209109731	4.255046936361789
2638388.0	17.998343685300206	7.943834933931907
2650463.0	18.687370600414077	6.860152893527029
2662538.0	16.6111801242236	8.577016811881878
2674613.0	19.241407867494825	4.2917707378484895
2686688.0	18.521325051759835	6.519415182907295
2698763.0	16.775569358178053	8.841128245549
2710838.0	18.652587991718427	6.397657438776613
2722913.0	19.187577639751552	4.170437217349154
2734988.0	20.0	0.0
2747063.0	15.698385093167701	8.855616645371018
2759138.0	17.857556935817804	7.87887076647824
2771213.0	19.318674948240165	4.445985930057486
2783288.0	18.58136645962733	6.407281054987238
2795363.0	17.68695652173913	7.369968719295586
2807438.0	19.268074534161492	4.372897897829849
2819513.0	19.12778467908903	4.081762701270418
2831588.0	16.238509316770187	7.963893676115474
2843663.0	19.268737060041406	4.358993938668632
2855738.0	19.307412008281574	4.438957966244665
2867813.0	19.148654244306417	4.326058553544515
2879888.0	19.67536231884058	5.581951097405837
2891963.0	17.70824016563147	7.8005361603696155
2904038.0	20.0	0.0
2916113.0	17.96289855072464	7.687051843558014
2928188.0	20.0	0.0
2940263.0	19.999585921325053	6.243704904275747
2952338.0	18.486459627329193	6.442637475425073
2964413.0	16.504016563146997	8.178505383660209
2976488.0	17.70186335403727	7.408768795991934
2988563.0	16.748737060041407	8.326072198874424
3000638.0	18.3055900621118	5.683188677175226
3012713.0	20.0	0.0
3024788.0	20.0	0.0
3036863.0	19.726708074534162	5.566053573309583
3048938.0	16.629399585921323	8.599966295855761
3061013.0	18.84472049689441	6.896033606581798
3073088.0	20.0	0.0
3085163.0	19.581780538302276	5.132117841629579
3097238.0	18.32919254658385	6.106569113291337
3109313.0	20.0	0.0
3121388.0	14.75536231884058	8.98324642632649
3133463.0	16.730848861283643	8.344254541355488
3145538.0	16.610351966873704	8.575906352815238
3157613.0	18.669979296066252	6.837117065858734
3169688.0	20.0	0.0
3181763.0	19.648033126293996	5.414075666345178
3193838.0	16.818219461697723	8.362630075552685
3205913.0	15.106252587991719	8.34875922148329
3217988.0	18.24265010351967	5.7392910448697885
3230063.0	19.571014492753623	5.265183112590645
3242138.0	18.617805383022773	6.757987376041863
3254213.0	18.407453416149067	6.339465267337333
3266288.0	18.97937888198758	6.994478745357274
3278363.0	15.277929606625259	8.661817404294645
3290438.0	17.040910973084888	6.828923992734925
3302513.0	19.006211180124225	3.7171751780549482
3314588.0	18.770269151138717	6.874967344172396
3326663.0	19.79536231884058	5.698207193266254
3338738.0	17.80745341614907	7.688263756266516
3350813.0	18.207867494824015	5.908060255569237
3362888.0	16.5031884057971	8.09858510761859
3374963.0	19.82857142857143	5.8523234224531535
3387038.0	19.06567287784679	3.695994138362164
3399113.0	19.46583850931677	5.063203022269649
3411188.0	20.0	0.0
3423263.0	17.078260869565216	6.683232007203684
3435338.0	18.756107660455488	6.56848615374706
3447413.0	19.442650103519668	5.017196102284467
3459488.0	10.845548654244306	9.927713891203254
3471563.0	15.478178053830227	8.110841860964976
3483638.0	16.60753623188406	8.559483740551288
3495713.0	19.16273291925466	4.112849128075396
3507788.0	19.613250517598345	5.348283910447303
3519863.0	20.0	0.0
3531938.0	19.582608695652173	5.291854751226125
3544013.0	16.18302277432712	7.722613402467791
3556088.0	18.668322981366458	6.833967046310813
3568163.0	20.0	0.0
3580238.0	15.022277432712215	8.169026996551876
3592313.0	15.677018633540373	8.659498548638464
3604388.0	20.0	0.0
3616463.0	19.570848861283643	5.266567077183003
3628538.0	16.18633540372671	7.896693230406973
3640613.0	20.0	0.0
3652688.0	10.403312629399586	10.268043251531468
3664763.0	14.706418219461698	9.491240376912783
3676838.0	17.07246376811594	6.675594436198515
3688913.0	20.0	0.0
3700988.0	19.63809523809524	5.392695005309483
3713063.0	18.55047619047619	6.457409437689601
3725138.0	19.384679089026914	4.767948545583661
3737213.0	19.306832298136644	4.875467806826716
3749288.0	19.540538302277433	5.211223752831039
3761363.0	20.0	0.0
3773438.0	19.996687370600416	6.21356960248849
3785513.0	18.78890269151139	6.668699483034985
3797588.0	18.59262939958592	6.207162095808671
3809663.0	20.0	0.0
3821738.0	18.40248447204969	6.229310268257593
3833813.0	15.405217391304348	8.772038203536644
3845888.0	19.52265010351967	5.045146079629738
3857963.0	18.66368530020704	6.520920307465403
3870038.0	19.451262939958593	4.778133422813888
3882113.0	19.383022774327124	4.619420701673276
3894188.0	19.586749482401657	5.295218359437134
3906263.0	17.22567287784679	7.094470479687936
3918338.0	20.0	0.0
3930413.0	19.409689440993787	4.688605632203155
3942488.0	18.6824016563147	6.856530338412681
3954563.0	15.365631469979297	8.617883087086497
3966638.0	20.0	0.0
3978713.0	18.30144927536232	6.050251949650058
3990788.0	20.0	0.0
4002863.0	16.168115942028987	8.042485529919515
4014938.0	16.38608695652174	7.811537891068728
4027013.0	15.958260869565217	9.31363345402545
4039088.0	19.436024844720496	4.889427475195506
4051163.0	19.014492753623188	3.3679404350919118
4063238.0	18.636853002070392	6.789591351814752
4075313.0	19.060041407867494	3.941129936450133
4087388.0	19.636438923395445	5.387778517153104
4099463.0	14.714368530020703	9.113546443534917
4111538.0	18.104016563147	4.894345408451029
4123613.0	19.41167701863354	4.77496057022516
4135688.0	14.29424430641822	9.191250678058733
4147763.0	19.74658385093168	5.601840868679903
4159838.0	19.626501035196686	5.3694558290967525
4171913.0	15.464182194616978	9.107797037357937
4183988.0	15.439337474120082	9.081571903594975
4196063.0	18.322153209109732	6.094358114531617
4208138.0	16.602070393374742	8.5647938435073
4220213.0	10.379544513457557	10.205438407284918
4232288.0	16.10824016563147	7.931523707521862
4244363.0	19.224016563146996	4.703067145992085
4256438.0	19.500621118012422	5.127565257101904
4268513.0	19.986997929606627	6.177994743249547
4280588.0	18.617142857142856	6.681032141532508
4292663.0	19.476107660455487	4.8398877525782495
4304738.0	20.0	0.0
4316813.0	19.572670807453417	5.270213969043677
4328888.0	18.382608695652173	6.195129323040201
4340963.0	19.60910973084886	5.3421640143398506
4353038.0	16.561242236024846	8.165974956974189
4365113.0	17.279503105590063	6.797094739255142
4377188.0	20.0	0.0
4389263.0	10.294824016563147	10.160248118129113
4401338.0	19.65879917184265	5.437124133269328
4413413.0	16.43561076604555	8.244604233363983
4425488.0	19.166045548654246	4.1214984510978105
4437563.0	18.42815734989648	6.087886353115274
4449638.0	19.473291925465837	4.829524450525068
4461713.0	20.0	0.0
4473788.0	18.31055900621118	6.077348228519015
4485863.0	18.597101449275364	6.31487120562924
4497938.0	19.599503105590063	5.323933227450547
4510013.0	19.45888198757764	5.04721393741346
4522088.0	16.594948240165632	8.537686519034795
4534163.0	18.8231884057971	6.6777464864013805
4546238.0	18.509730848861285	6.208729578695346
4558313.0	17.926376811594203	8.000693551717164
4570388.0	17.03817805383023	6.717579915206387
4582463.0	19.625672877846792	5.3649039708998725
4594538.0	21.096811594202897	5.891531628323508
4606613.0	15.98343685300207	9.338204880670308
4618688.0	20.0	0.0
4630763.0	19.633954451345755	5.38939223421754
4642838.0	19.631469979296067	5.383626737897237
4651302.0	17.859468370080364	7.754142488802857
4657339.5	13.155220160620328	9.150311013111288
4666988.0	16.144679089026916	6.992080702236198
4679063.0	20.0	0.0
4691138.0	20.0	0.0
4703213.0	18.127536231884058	5.536148850905191
4715288.0	16.782857142857143	8.361020671345496
4722679.5	15.875553914327917	8.97433975303778
4728717.0	14.757553111988898	9.694412703415306
4739438.0	19.715942028985506	5.541389530578647
4751513.0	19.742277432712214	5.595539483535188
4763588.0	18.668322981366458	6.834694102756969
4775663.0	18.949068322981365	7.139822129535712
4787738.0	16.679917184265012	8.577499575330991
4799813.0	17.191718426501033	7.13226129209498
4811888.0	18.351138716356107	5.570403897916321
4819084.5	19.48921484037964	4.829535961288673
4825049.5	15.083541406575115	8.359565454123366
