#Position (bp)	Coverage	Std
6038.0	19.685300207039337	5.528881443900196
18113.0	9.385507246376811	10.128143762124065
30188.0	19.151138716356108	4.389664125957291
42263.0	17.09896480331263	7.087533159992681
54338.0	20.0	0.0
66413.0	20.0	0.0
78488.0	20.0	0.0
90563.0	20.0	0.0
102638.0	15.886045548654245	9.149813606129642
114713.0	19.98766045548654	6.171127590237432
126788.0	17.828654244306417	8.038118296945722
138863.0	20.0	0.0
150938.0	20.0	0.0
163013.0	20.0	0.0
175088.0	20.0	0.0
187163.0	16.381946169772256	8.300425292803247
199238.0	20.0	0.0
211313.0	20.0	0.0
223388.0	19.17184265010352	4.436671947644372
235463.0	20.0	0.0
247538.0	17.115527950310558	7.110340063443195
259613.0	20.0	0.0
271688.0	20.0	0.0
283763.0	20.0	0.0
295838.0	18.410186335403726	6.382344954807223
307913.0	18.754120082815735	6.470688809129696
319988.0	20.104679089026916	3.126829071344943
332063.0	20.0	0.0
344138.0	20.0	0.0
356213.0	20.000082815734988	0.05827044820980982
368288.0	19.17184265010352	4.436671947644372
380363.0	20.0	0.0
392438.0	20.0	0.0
404513.0	17.12215320910973	7.1196517466649185
416588.0	20.0	0.0
428663.0	20.0	0.0
440738.0	19.6472049689441	5.4102502209617
452813.0	20.0	0.0
464888.0	20.0	0.0
476963.0	20.0	0.0
489038.0	19.623022774327122	5.358293044228368
501113.0	20.0	0.0
513188.0	19.151138716356108	4.389664125957291
525263.0	19.17184265010352	4.436485281877391
537338.0	20.0	0.0
549413.0	20.0	0.0
561488.0	20.0	0.0
573563.0	16.273291925465838	7.997411589539781
585638.0	19.172919254658385	4.441457243187669
597713.0	20.0	0.0
609788.0	16.91511387163561	8.919005227283277
621863.0	20.0	0.0
633938.0	19.151138716356108	4.389664125957291
646013.0	20.0	0.0
658088.0	18.86128364389234	6.907912467481408
670163.0	20.0	0.0
682238.0	20.0	0.0
694313.0	16.195859213250518	8.072882296393809
706388.0	20.0	0.0
718463.0	20.0	0.0
730538.0	20.0	0.0
742613.0	20.0	0.0
754688.0	18.364140786749484	6.16619381545636
766763.0	19.982774327122154	6.190977205398512
778838.0	20.0	0.0
790913.0	19.13399585921325	4.267203641158211
802988.0	19.690766045548653	5.236478199491277
815063.0	17.918509316770187	8.063510838297267
827138.0	19.192629399585922	4.072988332226272
839213.0	20.0	0.0
851288.0	19.531345755693582	5.328279178704055
863363.0	17.59577639751553	7.842681968273769
875438.0	20.0	0.0
887513.0	20.0	0.0
899588.0	19.999917184265012	6.244739400994683
911663.0	16.60455486542443	8.4019124314156
923738.0	20.0	0.0
935813.0	20.0	0.0
947888.0	20.0	0.0
959963.0	19.875776397515526	5.89102556390795
972038.0	20.0	0.0
984113.0	20.0	0.0
996188.0	20.0	0.0
1008263.0	18.11809523809524	5.851410617208481
1020338.0	17.078260869565216	7.15457837460926
1032413.0	20.0	0.0
1044488.0	20.0	0.0
1056563.0	20.0	0.0
1068638.0	15.09648033126294	7.744721036534977
1080713.0	11.592546583850933	9.15701995699221
1092788.0	19.96935817805383	6.114863268711004
1104863.0	17.971014492753625	8.22592478140402
1116938.0	19.94848861283644	6.084926902085735
1129013.0	19.233954451345756	4.049742470660936
1141088.0	17.8168115942029	7.950514651883464
1153163.0	18.929192546583852	7.294343933223129
1165238.0	20.0	0.0
1177313.0	19.17184265010352	4.436485281877391
1189388.0	20.0	0.0
1201463.0	20.0	0.0
1213538.0	16.267494824016563	8.244604233363983
1225613.0	14.809109730848862	9.940068860128655
1237688.0	17.10144927536232	7.090453734528609
1249763.0	19.17184265010352	4.436485281877391
1261838.0	20.0	0.0
1273913.0	17.144927536231883	7.176277921270373
1285988.0	19.93416149068323	6.04503457923792
1298063.0	20.0	0.0
1310138.0	19.02368530020704	3.7915892536406157
1322213.0	19.151138716356108	4.389664125957291
1334288.0	20.0	0.0
1346363.0	20.005879917184267	0.49150127056273524
1358438.0	20.0	0.0
1370513.0	20.0	0.0
1382588.0	19.16935817805383	4.430975104045472
1394663.0	19.869896480331263	5.8347002243538215
1406738.0	20.0	0.0
1418813.0	19.026501035196688	3.899376177745529
1430888.0	20.0	0.0
1442963.0	20.0	0.0
1455038.0	19.99734989648033	6.217566778568825
1467113.0	20.0	0.0
1479188.0	20.0	0.0
1491263.0	20.0	0.0
1503338.0	17.12215320910973	7.1196517466649185
1515413.0	20.0	0.0
1527488.0	20.0	0.0
1539563.0	19.17184265010352	4.436485281877391
1551638.0	19.996687370600416	6.2160881229914215
1563713.0	20.0	0.0
1575788.0	19.99536231884058	6.210283330703928
1587863.0	19.17184265010352	4.436485281877391
1599938.0	20.0	0.0
1612013.0	19.92695652173913	6.019382083115001
1624088.0	15.443478260869565	8.695373701545197
1636163.0	20.0	0.0
1648238.0	20.0	0.0
1660313.0	11.847867494824017	9.611027138142079
1672388.0	17.489606625258798	7.5528448837844735
1684463.0	20.0	0.0
1696538.0	18.17639751552795	6.0641156787122155
1708613.0	20.0	0.0
1720688.0	19.733333333333334	5.682379870599012
1732763.0	16.20703933747412	8.170897201446397
1744838.0	20.0	0.0
1756913.0	20.0	0.0
1768988.0	20.0	0.0
1781063.0	18.178053830227743	6.066846401451017
1793138.0	20.0	0.0
1805213.0	18.172256728778468	6.057351846076269
1817288.0	17.35569358178054	7.253099573020423
1829363.0	18.34368530020704	6.11294658426106
1841438.0	15.300207039337474	8.688942545976914
1853513.0	20.0	0.0
1865588.0	20.0	0.0
1877663.0	20.0	0.0
1889738.0	20.0	0.0
1901813.0	19.4824016563147	5.331161566102867
1913888.0	20.0	0.0
1925963.0	17.12215320910973	7.1196517466649185
1938038.0	20.0	0.0
1950113.0	20.0	0.0
1962188.0	20.0	0.0
1974263.0	15.300207039337474	8.688847233815771
1986338.0	19.98807453416149	6.209823247235365
1998413.0	16.394037267080744	8.326783347185941
2010488.0	20.0	0.0
2022563.0	20.0	0.0
2034638.0	19.17184265010352	4.436671947644372
2046713.0	19.461697722567287	5.047886629104285
2058788.0	20.0	0.0
2070863.0	20.0	0.0
2082938.0	19.857556935817804	5.822118174806132
2095013.0	20.0	0.0
2107088.0	20.0	0.0
2119163.0	19.96207039337474	6.1256478087304815
2131238.0	17.18409937888199	7.272062881378615
2143313.0	19.91734989648033	6.032548019764621
2155388.0	20.0	0.0
2167463.0	20.0	0.0
2179538.0	20.0	0.0
2191613.0	20.0	0.0
2203688.0	20.0	0.0
2215763.0	20.0	0.0
2227838.0	19.622774327122155	5.358223493492144
2239913.0	17.11801242236025	7.072092530052417
2251988.0	18.87950310559006	7.225902337858802
2264063.0	19.298550724637682	4.857429050148407
2276138.0	20.000082815734988	0.05827044820980982
2288213.0	19.285217391304347	4.80587976662577
2300288.0	16.18062111801242	7.807651393975981
2312363.0	19.949151138716356	6.058233621855238
2324438.0	19.996935817805383	6.216920742591845
2336513.0	19.66873706004141	5.420099087662772
2348588.0	20.0	0.0
2360663.0	17.12215320910973	7.1196517466649185
2372738.0	18.15734989648033	6.032692163636466
2384813.0	19.255569358178054	4.724387195026462
2396888.0	19.916273291925467	6.030138247816931
2408963.0	18.178053830227743	6.066846401451017
2421038.0	20.0	0.0
2433113.0	20.0	0.0
2445188.0	16.557349896480332	8.341013438185042
2457263.0	18.639337474120083	6.885517552579014
2469338.0	18.178219461697722	6.067406047815516
2481413.0	20.0	0.0
2493488.0	20.0	0.0
2505563.0	20.0	0.0
2517638.0	20.0	0.0
2529713.0	20.0	0.0
2541788.0	20.0	0.0
2553863.0	29.280579710144927	10.709389081210638
2565938.0	24.815238095238094	10.561596905418547
2578013.0	19.619958592132505	5.329133957507546
2590088.0	20.0	0.0
2602163.0	19.097722567287786	4.150142804796845
2614238.0	20.0	0.0
2626313.0	20.0	0.0
2638388.0	19.151138716356108	4.389664125957291
2650463.0	19.169606625258798	4.402907001301733
2662538.0	17.09648033126294	7.083559246184286
2674613.0	20.0	0.0
2686688.0	19.156438923395445	4.3731251528494415
2698763.0	17.116853002070393	7.129938628397898
2710838.0	20.0	0.0
2722913.0	20.0	0.0
2734988.0	20.0	0.0
2747063.0	18.17888198757764	6.068279538975358
2759138.0	20.0	0.0
2771213.0	19.716604554865423	5.520696988433186
2783288.0	19.523809523809526	4.942275483673661
2795363.0	19.503105590062113	4.895707335059868
2807438.0	20.0	0.0
2819513.0	20.0	0.0
2831588.0	17.118840579710145	7.114997428376002
2843663.0	20.0	0.0
2855738.0	20.0	0.0
2867813.0	20.0	0.0
2879888.0	19.909316770186336	6.014544139070573
2891963.0	18.268737060041406	6.295517482516491
2904038.0	20.0	0.0
2916113.0	20.0	0.0
2928188.0	20.0	0.0
2940263.0	20.0	0.0
2952338.0	19.151138716356108	4.389664125957291
2964413.0	17.551966873706004	7.78858856284258
2976488.0	19.337474120082817	4.795486145387181
2988563.0	18.40041407867495	6.4880268767648595
3000638.0	20.0	0.0
3012713.0	20.0	0.0
3024788.0	19.98608695652174	6.201275498265098
3036863.0	20.0	0.0
3048938.0	17.10144927536232	7.090453734528609
3061013.0	19.946418219461698	6.082347264022799
3073088.0	20.0	0.0
3085163.0	19.87080745341615	5.842196756354464
3097238.0	19.151138716356108	4.389664125957291
3109313.0	20.0	0.0
3121388.0	18.179710144927537	6.069712338117418
3133463.0	18.178053830227743	6.066982905324438
3145538.0	17.10310559006211	7.092789328288734
3157613.0	19.17184265010352	4.436485281877391
3169688.0	20.0	0.0
3181763.0	20.0	0.0
3193838.0	18.178053830227743	6.066846401451017
3205913.0	19.17184265010352	4.436485281877391
3217988.0	20.0	0.0
3230063.0	20.0	0.0
3242138.0	18.77225672877847	6.833742854971023
3254213.0	19.20919254658385	4.602222885361207
3266288.0	19.941946169772258	6.090048903923013
3278363.0	16.295320910973086	8.02518809077641
3290438.0	18.178053830227743	6.066982905324438
3302513.0	20.0	0.0
3314588.0	20.0	0.0
3326663.0	19.951635610766047	6.094704622099566
3338738.0	19.151138716356108	4.389664125957291
3350813.0	19.151138716356108	4.389664125957291
3362888.0	19.996770186335404	6.216894100491723
3374963.0	20.0	0.0
3387038.0	20.0	0.0
3399113.0	20.0	0.0
3411188.0	20.0	0.0
3423263.0	18.322981366459626	6.0787788901251405
3435338.0	20.0	0.0
3447413.0	19.917184265010352	5.994289898492026
3459488.0	19.859378881987578	5.830547101525342
3471563.0	19.999917184265012	6.242093135165042
3483638.0	17.12049689440994	7.114997428376002
3495713.0	20.0	0.0
3507788.0	20.0	0.0
3519863.0	20.0	0.0
3531938.0	20.0	0.0
3544013.0	18.322981366459626	6.0789151260509335
3556088.0	19.17184265010352	4.436485281877391
3568163.0	20.0	0.0
3580238.0	17.12049689440994	7.117324967977293
3592313.0	20.0	0.0
3604388.0	20.0	0.0
3616463.0	20.0	0.0
3628538.0	17.116190476190475	7.089198034930884
3640613.0	20.0	0.0
3652688.0	10.910973084886129	10.745503176181037
3664763.0	16.267577639751554	7.990211402764609
3676838.0	18.083478260869565	5.44268841133287
3688913.0	19.643478260869564	5.398320419726606
3700988.0	20.0	0.0
3713063.0	19.151138716356108	4.389664125957291
3725138.0	20.0	0.0
3737213.0	20.0	0.0
3749288.0	20.0	0.0
3761363.0	19.99685300207039	6.214295947256038
3773438.0	20.0	0.0
3785513.0	20.0	0.0
3797588.0	20.0	0.0
3809663.0	20.0	0.0
3821738.0	19.17184265010352	4.436671947644372
3833813.0	15.95287784679089	9.42903317772648
3845888.0	20.0	0.0
3857963.0	20.0	0.0
3870038.0	20.0	0.0
3882113.0	20.0	0.0
3894188.0	20.0	0.0
3906263.0	17.971014492753625	8.22602545729203
3918338.0	20.0	0.0
3930413.0	20.0	0.0
3942488.0	19.17184265010352	4.436671947644372
3954563.0	17.115527950310558	7.110340063443195
3966638.0	20.0	0.0
3978713.0	18.795031055900623	6.811329011180615
3990788.0	20.0	0.0
4002863.0	17.01250517598344	6.862548766264484
4014938.0	18.488612836438925	6.094670651640402
4027013.0	18.488612836438925	6.085940761151077
4039088.0	20.0	0.0
4051163.0	20.0	0.0
4063238.0	19.1768115942029	4.447857557634019
4075313.0	19.875776397515526	5.89102556390795
4087388.0	20.0	0.0
4099463.0	18.053830227743273	5.1538644569468195
4111538.0	20.0	0.0
4123613.0	20.0	0.0
4135688.0	15.520496894409938	8.939340089863235
4147763.0	20.0	0.0
4159838.0	19.911138716356106	5.974285823201673
4171913.0	15.72256728778468	9.384825424064404
4183988.0	15.68695652173913	9.346759051238283
4196063.0	19.17184265010352	4.436671947644372
4208138.0	17.10144927536232	7.090570532488235
4220213.0	10.890269151138716	10.726256942275738
4232288.0	16.79751552795031	8.707532257328843
4244363.0	19.475776397515528	5.209523052524348
4256438.0	20.0	0.0
4268513.0	20.00463768115942	0.43643578047200027
4280588.0	18.888612836438924	6.954165232339172
4292663.0	19.960579710144927	6.120792381618739
4304738.0	20.0	0.0
4316813.0	20.0	0.0
4328888.0	19.17184265010352	4.436485281877391
4340963.0	20.0	0.0
4353038.0	18.178053830227743	6.066846401451017
4365113.0	18.902691511387165	6.968191557483228
4377188.0	20.0	0.0
4389263.0	10.784761904761904	10.627648616409541
4401338.0	20.0	0.0
4413413.0	17.67536231884058	7.858347357326845
4425488.0	19.989151138716355	6.179160864187568
4437563.0	19.958592132505174	6.11433505523715
4449638.0	20.0	0.0
4461713.0	19.97399585921325	6.130161660802889
4473788.0	19.16190476190476	4.414215695572585
4485863.0	20.0	0.0
4497938.0	20.0	0.0
4510013.0	20.0	0.0
4522088.0	17.12215320910973	7.1196517466649185
4534163.0	20.0	0.0
4546238.0	19.659875776397516	5.428305539963341
4558313.0	19.556107660455485	5.361429616830934
4570388.0	18.000910973084885	5.885807754187583
4582463.0	20.0	0.0
4594538.0	20.0	0.0
4606613.0	17.556935817805382	7.706118673518593
4618688.0	20.0	0.0
4630763.0	19.640993788819877	5.3935779617813715
4642838.0	20.0	0.0
4651302.0	19.884607459303524	5.925685114468149
4657339.5	14.872611464968152	9.958151148719711
4666988.0	18.9648033126294	7.104356695575681
4679063.0	20.0	0.0
4691138.0	20.0	0.0
4703213.0	18.568115942028985	6.085042585818241
4715288.0	18.77151138716356	6.7409443895451275
4722679.5	17.494091580502214	6.891595720912701
4728717.0	0.0	0.0
4739438.0	0.0	0.0
4751513.0	0.0	0.0
4763588.0	0.0	0.0
4775663.0	0.0	0.0
4787738.0	0.0	0.0
4799813.0	0.0	0.0
4811888.0	0.0	0.0
4819084.5	0.0	0.0
4825049.5	16.072097378277153	7.91853417752296
