#Position (bp)	Coverage	Std
6038.0	18.361159420289855	5.753860887601616
18113.0	8.107080745341614	9.801098514508327
30188.0	17.899792960662527	7.814956197744862
42263.0	15.567701863354037	8.850378101899594
54338.0	19.610766045548655	5.343404053008347
66413.0	20.0	0.0
78488.0	19.62848861283644	5.37660756450492
90563.0	19.63478260869565	5.385164807134504
102638.0	13.959420289855073	9.939923057719044
114713.0	19.728281573498965	5.600606296667277
126788.0	16.856894409937887	8.785094660773883
138863.0	19.2472049689441	4.611220449866511
150938.0	18.725465838509315	6.320140994836823
163013.0	20.0	0.0
175088.0	18.481159420289856	5.910470759277409
187163.0	15.258219461697722	8.31834511332817
199238.0	19.024430641821947	3.397295233981337
211313.0	19.357349896480333	4.663935906146862
223388.0	17.291097308488613	7.0862827862503535
235463.0	19.707660455486543	5.529270877694761
247538.0	16.48695652173913	8.430654899175122
259613.0	20.0	0.0
271688.0	19.429399585921324	4.989720281600247
283763.0	19.69855072463768	5.509795530769747
295838.0	18.448695652173914	6.500441138080402
307913.0	15.2	8.505922915103401
319988.0	15.876273291925466	8.756361780763218
332063.0	18.866583850931676	6.877309888637257
344138.0	18.8935817805383	6.775623094814332
356213.0	20.0	0.0
368288.0	17.511469979296066	7.294048738384574
380363.0	17.900124223602486	7.727978798799837
392438.0	19.426915113871637	4.852294498972823
404513.0	14.45631469979296	9.004668676359753
416588.0	18.479503105590062	6.342208013339838
428663.0	19.646211180124222	5.3814419242676035
440738.0	18.988819875776397	7.100987013306461
452813.0	17.97416149068323	7.723112042909205
464888.0	19.070807453416148	3.5363477902465648
476963.0	18.151801242236026	5.310990986510822
489038.0	19.228985507246378	4.275821570589638
501113.0	20.0	0.0
513188.0	17.337308488612837	6.866397309235866
525263.0	18.191304347826087	5.868962471927592
537338.0	20.0	0.0
549413.0	19.63561076604555	5.386010557996417
561488.0	19.13209109730849	4.038766595232512
573563.0	14.151552795031057	8.886959763058892
585638.0	17.351138716356107	6.8882232141256186
597713.0	20.0	0.0
609788.0	15.685300207039338	9.127688633655326
621863.0	19.993374741200828	6.225540128894867
633938.0	17.153706004140787	6.600094108118826
646013.0	18.655817805383023	6.269139638039835
658088.0	13.946915113871636	9.465237695783511
670163.0	20.0	0.0
682238.0	19.292753623188407	4.4093726637453425
694313.0	14.413250517598344	9.106819504672485
706388.0	18.370186335403726	5.72773572380388
718463.0	18.43503105590062	6.091048314142435
730538.0	19.674534161490683	5.459574756493326
742613.0	20.000082815734988	0.05827044820980982
754688.0	17.35238095238095	7.439890246079305
766763.0	19.079171842650105	3.782196498328302
778838.0	19.0920082815735	3.530112990056734
790913.0	17.38327122153209	7.18021205359393
802988.0	0.0	0.0
815063.0	15.132339544513458	8.427894137085572
827138.0	12.931842650103519	9.927797309589367
839213.0	18.650269151138716	6.2545983084447565
851288.0	18.594202898550726	6.5599260208927594
863363.0	16.11809523809524	7.537786111432037
875438.0	19.659544513457558	5.429777571139511
887513.0	18.848033126293995	6.898603093212506
899588.0	17.343271221532092	7.428137429590129
911663.0	14.92008281573499	9.98358901845629
923738.0	19.34409937888199	4.538174859555394
935813.0	18.932505175983437	7.025007091646324
947888.0	19.257142857142856	4.297073971960094
959963.0	18.45159420289855	6.077613948281664
972038.0	17.700041407867495	7.514011756099896
984113.0	19.047619047619047	3.4734485343095156
996188.0	18.730351966873705	6.58237184057685
1008263.0	16.608778467908902	7.9547321749481466
1020338.0	15.506915113871635	8.668483644539695
1032413.0	19.38136645962733	4.624545190552438
1044488.0	18.146583850931677	5.475728488929308
1056563.0	19.29432712215321	4.384727871751765
1068638.0	9.850600414078675	10.283633905093852
1080713.0	4.1684472049689445	6.661816040740132
1092788.0	18.76703933747412	6.413185175821675
1104863.0	16.888612836438924	8.896692571756995
1116938.0	19.008033126293995	3.6337844231536947
1129013.0	5.280662525879917	8.369158603765952
1141088.0	15.36231884057971	8.91926056967341
1153163.0	18.559006211180126	6.768518038605157
1165238.0	19.273706004140788	4.673124783064889
1177313.0	17.576811594202898	7.382375071596035
1189388.0	19.04737060041408	3.577662468296865
1201463.0	19.575238095238095	5.103419062585827
1213538.0	15.628985507246377	9.144503604339178
1225613.0	14.494409937888198	9.620759128633257
1237688.0	15.528778467908902	8.958866203035535
1249763.0	17.51055900621118	7.650031461795412
1261838.0	19.68281573498965	5.478110024542569
1273913.0	15.701035196687371	9.074583986837164
1285988.0	18.460455486542443	5.998426294656155
1298063.0	19.941532091097308	6.063070852080645
1310138.0	17.456149068322983	6.883340226286032
1322213.0	18.533333333333335	6.6348100148947315
1334288.0	19.338302277432714	4.51932129974756
1346363.0	18.90600414078675	6.786675533964521
1358438.0	19.14782608695652	4.077784077334952
1370513.0	20.0	0.0
1382588.0	17.687784679089027	7.532505130457774
1394663.0	19.392712215320913	4.750625980328166
1406738.0	19.411180124223602	4.953573275803815
1418813.0	16.910062111801242	8.562879104058672
1430888.0	19.465010351966875	5.063775463640719
1442963.0	19.66873706004141	5.4531849109376305
1455038.0	19.301863354037266	4.437698469011085
1467113.0	19.69192546583851	5.498029008778185
1479188.0	18.78095238095238	6.602540448393392
1491263.0	19.304347826086957	4.451114732316887
1503338.0	16.404306418219463	8.33053203433942
1515413.0	19.267246376811595	4.366852365940633
1527488.0	19.550973084886127	5.229023953988656
1539563.0	18.20207039337474	5.887376395998251
1551638.0	18.906666666666666	6.786248426182418
1563713.0	19.4824016563147	5.10165807496657
1575788.0	19.35743271221532	4.5225910966771306
1587863.0	18.260952380952382	6.015487258445633
1599938.0	19.102194616977226	3.940194738279998
1612013.0	18.728033126293997	6.382033529124842
1624088.0	13.49888198757764	9.6242619571301
1636163.0	19.36438923395445	4.534459730966834
1648238.0	20.0	0.0
1660313.0	2.554037267080745	6.3814041433355175
1672388.0	13.397598343685301	9.557233068924678
1684463.0	19.004223602484473	3.3673748307127345
1696538.0	16.52008281573499	7.985753360126925
1708613.0	18.945175983436854	6.736114465716724
1720688.0	18.71262939958592	6.594809427660783
1732763.0	15.571014492753623	9.080869705979556
1744838.0	19.999503105590062	6.233609564189739
1756913.0	20.0	0.0
1768988.0	18.655072463768114	6.417045107282844
1781063.0	17.527950310559007	7.670626396636077
1793138.0	19.20248447204969	4.210162210474711
1805213.0	17.201407867494822	7.038339254518621
1817288.0	15.64016563146998	8.888306226590066
1829363.0	16.172256728778468	7.66106015183953
1841438.0	13.56231884057971	9.74061102321564
1853513.0	19.67536231884058	5.463320189667087
1865588.0	18.92422360248447	6.818389456653874
1877663.0	19.23527950310559	4.103434909174292
1889738.0	19.332836438923394	4.575992804291492
1901813.0	15.278674948240166	8.672915409348956
1913888.0	19.884306418219463	5.961810832775314
1925963.0	13.683312629399586	9.616544577270218
1938038.0	18.73374741200828	6.534723306740095
1950113.0	18.96728778467909	6.87927243492758
1962188.0	19.692753623188405	5.498586304292741
1974263.0	13.572173913043478	9.718237535003427
1986338.0	19.655320910973085	5.4130966097819
1998413.0	16.391469979296065	8.319544700076031
2010488.0	19.148819875776397	4.036982248273809
2022563.0	19.599503105590063	5.276244664908474
2034638.0	17.66376811594203	7.512192987288123
2046713.0	18.580538302277432	6.703912519132556
2058788.0	20.0	0.0
2070863.0	20.0	0.0
2082938.0	19.276687370600413	4.28197628566216
2095013.0	18.822608695652175	6.669891559549457
2107088.0	18.916770186335405	6.805283539865995
2119163.0	17.544182194616976	7.092310594243416
2131238.0	16.116190476190475	7.966342240680612
2143313.0	0.0	0.0
2155388.0	0.0	0.0
2167463.0	0.0	0.0
2179538.0	0.0	0.0
2191613.0	0.0	0.0
2203688.0	0.0	0.0
2215763.0	0.0	0.0
2227838.0	0.0	0.0
2239913.0	12.375403726708074	9.806829918147773
2251988.0	18.24496894409938	6.057543250175211
2264063.0	18.97888198757764	7.3628241948469455
2276138.0	19.057805383022774	3.5556737385465578
2288213.0	18.402236024844722	6.49845976336441
2300288.0	13.484968944099379	9.487714623578636
2312363.0	18.348654244306417	5.916744670409907
2324438.0	19.02815734989648	3.3519068458275467
2336513.0	18.0351966873706	5.15623404069304
2348588.0	18.810186335403728	6.840344330441724
2360663.0	16.149896480331265	7.849632397664742
2372738.0	17.53871635610766	7.686750182254478
2384813.0	18.566293995859212	6.578413786796219
2396888.0	19.01697722567288	3.578460985224559
2408963.0	15.841656314699794	8.968936500286407
2421038.0	19.643561076604556	5.406360796325139
2433113.0	19.295486542443065	4.322917885828856
2445188.0	13.927950310559007	9.918721449697404
2457263.0	17.66393374741201	7.7458865060091835
2469338.0	16.660041407867496	8.331714956723065
2481413.0	18.620289855072464	6.140481027279283
2493488.0	19.67287784679089	5.458482486543362
2505563.0	20.0	0.0
2517638.0	18.83536231884058	6.694288533130562
2529713.0	20.0	0.0
2541788.0	19.603312629399586	5.3225175008245715
2553863.0	10.299627329192546	10.180995570544829
2565938.0	14.49896480331263	9.48053688934044
2578013.0	19.37614906832298	4.491888248989266
2590088.0	19.425258799171843	4.980167707354314
2602163.0	15.559585921325052	8.591483095516065
2614238.0	19.92687370600414	6.01922386197931
2626313.0	19.551138716356107	5.233947162376661
2638388.0	18.534989648033125	6.636182893459547
2650463.0	18.468985507246376	6.515685803557692
2662538.0	14.638592132505176	9.626443050114693
2674613.0	17.038923395445135	6.383207784093105
2686688.0	17.638757763975157	7.5520718230082915
2698763.0	16.653167701863353	8.70019156877211
2710838.0	20.0	0.0
2722913.0	19.69192546583851	5.496401985172543
2734988.0	20.0	0.0
2747063.0	17.178467908902693	7.016425567428988
2759138.0	19.681987577639752	5.474737767527172
2771213.0	18.64654244306418	6.590720624005034
2783288.0	16.095072463768116	7.736552481979179
2795363.0	14.67064182194617	8.775403230812476
2807438.0	18.783933747412007	6.534748653054082
2819513.0	19.667080745341615	5.444095705792675
2831588.0	15.460869565217392	8.879385015915775
2843663.0	18.58815734989648	6.306354217744888
2855738.0	19.074948240165632	3.890371402325635
2867813.0	20.0	0.0
2879888.0	18.64016563146998	6.487892849237602
2891963.0	15.948654244306418	9.05065112101255
2904038.0	19.706832298136646	5.523291544215427
2916113.0	19.670227743271223	5.416874179812298
2928188.0	19.688612836438924	5.488485971638221
2940263.0	18.84472049689441	6.812046326565866
2952338.0	17.431055900621118	7.0980532717391736
2964413.0	16.68902691511387	8.743077711395161
2976488.0	18.052091097308487	5.575062784557663
2988563.0	17.224761904761905	7.001082436273917
3000638.0	18.993788819875775	6.920895835933572
3012713.0	19.67536231884058	5.460166311484322
3024788.0	19.618385093167703	5.298423532095737
3036863.0	18.759420289855072	6.571586999620546
3048938.0	16.44165631469979	8.374530053870988
3061013.0	17.979544513457558	7.8207453590443965
3073088.0	20.0	0.0
3085163.0	19.257142857142856	4.488079449258576
3097238.0	16.829730848861285	8.13558499870916
3109313.0	19.26608695652174	4.321729965705902
3121388.0	15.695900621118012	8.687026570802114
3133463.0	17.55031055900621	7.703754025600539
3145538.0	16.471221532091096	8.411812654386994
3157613.0	16.87072463768116	8.101427423238196
3169688.0	19.641407867494824	5.399294486539973
3181763.0	18.706583850931676	6.284161298838029
3193838.0	16.746169772256728	8.58303975457247
3205913.0	12.954037267080745	10.410816162419826
3217988.0	18.949565217391303	6.965219717588652
3230063.0	16.715942028985506	7.889259412560533
3242138.0	18.130848861283646	5.764731780852945
3254213.0	18.03312629399586	5.479145480518596
3266288.0	17.96273291925466	7.690455486514575
3278363.0	14.949151138716356	9.857120052783655
3290438.0	17.594120082815735	7.793526006824356
3302513.0	19.535403726708076	4.979435972948708
3314588.0	18.384265010351967	5.979620323503033
3326663.0	19.160414078674947	4.152985406268494
3338738.0	16.944596273291925	8.850504424688378
3350813.0	18.17888198757764	5.849216471745025
3362888.0	19.436024844720496	5.000496869721988
3374963.0	18.97623188405797	7.078325473682822
3387038.0	19.589068322981365	5.279649589978549
3399113.0	19.115527950310558	4.313059757532892
3411188.0	20.0	0.0
3423263.0	16.777639751552794	8.46138470085722
3435338.0	19.504761904761907	5.13829450239812
3447413.0	18.515942028985506	6.397851606280304
3459488.0	13.977556935817805	10.053579031656124
3471563.0	18.683643892339546	6.257709117196574
3483638.0	16.38608695652174	8.304066204453713
3495713.0	19.140372670807455	4.378802695198569
3507788.0	19.648861283643893	5.415146306777826
3519863.0	20.0	0.0
3531938.0	20.0	0.0
3544013.0	16.35527950310559	7.771253499428581
3556088.0	18.4472049689441	6.496694493161434
3568163.0	19.42782608695652	4.983068641398202
3580238.0	14.61399585921325	9.387097439767274
3592313.0	18.588571428571427	6.082272376923013
3604388.0	19.618219461697723	5.233440808064171
3616463.0	18.89689440993789	6.773373762941564
3628538.0	15.380621118012423	8.769229092798726
3640613.0	19.989068322981367	6.182383306948647
3652688.0	9.94368530020704	10.732798361216235
3664763.0	14.027743271221532	8.740780413442776
3676838.0	15.483975155279504	8.646276379927675
3688913.0	19.272132505175982	4.275540719862811
3700988.0	18.979792960662525	6.806555115958721
3713063.0	17.66376811594203	7.493771050336766
3725138.0	19.666252587991718	5.44398922055696
3737213.0	20.0	0.0
3749288.0	19.050931677018635	3.4823304350390347
3761363.0	17.923726708074533	7.578043908714283
3773438.0	18.25175983436853	5.315035900655688
3785513.0	17.798757763975154	7.35790162723773
3797588.0	20.0	0.0
3809663.0	19.645879917184264	5.365675744067673
3821738.0	17.505507246376812	7.13634734413545
3833813.0	15.11552795031056	8.484915369046162
3845888.0	18.45383022774327	5.976406337609193
3857963.0	17.791304347826088	7.7583855655574965
3870038.0	20.0	0.0
3882113.0	19.52298136645963	5.178431139671841
3894188.0	18.977225672877847	7.087842797914633
3906263.0	16.83254658385093	8.592475884280747
3918338.0	19.47925465838509	4.9597886150107335
3930413.0	18.75594202898551	6.867066663056752
3942488.0	18.526708074534163	6.621065572607643
3954563.0	14.781035196687371	9.463185724584031
3966638.0	19.288198757763976	4.3038814394839635
3978713.0	18.19287784679089	5.876161618124442
3990788.0	18.366873706004142	5.720878184769268
4002863.0	15.611677018633541	9.047269471289578
4014938.0	15.669565217391304	9.113569161264037
4027013.0	16.678426501035197	8.255626100959306
4039088.0	19.305175983436854	4.4504076627191385
4051163.0	17.592546583850933	6.846177395272212
4063238.0	16.15569358178054	7.166334914561311
4075313.0	17.794616977225672	7.673325040962688
4087388.0	20.0	0.0
4099463.0	13.296894409937888	9.49086953628936
4111538.0	20.0	0.0
4123613.0	19.509151138716355	5.1178897048545196
4135688.0	14.155693581780538	9.044815954577182
4147763.0	19.21142857142857	4.003466406905588
4159838.0	19.66525879917184	5.4449018835732135
4171913.0	14.443643892339544	9.424974531930378
4183988.0	15.088198757763974	8.683174277184024
4196063.0	17.91577639751553	7.879737885941304
4208138.0	13.9127950310559	9.764752601819525
4220213.0	10.131180124223603	9.938952375734686
4232288.0	15.90857142857143	9.506249442756532
4244363.0	18.48695652173913	6.247457453851219
4256438.0	20.0	0.0
4268513.0	18.89689440993789	6.784344418773753
4280588.0	16.712215320910975	7.885904819614331
4292663.0	19.599834368530022	5.169131182729357
4304738.0	19.0351966873706	3.792561096243151
4316813.0	19.455072463768115	5.046081644067219
4328888.0	17.35983436853002	7.090453734528609
4340963.0	19.677846790890268	5.472226128292929
4353038.0	17.12182194616977	6.963418165425933
4365113.0	16.603726708074536	7.940555544812242
4377188.0	18.804140786749482	6.788883862563777
4389263.0	9.749068322981367	10.419224944649432
4401338.0	20.0	0.0
4413413.0	15.534492753623189	8.667055254865419
4425488.0	18.63031055900621	6.158399135910587
4437563.0	16.62360248447205	8.437096436173519
4449638.0	18.891097308488614	6.7684201544498945
4461713.0	19.28944099378882	4.4087716067795295
4473788.0	18.183850931677018	5.862821062206606
4485863.0	19.998674948240165	6.226032304836652
4497938.0	19.193374741200827	4.1793042304828285
4510013.0	20.0	0.0
4522088.0	14.187163561076604	8.512575036227991
4534163.0	20.0	0.0
4546238.0	17.19238095238095	6.601292300861089
4558313.0	18.36190476190476	6.051606908067661
4570388.0	16.881159420289855	8.656031059671871
4582463.0	19.693581780538302	5.499550141587435
4594538.0	18.683395445134575	6.544474381303379
4606613.0	14.655486542443064	8.813038524432212
4618688.0	19.657391304347826	5.417936624498365
4630763.0	19.222525879917185	4.379218758616403
4642838.0	19.889689440993788	5.973585749620953
4651302.0	19.000618174325158	3.2852253412761687
4657339.5	11.782885627250069	10.118845162182698
4666988.0	13.6703933747412	9.261282079479793
4679063.0	17.836853002070395	7.381421477112273
4691138.0	18.936645962732918	6.837964900111384
4703213.0	15.49664596273292	8.25513956226947
4715288.0	14.670144927536231	8.93152232809774
4722679.5	11.996676514032496	9.141086011585083
4728717.0	15.640866873065015	9.274798399003542
4739438.0	20.0	0.0
4751513.0	19.311635610766047	4.39963296041106
4763588.0	15.325383022774327	8.729185239656687
4775663.0	18.753871635610768	6.853709457901856
4787738.0	16.641821946169774	8.380001828270798
4799813.0	16.151635610766046	7.497118839278802
4811888.0	19.676190476190477	5.461940592047475
4819084.5	19.698015530629853	5.391969870596317
4825049.5	0.0	0.0
