#Position (bp)	Coverage	Std
6038.0	19.676853002070395	5.465601067682848
18113.0	9.065258799171843	9.77722032415557
30188.0	18.035942028985506	5.589431020277
42263.0	16.826252587991718	8.82280594606414
54338.0	20.0	0.0
66413.0	20.0	0.0
78488.0	20.0	0.0
90563.0	20.0	0.0
102638.0	15.017142857142858	8.178839535598454
114713.0	19.942277432712217	5.987855203483814
126788.0	17.681159420289855	7.870836176150615
138863.0	19.635031055900622	5.382249793203481
150938.0	20.0	0.0
163013.0	20.0	0.0
175088.0	19.82608695652174	5.629903889533373
187163.0	16.382028985507247	8.289048376102437
199238.0	20.00016563146998	0.08240685814387208
211313.0	20.000662525879918	0.16631432736408636
223388.0	19.025258799171844	4.0981235922340975
235463.0	20.0	0.0
247538.0	16.605383022774326	8.568564048606536
259613.0	19.923726708074533	6.005870144323485
271688.0	20.0	0.0
283763.0	19.924140786749483	5.992465939254582
295838.0	18.448530020703934	6.500173592203403
307913.0	17.885714285714286	7.78627023296692
319988.0	19.478012422360248	4.974735341545967
332063.0	19.930600414078675	6.031078928639405
344138.0	19.925217391304347	5.9789693538403
356213.0	20.0	0.0
368288.0	18.450600414078675	6.502663891141801
380363.0	20.0	0.0
392438.0	19.920828157349895	6.040244603112067
404513.0	16.41184265010352	8.250935074682461
416588.0	19.126293995859214	3.900023889081156
428663.0	19.62103519668737	5.096403960964373
440738.0	20.0	0.0
452813.0	19.998426501035198	6.231277547644335
464888.0	19.6463768115942	5.29218338391104
476963.0	20.0	0.0
489038.0	20.000082815734988	0.05827044820980982
501113.0	20.0	0.0
513188.0	18.45399585921325	6.507533458878756
525263.0	19.040662525879917	4.089758961649114
537338.0	20.0	0.0
549413.0	19.622028985507246	5.10474143254756
561488.0	19.993706004140787	6.189880207017393
573563.0	14.784596273291925	9.70626145264816
585638.0	18.99312629399586	7.214948824658639
597713.0	20.0	0.0
609788.0	16.554285714285715	8.505523719760706
621863.0	20.0	0.0
633938.0	18.961739130434783	7.152783992305353
646013.0	20.0	0.0
658088.0	18.86128364389234	6.908152233975788
670163.0	20.0	0.0
682238.0	19.941863354037267	6.064409290393243
694313.0	15.84008281573499	9.290650702517583
706388.0	19.512463768115943	5.110051800088322
718463.0	19.37656314699793	4.780446716307318
730538.0	19.999917184265012	6.242093135165042
742613.0	19.999917184265012	6.242093135165042
754688.0	18.057142857142857	5.659196147439732
766763.0	19.999751552795033	6.238947992225086
778838.0	19.76438923395445	5.5734359605002295
790913.0	18.40530020703934	6.377873241194542
802988.0	19.469399585921327	4.417366443255061
815063.0	1.0751966873706005	4.022339275908684
827138.0	0.0	0.0
839213.0	0.0	0.0
851288.0	0.0	0.0
863363.0	17.011180124223603	6.851691242156697
875438.0	20.0	0.0
887513.0	19.606293995859215	5.231509882641332
899588.0	19.99734989648033	6.212729868774292
911663.0	16.01407867494824	7.799718633774268
923738.0	19.651842650103518	5.391297335198807
935813.0	19.85399585921325	5.782002490057494
947888.0	19.900538302277432	5.911549561617639
959963.0	19.515610766045548	4.978346487279888
972038.0	19.629813664596274	5.375929791023354
984113.0	20.0	0.0
996188.0	19.96944099378882	6.148143519556128
1008263.0	18.117101449275363	5.849995133688761
1020338.0	17.07991718426501	7.1566616088105475
1032413.0	20.0	0.0
1044488.0	19.999751552795033	6.2370362447249255
1056563.0	19.971097308488613	6.153529176419965
1068638.0	8.838923395445134	10.054147398819268
1080713.0	8.963809523809523	9.889601791906713
1092788.0	19.961325051759836	6.076067159973232
1104863.0	14.132173913043479	9.227207944965112
1116938.0	0.0	0.0
1129013.0	0.0	0.0
1141088.0	0.0	0.0
1153163.0	18.559006211180126	6.768395683189894
1165238.0	19.638178053830227	5.388554698537487
1177313.0	19.030227743271222	4.109021534503622
1189388.0	20.0	0.0
1201463.0	19.970848861283645	6.123808879830214
1213538.0	16.212836438923397	8.179862158223465
1225613.0	14.709979296066253	9.764315815971813
1237688.0	16.199585921325053	7.8432785640662015
1249763.0	19.030227743271222	4.107408849069708
1261838.0	19.619875776397514	5.353097437364002
1273913.0	16.490931677018633	8.287564582437625
1285988.0	19.58550724637681	5.196981127196725
1298063.0	19.961739130434783	6.124579674596143
1310138.0	18.88231884057971	6.970401784344767
1322213.0	19.02774327122153	4.103475273078927
1334288.0	19.700289855072462	5.485520182901404
1346363.0	19.739792960662527	5.519316727898224
1358438.0	19.62385093167702	5.359637514395379
1370513.0	20.0	0.0
1382588.0	18.450766045548654	6.501428414477193
1394663.0	19.504347826086956	4.701975268817505
1406738.0	20.000082815734988	0.05827044820980982
1418813.0	18.83536231884058	6.843116261297296
1430888.0	19.918840579710146	5.951000750956783
1442963.0	19.92024844720497	5.965310347017318
1455038.0	19.95022774327122	6.064880405013946
1467113.0	19.586666666666666	5.201321698569346
1479188.0	19.9687784679089	6.110277124848189
1491263.0	19.97855072463768	6.175078477468813
1503338.0	16.382111801242235	8.300535042247434
1515413.0	20.0	0.0
1527488.0	19.999751552795033	6.244222174058689
1539563.0	19.012422360248447	7.254623713011675
1551638.0	19.99080745341615	6.183461545717787
1563713.0	20.0	0.0
1575788.0	19.916687370600414	5.955521821438611
1587863.0	19.0048033126294	3.972410025144369
1599938.0	19.7879917184265	5.689516711819968
1612013.0	19.982194616977225	6.189150996874432
1624088.0	14.845879917184265	9.63260508613021
1636163.0	19.67734989648033	5.418876599673077
1648238.0	20.0	6.2423452088140845
1660313.0	9.827826086956522	9.945974143155345
1672388.0	17.442981366459627	7.4979251788463195
1684463.0	19.010351966873706	3.7202261780347445
1696538.0	17.435693581780537	7.54756346682254
1708613.0	19.972173913043477	6.113820341802879
1720688.0	19.10608695652174	3.8626201429250093
1732763.0	16.06376811594203	7.996790246361749
1744838.0	20.0	0.0
1756913.0	20.0	0.0
1768988.0	20.0	0.0
1781063.0	17.8144099378882	7.928025087027558
1793138.0	20.0	0.0
1805213.0	17.634120082815734	7.785749045452068
1817288.0	15.92223602484472	9.37008587563477
1829363.0	17.68016563146998	7.6884091729541835
1841438.0	14.265010351966874	9.158995849379128
1853513.0	19.690020703933747	5.486139131236812
1865588.0	19.99685300207039	6.215961555047637
1877663.0	20.0	0.0
1889738.0	20.0	0.0
1901813.0	18.92753623188406	7.031629222577761
1913888.0	20.000828157349897	6.245064303700152
1925963.0	16.454989648033127	8.084194635122953
1938038.0	19.90741200828157	5.932379479938541
1950113.0	19.948985507246377	6.055266516677174
1962188.0	19.562070393374743	5.1956423850146445
1974263.0	13.665341614906833	9.786203158361715
1986338.0	19.954368530020705	6.102370309596519
1998413.0	16.324223602484473	8.190258314787146
2010488.0	19.714782608695653	5.600547148662283
2022563.0	19.928198757763976	6.023968688312046
2034638.0	18.780207039337473	6.778623079126121
2046713.0	18.86567287784679	7.111318363094402
2058788.0	20.0	0.0
2070863.0	19.991138716356108	6.179790746020149
2082938.0	19.81863354037267	5.7159686962619
2095013.0	19.99966873706004	6.2413368531337685
2107088.0	20.0	0.0
2119163.0	19.892339544513458	5.897341226380974
2131238.0	17.02111801242236	7.07642398373045
2143313.0	19.816149068322982	5.832123506603175
2155388.0	20.0	0.0
2167463.0	19.640414078674947	5.392264991553219
2179538.0	19.945507246376813	6.075678697529252
2191613.0	20.0	0.0
2203688.0	19.86062111801242	5.787356820242151
2215763.0	20.0	0.0
2227838.0	19.99527950310559	6.1840909895036
2239913.0	15.656149068322982	8.926425746319456
2251988.0	18.501035196687372	6.681825416027355
2264063.0	18.951552795031056	7.223506601301587
2276138.0	19.626997929606624	5.322291883227482
2288213.0	18.9064182194617	7.26331147492523
2300288.0	14.97623188405797	9.834817938952382
2312363.0	20.0	0.0
2324438.0	19.97167701863354	6.126783342022373
2336513.0	19.547080745341614	5.213662573729933
2348588.0	19.99768115942029	6.2138095055632805
2360663.0	16.822360248447204	8.817402330104468
2372738.0	17.455072463768115	7.574879482331232
2384813.0	19.2024016563147	4.657476902498658
2396888.0	19.810434782608695	5.820752478871599
2408963.0	17.436024844720496	7.548792288197627
2421038.0	20.0	0.0
2433113.0	19.031966873706004	3.7750625568973852
2445188.0	14.498467908902692	9.159443417954394
2457263.0	18.27080745341615	6.325799158181361
2469338.0	17.845383022774328	8.017868244123509
2481413.0	20.0	0.0
2493488.0	19.618219461697723	5.3498476207474726
2505563.0	20.0	0.0
2517638.0	19.88248447204969	5.908606909480952
2529713.0	20.0	0.0
2541788.0	19.999917184265012	6.242093135165042
2553863.0	9.836438923395445	10.490780730301388
2565938.0	14.467991718426502	9.447135247747537
2578013.0	19.532670807453417	4.897584649980711
2590088.0	20.0	0.0
2602163.0	18.326625258799172	5.9804097022728575
2614238.0	19.669482401656314	5.451544503543936
2626313.0	20.0	0.0
2638388.0	18.705093167701865	6.76630918289965
2650463.0	18.978219461697723	7.231115191663999
2662538.0	16.382277432712215	8.301143626467763
2674613.0	19.60033126293996	5.246858470506311
2686688.0	18.949151138716356	7.1661789039079755
2698763.0	16.81151138716356	8.766249035545883
2710838.0	19.847370600414077	5.759140722655943
2722913.0	20.0	0.0
2734988.0	20.0	0.0
2747063.0	17.88281573498965	8.086489000043596
2759138.0	20.000082815734988	0.05827044820980982
2771213.0	19.16952380952381	4.435495822160784
2783288.0	19.503105590062113	4.8602413694972215
2795363.0	19.523892339544513	4.94236764411619
2807438.0	19.629482401656315	5.37167635215471
2819513.0	19.99271221532091	6.190040755509242
2831588.0	15.753871635610766	9.200616596494692
2843663.0	19.999337474120082	6.235084064543596
2855738.0	19.894741200828157	5.926771908788051
2867813.0	19.99983436853002	6.24210640245298
2879888.0	19.560745341614908	4.945734511179554
2891963.0	0.0	0.0
2904038.0	0.0	0.0
2916113.0	10.076107660455486	9.988071560564872
2928188.0	20.0	0.0
2940263.0	19.812670807453415	5.794507287060133
2952338.0	18.922070393374742	7.118127792560451
2964413.0	17.412836438923396	7.611666973802967
2976488.0	18.446293995859214	6.293596601153732
2988563.0	17.78111801242236	7.855822964613302
3000638.0	20.0	0.0
3012713.0	19.446045548654244	5.007737284664136
3024788.0	19.861946169772256	5.837552452315985
3036863.0	20.0	0.0
3048938.0	16.60455486542443	8.567065832432109
3061013.0	18.91296066252588	7.007360814890447
3073088.0	19.97399585921325	6.131552986722492
3085163.0	19.579875776397515	5.154981108378891
3097238.0	18.449192546583852	6.500033444730011
3109313.0	20.0	6.2423452088140845
3121388.0	3.184099378881988	7.282305052228038
3133463.0	16.09242236024845	7.946039548948744
3145538.0	16.793623188405796	8.722878701233839
3157613.0	19.004223602484473	7.248799429402213
3169688.0	20.0	0.0
3181763.0	20.0	0.0
3193838.0	17.77209109730849	7.855917841638594
3205913.0	19.038674948240164	4.096082054690525
3217988.0	19.45606625258799	4.885513296024426
3230063.0	19.71561076604555	5.506532916627736
3242138.0	18.14633540372671	5.584576512504466
3254213.0	18.72770186335404	6.76160761018562
3266288.0	19.749896480331262	5.5703667300498605
3278363.0	15.5696066252588	8.904582764110765
3290438.0	17.89151138716356	8.123921173798724
3302513.0	19.86865424430642	5.8380276881653
3314588.0	19.773664596273292	5.655639007927549
3326663.0	19.866997929606626	5.758817166335419
3338738.0	17.777888198757765	7.905031550191549
3350813.0	19.04679089026915	4.15392253945209
3362888.0	20.0	6.2423452088140845
3374963.0	20.00016563146998	6.2428891225355985
3387038.0	19.999006211180124	6.22830645057194
3399113.0	19.998426501035198	6.224402654536187
3411188.0	19.99983436853002	6.244480792881887
3423263.0	18.068737060041407	5.652607086443034
3435338.0	20.0	0.0
3447413.0	19.958592132505174	6.113319131818116
3459488.0	19.972753623188407	6.124681087738449
3471563.0	19.99983436853002	6.239439110535393
3483638.0	16.384927536231885	8.30190678788312
3495713.0	20.0	0.0
3507788.0	19.88977225672878	5.910435729927055
3519863.0	19.643312629399585	5.39867325162829
3531938.0	20.0	0.0
3544013.0	18.069979296066254	5.653486071611457
3556088.0	18.959337474120083	7.15954241687607
3568163.0	19.947494824016562	6.050628357424435
3580238.0	16.382857142857144	8.302834458268324
3592313.0	20.0	0.0
3604388.0	20.000993788819876	0.20185475375854386
3616463.0	19.642484472049688	5.397169720676645
3628538.0	16.00265010351967	9.461365266821451
3640613.0	20.0	0.0
3652688.0	10.96231884057971	10.839869663751596
3664763.0	15.074285714285715	8.26770012908249
3676838.0	16.572587991718425	8.201777315845412
3688913.0	20.0	0.0
3700988.0	20.0	0.0
3713063.0	18.44894409937888	6.500358327438049
3725138.0	19.967701863354037	6.145758860130594
3737213.0	18.523892339544513	6.614082472763835
3749288.0	20.00016563146998	0.08240685814387208
3761363.0	19.89581780538302	5.882162388826921
3773438.0	19.94293995859213	6.0036151979565275
3785513.0	19.58103519668737	5.109014482804612
3797588.0	20.000082815734988	0.05827044820980982
3809663.0	20.0	0.0
3821738.0	18.99701863354037	7.251084019765438
3833813.0	15.66095238095238	9.08338642262298
3845888.0	19.999917184265012	6.2423452088140845
3857963.0	20.0	0.0
3870038.0	20.0	0.0
3882113.0	20.0	0.0
3894188.0	20.0	0.0
3906263.0	17.151304347826088	7.032412389540529
3918338.0	19.99983436853002	6.239439110535393
3930413.0	19.971180124223604	6.1151205869517105
3942488.0	18.975155279503106	7.1528071484921005
3954563.0	15.978302277432713	9.42636714304763
3966638.0	19.871635610766045	5.837297085730755
3978713.0	19.029399585921325	4.10851763830521
3990788.0	19.436604554865426	4.999229754336757
4002863.0	16.17432712215321	8.048841589426209
4014938.0	17.884472049689442	7.592488387688472
4027013.0	17.73913043478261	7.597117247758553
4039088.0	19.87991718426501	5.885906246241482
4051163.0	19.942691511387164	6.066989730437487
4063238.0	19.02111801242236	4.085068503598076
4075313.0	19.542857142857144	5.035682201856591
4087388.0	19.971014492753625	6.11136808544342
4099463.0	17.90086956521739	7.586181182092623
4111538.0	20.00016563146998	0.08240685814387208
4123613.0	19.98120082815735	6.1860458744723665
4135688.0	14.523643892339544	9.443904340501687
4147763.0	19.85159420289855	5.804125041280899
4159838.0	19.999585921325053	6.24377122330943
4171913.0	15.37639751552795	8.879860667028426
4183988.0	15.459544513457557	9.02942509788656
4196063.0	18.448861283643893	6.499141526364089
4208138.0	16.79544513457557	8.745715307045163
4220213.0	10.707246376811595	10.496739117035219
4232288.0	15.863271221532091	9.458296827758556
4244363.0	19.115527950310558	4.465788980855688
4256438.0	20.0	0.0
4268513.0	19.8824016563147	5.852280969552287
4280588.0	18.749482401656316	6.75388087193564
4292663.0	19.85631469979296	5.7490227813045385
4304738.0	20.0	0.0
4316813.0	20.0	0.0
4328888.0	19.029730848861284	4.088878011807778
4340963.0	19.780207039337473	5.577862187599379
4353038.0	17.43536231884058	7.547212338252777
4365113.0	18.547163561076605	6.2233714308944865
4377188.0	20.0	0.0
4389263.0	10.61407867494824	10.468262198548379
4401338.0	20.0	0.0
4413413.0	17.41863354037267	7.520687823704352
4425488.0	19.644223602484473	5.347478653562869
4437563.0	20.258053830227745	7.523544823291381
4449638.0	19.84447204968944	5.737032366360748
4461713.0	19.994865424430643	6.193825817769624
4473788.0	18.85416149068323	6.922582842343583
4485863.0	19.956604554865425	6.1012641666003775
4497938.0	20.0	0.0
4510013.0	20.0	0.0
4522088.0	16.017474120082817	7.674015741340625
4534163.0	19.946335403726707	6.076741798881137
4546238.0	20.0	0.0
4558313.0	19.505341614906833	5.157623154569832
4570388.0	17.843395445134576	8.154090540739897
4582463.0	20.0	0.0
4594538.0	20.0	0.0
4606613.0	17.339627329192545	7.3515846660056425
4618688.0	20.0	0.0
4630763.0	19.900952380952383	5.899426227495737
4642838.0	20.0	0.0
4651302.0	19.874304553884194	5.899896446160496
4657339.5	13.483107172528385	9.535973081374319
4666988.0	17.81664596273292	7.820824777927157
4679063.0	20.0	0.0
4691138.0	19.99983436853002	6.2418543191598825
4703213.0	19.024761904761906	3.4783090058780926
4715288.0	18.67751552795031	6.738296348570567
4722679.5	17.48781388478582	6.8777304232922685
4728717.0	15.83324436852781	9.441130325179142
4739438.0	19.95296066252588	6.073238312670144
4751513.0	19.671387163561075	5.3534068408175965
4763588.0	18.578302277432712	6.564986490393381
4775663.0	18.267080745341616	6.036733653981243
4787738.0	17.466666666666665	7.681900429118992
4799813.0	17.441490683229812	7.554829259127935
4811888.0	19.64861283643892	5.402890109199992
4819084.5	19.75625539257981	5.551041690362714
4825049.5	0.0	0.0
