#Position (bp)	Coverage	Std
6038.0	19.029730848861284	3.843512454997175
18113.0	8.11511387163561	9.603010225081652
30188.0	17.577639751552795	7.207432326795835
42263.0	15.635610766045549	8.92403180660514
54338.0	19.35569358178054	4.554459966896416
66413.0	19.70103519668737	5.514423023639362
78488.0	19.68447204968944	5.4796518001540635
90563.0	19.681987577639752	5.474344454358798
102638.0	14.281407867494824	8.991479748880835
114713.0	19.407867494824018	4.792704946471643
126788.0	16.563146997929607	8.29102136028411
138863.0	18.932505175983437	7.022059296971675
150938.0	19.349896480331264	4.550803628437098
163013.0	19.066666666666666	3.5201519824144043
175088.0	18.799171842650104	6.630127610574717
187163.0	15.255900621118013	8.333573495504131
199238.0	19.064513457556934	3.4985593012360074
211313.0	19.370600414078677	4.592594633302457
223388.0	17.283643892339544	7.073333704091799
235463.0	20.0	0.0
247538.0	15.534741200828158	8.98414061603533
259613.0	19.627163561076603	5.343109569883104
271688.0	18.81175983436853	6.662350569721743
283763.0	19.307163561076603	4.459405116813139
295838.0	17.669399585921326	7.771354737196452
307913.0	14.709068322981366	9.321592733932784
319988.0	16.469068322981368	7.721841250513809
332063.0	18.85217391304348	6.709123604802154
344138.0	15.746583850931676	8.50348850591252
356213.0	19.699378881987577	5.511568860528537
368288.0	17.514120082815737	7.298203074452095
380363.0	18.216977225672878	5.801163587143816
392438.0	18.78178053830228	6.501957023433452
404513.0	10.72463768115942	10.126667743434723
416588.0	17.283643892339544	6.8881811341945784
428663.0	19.646211180124222	5.3814419242676035
440738.0	18.98302277432712	7.0914289384604245
452813.0	18.39834368530021	5.99121510088673
464888.0	19.353209109730848	4.549966441302313
476963.0	20.0	0.0
489038.0	18.72496894409938	6.416877332456415
501113.0	17.74293995859213	7.87024693065487
513188.0	17.10310559006211	6.511127598864552
525263.0	16.16265010351967	7.330313701664021
537338.0	19.215403726708075	4.209139223412593
549413.0	20.0	0.0
561488.0	19.13209109730849	4.0572201316526275
573563.0	14.2072049689441	8.910365703899345
585638.0	16.363975155279505	7.44822293199663
597713.0	20.0	0.0
609788.0	15.69855072463768	9.144367758228151
621863.0	19.993540372670807	6.226005701726396
633938.0	16.7575983436853	8.253840313283524
646013.0	18.038757763975156	4.9920350638467
658088.0	13.693581780538302	9.056907730553046
670163.0	19.697722567287784	5.508021630080325
682238.0	18.321987577639753	6.256398794827354
694313.0	13.28496894409938	8.866897053312238
706388.0	18.362732919254658	5.8837460778744255
718463.0	18.568944099378882	6.486297070705363
730538.0	19.399585921325052	4.6662969389177515
742613.0	18.991138716356108	7.247679717236675
754688.0	12.454824016563148	9.240929748066245
766763.0	17.730186335403726	7.344766167966943
778838.0	18.12207039337474	5.560702102027661
790913.0	15.70351966873706	9.00268650955002
802988.0	13.685217391304349	9.502899198018563
815063.0	15.368861283643893	8.573028146122168
827138.0	13.112795031055901	8.708255049327667
839213.0	18.085217391304347	5.049461361512518
851288.0	17.67055900621118	7.253750368598158
863363.0	16.29648033126294	7.802043582163009
875438.0	19.367867494824015	4.58515021394851
887513.0	7.9540372670807455	9.634590889856549
899588.0	14.019875776397516	8.92321976260122
911663.0	14.361076604554865	9.195795240408502
923738.0	19.375569358178055	4.605236015424613
935813.0	18.951552795031056	7.04853331879546
947888.0	19.286625258799173	4.372121354054067
959963.0	17.518592132505177	7.326188878145366
972038.0	18.03296066252588	5.54305564093572
984113.0	18.19710144927536	5.776342126674045
996188.0	18.35776397515528	6.044020709379126
1008263.0	17.044968944099377	6.512539266819307
1020338.0	15.58592132505176	8.803025077642252
1032413.0	20.0	0.0
1044488.0	13.924637681159421	9.527604006004767
1056563.0	19.304347826086957	4.442491979694285
1068638.0	9.094906832298136	9.127303022004174
1080713.0	0.9791304347826087	2.852988698445466
1092788.0	18.10567287784679	5.097996196290393
1104863.0	16.053167701863355	7.555070418395526
1116938.0	17.226666666666667	6.716877170485957
1129013.0	5.495320910973085	8.509329917929726
1141088.0	14.077515527950311	8.657676496545744
1153163.0	18.294824016563147	6.156859192305088
1165238.0	19.257142857142856	4.632185537858221
1177313.0	17.01366459627329	6.158910123799784
1189388.0	20.0	0.0
1201463.0	19.591884057971015	5.163480617867882
1213538.0	15.094078674948241	8.283786453815813
1225613.0	14.494409937888198	9.620759128633257
1237688.0	11.7175983436853	10.266893869659356
1249763.0	17.52712215320911	7.674889819887449
1261838.0	20.0	0.0
1273913.0	15.720910973084885	9.09352828822666
1285988.0	18.814906832298135	6.756087662019671
1298063.0	19.961490683229815	6.126614377183214
1310138.0	17.81167701863354	7.612026008796354
1322213.0	16.03726708074534	7.531664008233456
1334288.0	19.373167701863355	4.609307354225178
1346363.0	17.6944099378882	6.855884114972306
1358438.0	18.54824016563147	6.034545135273085
1370513.0	20.0	0.0
1382588.0	17.66542443064182	7.501050306029266
1394663.0	17.914451345755694	7.4505741993903465
1406738.0	18.821532091097307	6.667569297072429
1418813.0	16.009109730848863	6.953796049864101
1430888.0	18.8144099378882	6.656605244021999
1442963.0	19.30351966873706	4.439508300977863
1455038.0	19.328364389233954	4.493998758869489
1467113.0	16.646625258799173	8.052200295982786
1479188.0	19.11801242236025	3.9951834354920224
1491263.0	18.438923395445133	6.279679014887681
1503338.0	15.000910973084887	8.026462444868347
1515413.0	18.91511387163561	6.807692640610833
1527488.0	19.586749482401657	5.292402461030697
1539563.0	18.52008281573499	6.609172370296441
1551638.0	18.507412008281573	6.102200668780928
1563713.0	18.73151138716356	6.465957998350971
1575788.0	19.31097308488613	4.450723997214261
1587863.0	18.23047619047619	5.957329288928787
1599938.0	19.438260869565216	4.988799048070487
1612013.0	18.021614906832298	4.701200234396778
1624088.0	13.544430641821947	9.674426813072218
1636163.0	16.336728778467908	7.570926191388023
1648238.0	18.79991718426501	6.758765491795444
1660313.0	2.77184265010352	6.5441073963457255
1672388.0	8.33175983436853	9.04183971459518
1684463.0	17.699378881987577	7.54479788697348
1696538.0	12.389068322981366	9.432185768123379
1708613.0	17.672463768115943	6.96571313077777
1720688.0	17.843478260869563	7.650994874347244
1732763.0	15.058053830227744	8.321236769042185
1744838.0	18.799503105590063	6.93549098454373
1756913.0	18.46608695652174	6.066300355241242
1768988.0	18.657556935817805	6.422037627403366
1781063.0	16.897722567287786	8.598377236275953
1793138.0	19.580952380952382	5.28966334489043
1805213.0	16.874285714285715	8.728824717702892
1817288.0	15.7575983436853	9.06723905147334
1829363.0	16.514285714285716	8.140230588703682
1841438.0	13.142443064182194	9.160324928463567
1853513.0	19.357349896480333	4.560747096548434
1865588.0	18.625258799171842	6.156657424432671
1877663.0	18.94873706004141	6.803190093267614
1889738.0	18.001987577639753	5.155888711541115
1901813.0	14.617805383022775	9.259748374474986
1913888.0	19.884306418219463	5.961810832775314
1925963.0	13.085465838509316	8.702556679138791
1938038.0	17.6983850931677	7.1849566793733715
1950113.0	18.624430641821945	6.261955852392164
1962188.0	20.0	0.0
1974263.0	13.557763975155279	9.699241181819618
1986338.0	17.17349896480331	5.734101253401882
1998413.0	16.0848033126294	7.779465458226228
2010488.0	18.901946169772256	6.819840741782115
2022563.0	19.38111801242236	4.590908289586656
2034638.0	16.71486542443064	7.9287614921355685
2046713.0	18.580538302277432	6.703912519132556
2058788.0	20.0	0.0
2070863.0	20.0	0.0
2082938.0	19.276687370600413	4.28197628566216
2095013.0	18.83064182194617	6.685220558294502
2107088.0	17.61672877846791	7.291215395677854
2119163.0	16.557018633540373	8.09171035056962
2131238.0	14.409937888198758	9.077754759299202
2143313.0	0.0	0.0
2155388.0	0.0	0.0
2167463.0	0.0	0.0
2179538.0	0.0	0.0
2191613.0	0.0	0.0
2203688.0	0.0	0.0
2215763.0	0.0	0.0
2227838.0	0.0	0.0
2239913.0	12.058302277432713	9.591827093829913
2251988.0	17.971014492753625	8.089422585325554
2264063.0	16.025258799171844	6.800468867041021
2276138.0	17.97209109730849	7.601231239484014
2288213.0	18.402236024844722	6.49845976336441
2300288.0	13.487370600414078	9.48976129089547
2312363.0	15.218219461697723	7.715323141652864
2324438.0	18.973167701863353	6.89820092367835
2336513.0	18.028985507246375	5.139543445900436
2348588.0	18.17631469979296	5.487173072081961
2360663.0	16.163975155279502	7.870883524320261
2372738.0	17.207453416149068	7.055561804771636
2384813.0	17.862525879917186	7.673184734851318
2396888.0	18.99047619047619	7.01329113811709
2408963.0	15.782360248447205	8.902857382055346
2421038.0	19.354865424430642	4.5557871644064525
2433113.0	18.86840579710145	7.024394052246945
2445188.0	11.00952380952381	8.950228145188909
2457263.0	16.595942028985508	8.135091280675805
2469338.0	16.233540372670806	7.805068162861559
2481413.0	19.33366459627329	4.510939084998976
2493488.0	17.342111801242236	6.629996455660469
2505563.0	19.37888198757764	4.613734110572932
2517638.0	17.864513457556935	7.236879324698488
2529713.0	19.342194616977224	4.527697141800401
2541788.0	19.694741200828158	5.503524186183696
2553863.0	10.288695652173914	10.13993192589071
2565938.0	14.183933747412008	8.997565808383426
2578013.0	19.650517598343686	5.41688946826379
2590088.0	19.427743271221534	4.984406325553671
2602163.0	16.49474120082816	7.658692405246347
2614238.0	19.927950310559005	6.023136894827331
2626313.0	19.377225672877845	4.614739191480167
2638388.0	17.909730848861283	7.8250487003954845
2650463.0	18.138053830227744	5.6790924536679706
2662538.0	15.720745341614906	9.092253203853343
2674613.0	18.56041407867495	6.194440839049852
2686688.0	16.700041407867495	7.907922489202716
2698763.0	16.391718426501036	8.237308451041416
2710838.0	20.0	0.0
2722913.0	19.686128364389234	5.483187176716371
2734988.0	20.0	0.0
2747063.0	16.577225672877848	8.299467417870249
2759138.0	18.40248447204969	5.850150853640613
2771213.0	18.258550724637683	5.750506323913266
2783288.0	14.80463768115942	9.418153476495926
2795363.0	13.945093167701863	9.279448116666018
2807438.0	18.224761904761905	5.577921576154586
2819513.0	18.052670807453417	5.924032536261363
2831588.0	15.156935817805383	8.376665805719119
2843663.0	17.495652173913044	6.602320942058647
2855738.0	18.31718426501035	5.626997919855855
2867813.0	20.0	0.0
2879888.0	17.77159420289855	7.1689403682929855
2891963.0	16.166459627329193	7.442299784808223
2904038.0	19.44712215320911	4.84094852365687
2916113.0	18.688033126293995	6.170268658730426
2928188.0	19.695238095238096	5.502696496905861
2940263.0	19.222360248447206	4.410424316333239
2952338.0	18.053002070393376	5.744166182708815
2964413.0	16.688198757763974	8.741988346391638
2976488.0	17.05896480331263	6.228406174797921
2988563.0	16.44438923395445	8.088823667442712
3000638.0	17.928778467908902	7.3136362612806245
3012713.0	20.0	0.0
3024788.0	19.634202898550726	5.327004526530166
3036863.0	16.685631469979295	7.663962075832119
3048938.0	15.84919254658385	9.195570091993764
3061013.0	17.579213250517597	7.102817800277139
3073088.0	20.0	0.0
3085163.0	19.255486542443066	4.483833393956773
3097238.0	16.844968944099378	8.14819773287295
3109313.0	19.274534161490685	4.369013798730669
3121388.0	12.89623188405797	9.85819120059111
3133463.0	17.542028985507248	7.691381533670031
3145538.0	16.479503105590062	8.420176891371556
3157613.0	17.233871635610765	6.445837406867817
3169688.0	19.999171842650103	6.2424646085687945
3181763.0	19.059792960662527	3.5199990589119796
3193838.0	16.83254658385093	8.586189498463193
3205913.0	13.817556935817805	9.677875988247232
3217988.0	16.431635610766044	8.328573381772497
3230063.0	16.259875776397514	7.242433046906501
3242138.0	18.5175983436853	6.606352423201815
3254213.0	17.740786749482403	7.516645434775574
3266288.0	17.96273291925466	7.80261144371645
3278363.0	14.721407867494824	9.491131307645302
3290438.0	17.262028985507246	7.168749757446282
3302513.0	17.88008281573499	7.9477955066892
3314588.0	17.15329192546584	6.192756070060503
3326663.0	19.156273291925466	4.141423325809749
3338738.0	17.029896480331264	6.85421693959802
3350813.0	18.18633540372671	5.861789804329811
3362888.0	16.787577639751554	8.469602203804097
3374963.0	18.8631884057971	6.726093313576607
3387038.0	19.277432712215322	4.361206739378732
3399113.0	18.8	6.828620805975482
3411188.0	19.03768115942029	3.4222146038831465
3423263.0	16.52505175983437	8.150692536212844
3435338.0	19.06567287784679	4.1169145615674845
3447413.0	17.59089026915114	7.0726311795004735
3459488.0	10.929937888198758	10.366936613156309
3471563.0	15.365631469979297	8.553158582601542
3483638.0	16.064430641821946	7.736878961587325
3495713.0	18.80496894409938	6.836983825202963
3507788.0	19.68944099378882	5.490251100164469
3519863.0	20.0	0.0
3531938.0	19.674534161490683	5.4583914541814185
3544013.0	16.092753623188404	7.244925403299809
3556088.0	18.130351966873707	5.7619584892178795
3568163.0	19.332919254658385	4.503470021663835
3580238.0	14.487453416149068	9.40078847845026
3592313.0	15.878260869565217	8.90965466052261
3604388.0	19.368115942028986	4.586260875689016
3616463.0	18.582525879917185	5.984687154000862
3628538.0	15.000910973084887	8.199515210635383
3640613.0	19.662691511387163	5.408742252467129
3652688.0	9.65904761904762	10.354127211434047
3664763.0	13.94832298136646	9.998074348754857
3676838.0	15.520165631469979	8.654064735078158
3688913.0	19.2207867494824	4.137852334988495
3700988.0	18.800828157349898	6.641422182999393
3713063.0	17.723395445134575	7.584068514860293
3725138.0	19.541863354037268	5.089240873726398
3737213.0	19.03287784679089	4.063889354715576
3749288.0	19.674534161490683	5.460757802393136
3761363.0	17.894824016563145	7.630824490293057
3773438.0	19.324223602484473	4.493648611851055
3785513.0	18.57888198757764	6.3012568991683535
3797588.0	19.687950310559007	5.488667036586328
3809663.0	19.348488612836437	4.395452195167182
3821738.0	16.926376811594203	8.173410406994098
3833813.0	14.804140786749482	9.597998411073258
3845888.0	18.250931677018635	5.6655290539982
3857963.0	17.792132505175985	7.759613018888155
3870038.0	19.683643892339546	5.477883256235397
3882113.0	18.594616977225673	6.527089592668746
3894188.0	18.668322981366458	6.498886670062076
3906263.0	16.84679089026915	8.593603476070662
3918338.0	19.485879917184263	4.973445011207331
3930413.0	18.75594202898551	6.867066663056752
3942488.0	18.551552795031057	6.662586743285315
3954563.0	15.114699792960662	8.326042359155975
3966638.0	19.24662525879917	3.982030028389782
3978713.0	18.535817805383022	6.635371681367706
3990788.0	18.798674948240166	6.7810721835556445
4002863.0	15.996687370600414	9.603851021925827
4014938.0	15.860041407867495	9.224510512916039
4027013.0	15.703188405797102	9.00751469113279
4039088.0	18.540124223602483	6.226637494888685
4051163.0	18.8703933747412	6.736901254235272
4063238.0	16.22360248447205	7.288540027672872
4075313.0	16.836770186335404	8.240585317610128
4087388.0	20.0	0.0
4099463.0	12.278260869565218	9.63349058165053
4111538.0	17.06774327122153	6.48944995069119
4123613.0	18.227246376811593	5.1924933873467545
4135688.0	14.164223602484473	9.050971374152887
4147763.0	19.214741200828158	3.953529230287943
4159838.0	19.99966873706004	6.243963544523754
4171913.0	14.454658385093168	9.440102115459903
4183988.0	15.367287784679089	9.000644099335256
4196063.0	18.53913043478261	6.641858603906417
4208138.0	14.332091097308489	8.952443944979033
4220213.0	9.606625258799172	10.220650552805692
4232288.0	15.942028985507246	9.548676645110454
4244363.0	19.16687370600414	4.581852762933446
4256438.0	19.692753623188405	5.497366205437596
4268513.0	18.90848861283644	6.8023257501215015
4280588.0	17.744927536231884	7.608619934553744
4292663.0	19.26832298136646	4.293410618750651
4304738.0	18.67966873706004	6.248405179546591
4316813.0	19.458385093167703	5.053625474328567
4328888.0	17.46335403726708	7.2349222095943775
4340963.0	19.66542443064182	5.445799186388343
4353038.0	16.159337474120083	7.753062575270899
4365113.0	13.919171842650103	9.59202999043863
4377188.0	18.813250517598345	6.655634764624845
4389263.0	10.168115942028985	10.035134964085536
4401338.0	20.0	0.0
4413413.0	14.824016563146998	9.3021692076028
4425488.0	19.00935817805383	6.897954808369091
4437563.0	16.046376811594204	7.311048390718567
4449638.0	17.454244306418218	6.838140509778224
4461713.0	20.0	0.0
4473788.0	18.189648033126293	5.871346712239104
4485863.0	18.441573498964804	6.427799355523274
4497938.0	18.381780538302277	5.6216087085504
4510013.0	19.264761904761905	4.256000513706595
4522088.0	15.099792960662526	8.148106259172499
4534163.0	19.141366459627328	4.070466269627341
4546238.0	15.620869565217392	8.615586049791762
4558313.0	17.865010351966873	7.678029207106209
4570388.0	17.130269151138716	7.042885489971048
4582463.0	19.692753623188405	5.497772935141722
4594538.0	18.582194616977226	6.29983732413457
4606613.0	13.9648033126294	9.56588139987747
4618688.0	19.672298136645963	5.448604205177605
4630763.0	18.33209109730849	5.930040726906885
4642838.0	19.893002070393376	5.981067438331002
4651302.0	19.901916340407993	5.970926884072112
4657339.5	11.807809471060647	10.19926094596126
4666988.0	10.73888198757764	9.421749210101797
4679063.0	19.335403726708076	4.5218219454114035
4691138.0	19.67287784679089	5.455659777009972
4703213.0	16.380124223602486	7.63306526240979
4715288.0	14.215403726708075	8.503770933110543
4722679.5	14.087887740029542	8.043181098677016
4728717.0	15.22835486281627	8.627809379798501
4739438.0	18.74086956521739	6.344466622875283
4751513.0	19.366459627329192	4.567116237259313
4763588.0	16.901863354037268	8.286235437312126
4775663.0	17.525962732919254	6.852670211451529
4787738.0	15.889026915113872	8.979641109273006
4799813.0	14.626418219461698	8.87017941282672
4811888.0	17.615900621118012	7.0554913785031665
4819084.5	19.71311475409836	5.431231386569783
4825049.5	10.70859342488556	9.548314403516352
