#Position (bp)	Coverage	Std
6038.0	19.665010351966874	5.450306276652421
18113.0	9.363312629399585	10.08762027515583
30188.0	19.167701863354036	4.427235489408139
42263.0	17.114699792960664	7.109000506312947
54338.0	20.0	0.0
66413.0	20.0	0.0
78488.0	20.0	0.0
90563.0	20.0	0.0
102638.0	15.115610766045549	8.26872678531003
114713.0	19.987329192546582	6.170147861897733
126788.0	17.817971014492752	8.024832060960856
138863.0	20.0	0.0
150938.0	20.0	0.0
163013.0	20.0	0.0
175088.0	19.918592132505175	5.922047097241476
187163.0	16.381614906832297	8.288503849685576
199238.0	20.0	0.0
211313.0	20.0	0.0
223388.0	19.151138716356108	4.389664125957291
235463.0	20.0	0.0
247538.0	17.1055900621118	7.096349628776067
259613.0	19.999089026915115	6.234506261363555
271688.0	20.0	0.0
283763.0	20.0	0.0
295838.0	18.428985507246377	6.467309097029594
307913.0	18.714285714285715	6.382137339374133
319988.0	20.155776397515528	3.4454639066591763
332063.0	20.0	0.0
344138.0	20.0	0.0
356213.0	19.999917184265012	6.242093135165042
368288.0	18.450683229813663	6.501931549288688
380363.0	19.101532091097308	3.6359147097254003
392438.0	20.0	0.0
404513.0	17.113871635610767	7.108010236614008
416588.0	20.0	0.0
428663.0	20.0	0.0
440738.0	20.0	0.0
452813.0	19.742194616977226	5.559912715104969
464888.0	20.0	0.0
476963.0	19.878592132505176	5.818319038942727
489038.0	20.0	0.0
501113.0	20.0	0.0
513188.0	18.96463768115942	7.248433828121942
525263.0	19.170351966873707	4.432526117766151
537338.0	20.0	0.0
549413.0	20.000082815734988	0.05827044820980982
561488.0	20.0	0.0
573563.0	15.527536231884058	8.947419443604561
585638.0	19.16190476190476	4.393548818612592
597713.0	20.0	0.0
609788.0	16.8944099378882	8.895901305736698
621863.0	20.0	0.0
633938.0	18.880828157349896	6.941637804129997
646013.0	20.0	0.0
658088.0	18.86128364389234	6.908032351768836
670163.0	20.0	0.0
682238.0	19.96182194616977	6.124735174061077
694313.0	16.196273291925465	8.072907942625354
706388.0	20.0	0.0
718463.0	19.650766045548654	5.215584228116705
730538.0	20.0	0.0
742613.0	20.0	0.0
754688.0	18.347826086956523	6.120460881981641
766763.0	19.78608695652174	5.6557415082623415
778838.0	19.731180124223602	5.520546976830778
790913.0	17.709896480331263	7.780306401541225
802988.0	0.0	0.0
815063.0	15.57664596273292	8.94335984405229
827138.0	20.385590062111802	5.978200564348578
839213.0	19.992629399585923	6.190060823777936
851288.0	19.44182194616977	4.899672528880797
863363.0	17.0607867494824	6.948887633101728
875438.0	20.0	0.0
887513.0	20.0	0.0
899588.0	20.0	0.0
911663.0	17.135486542443065	7.589602782318369
923738.0	20.0	0.0
935813.0	19.793706004140788	5.678290355948665
947888.0	19.979958592132505	6.182155580301067
959963.0	19.875445134575568	5.889971123390042
972038.0	20.0	0.0
984113.0	19.625258799171842	5.3626729221131155
996188.0	19.9455900621118	6.035423382309371
1008263.0	18.502525879917183	6.684167505239171
1020338.0	16.970600414078675	8.95076017221194
1032413.0	19.996604554865424	6.234386709192138
1044488.0	19.99983436853002	6.2418543191598825
1056563.0	20.0	0.0
1068638.0	14.906666666666666	11.221485602647931
1080713.0	14.968612836438924	12.882520618035901
1092788.0	19.998343685300206	6.226710645745355
1104863.0	17.966293995859214	8.194064407324802
1116938.0	19.97134575569358	6.123281438032893
1129013.0	19.234037267080744	4.050775045335018
1141088.0	18.191304347826087	6.200848135404036
1153163.0	18.56645962732919	6.780070661730143
1165238.0	20.0	0.0
1177313.0	18.79072463768116	6.805222692948491
1189388.0	20.0	0.0
1201463.0	19.970848861283645	6.12474193481782
1213538.0	16.227412008281572	8.196085517207774
1225613.0	14.807453416149068	9.938485748080707
1237688.0	17.09175983436853	7.00628525870122
1249763.0	19.17184265010352	4.436858605558026
1261838.0	20.0	0.0
1273913.0	16.690020703933747	8.742850376863103
1285988.0	19.595693581780537	5.247900102568878
1298063.0	19.961656314699795	6.124302470105606
1310138.0	10.033954451345755	9.965115135749164
1322213.0	10.795859213250518	10.702411639758223
1334288.0	19.76670807453416	5.603917588575383
1346363.0	19.864761904761906	5.852556907903454
1358438.0	20.0	0.0
1370513.0	20.0	0.0
1382588.0	19.17192546583851	4.437241229733727
1394663.0	19.86997929606625	5.834920221893289
1406738.0	20.0	0.0
1418813.0	18.925051759834368	6.996846376279138
1430888.0	19.992215320910972	6.186788836517732
1442963.0	20.0	0.0
1455038.0	19.99552795031056	6.213516289436202
1467113.0	20.0	0.0
1479188.0	20.0	0.0
1491263.0	20.0	0.0
1503338.0	16.381946169772256	8.300624836167904
1515413.0	20.0	0.0
1527488.0	20.0	0.0
1539563.0	19.17184265010352	4.436298608256089
1551638.0	19.641159420289856	5.393946457381012
1563713.0	20.0	0.0
1575788.0	19.895652173913042	5.917353501673539
1587863.0	19.165631469979296	4.4089124868577505
1599938.0	20.0	0.0
1612013.0	19.89449275362319	5.925926472279708
1624088.0	15.422774327122154	8.671769480407388
1636163.0	19.68215320910973	5.432400306023676
1648238.0	20.0	0.0
1660313.0	8.061614906832299	9.483899399829532
1672388.0	17.49383022774327	7.561157140840854
1684463.0	20.0	0.0
1696538.0	18.15734989648033	6.032692163636466
1708613.0	19.993706004140787	6.192782816005354
1720688.0	19.562732919254657	5.373926779080182
1732763.0	16.093250517598342	7.919355433126517
1744838.0	20.0	0.0
1756913.0	19.999917184265012	6.242093135165042
1768988.0	19.999917184265012	6.242093135165042
1781063.0	18.128612836438922	5.899882442594843
1793138.0	20.0	0.0
1805213.0	18.09449275362319	5.771243053000937
1817288.0	16.615072463768115	8.384116897388079
1829363.0	18.278509316770187	6.005746040855074
1841438.0	14.558674948240165	9.469821303908027
1853513.0	20.0	0.0
1865588.0	20.0	0.0
1877663.0	19.946583850931678	6.078928749475588
1889738.0	20.0	0.0
1901813.0	18.758923395445134	7.160357856817015
1913888.0	20.000662525879918	0.16481371628774416
1925963.0	16.113291925465838	7.646041209003013
1938038.0	19.98525879917184	6.166717586942139
1950113.0	19.948902691511385	6.051921652961294
1962188.0	20.0	0.0
1974263.0	15.281904761904762	8.667886520298849
1986338.0	19.960414078674948	6.086410209142533
1998413.0	16.393209109730847	8.322251845287878
2010488.0	19.97606625258799	6.142402602471516
2022563.0	20.0	0.0
2034638.0	19.17184265010352	4.436858605558026
2046713.0	19.461697722567287	5.048050686650207
2058788.0	20.0	0.0
2070863.0	20.0	0.0
2082938.0	19.83751552795031	5.767482200377999
2095013.0	19.999917184265012	6.242093135165042
2107088.0	20.0	0.0
2119163.0	19.92662525879917	6.018460214543025
2131238.0	17.157267080745342	7.249639100034247
2143313.0	0.0	0.0
2155388.0	0.0	0.0
2167463.0	0.0	0.0
2179538.0	0.0	0.0
2191613.0	0.0	0.0
2203688.0	0.0	0.0
2215763.0	0.0	0.0
2227838.0	0.0	0.0
2239913.0	12.870144927536233	10.454978902462294
2251988.0	18.87536231884058	7.220226936782079
2264063.0	19.302691511387163	4.8660313264060715
2276138.0	20.0	0.0
2288213.0	18.916107660455488	7.2773052596857655
2300288.0	15.088115942028985	8.35858369133502
2312363.0	20.0	0.0
2324438.0	20.0	0.0
2336513.0	19.526459627329192	5.175727712109332
2348588.0	19.999089026915115	6.229735678602971
2360663.0	17.12049689440994	7.117324967977293
2372738.0	18.178053830227743	6.067119406126664
2384813.0	18.869896480331263	7.213307233317879
2396888.0	19.580952380952382	5.4077239445879215
2408963.0	18.172256728778468	6.057351846076269
2421038.0	20.000082815734988	0.05827044820980982
2433113.0	19.972505175983436	6.128222733520349
2445188.0	16.252587991718425	7.8371362074259885
2457263.0	18.631884057971014	6.8747444898877665
2469338.0	18.157101449275363	5.999227003346446
2481413.0	19.94824016563147	6.084239559262334
2493488.0	20.0	0.0
2505563.0	20.0	0.0
2517638.0	19.884306418219463	5.900429854151993
2529713.0	20.0	0.0
2541788.0	20.0	0.0
2553863.0	10.298964803312629	10.164648681372858
2565938.0	14.459710144927536	9.438211396685817
2578013.0	20.000082815734988	0.05827044820980982
2590088.0	20.0	0.0
2602163.0	16.991469979296067	8.719778332130392
2614238.0	19.907826086956522	5.964130184803452
2626313.0	20.0	0.0
2638388.0	19.173250517598344	4.440039915512667
2650463.0	19.14890269151139	4.3557439291105515
2662538.0	14.622939958592132	9.609613888654783
2674613.0	12.231138716356108	9.823961916827203
2686688.0	18.864513457556935	7.01255307438867
2698763.0	16.653002070393374	8.699991670827265
2710838.0	20.0	0.0
2722913.0	20.0	0.0
2734988.0	20.0	0.0
2747063.0	18.17142857142857	6.0561896199025425
2759138.0	20.000082815734988	0.05827044820980982
2771213.0	18.965797101449276	7.058302014591933
2783288.0	19.523809523809526	4.942443046836404
2795363.0	19.499958592132504	4.883783958744854
2807438.0	19.72645962732919	5.460446898493102
2819513.0	20.0	0.0
2831588.0	17.12215320910973	7.1196517466649185
2843663.0	20.0	0.0
2855738.0	19.138053830227744	3.89522189652764
2867813.0	20.0	0.0
2879888.0	19.91246376811594	6.02160361904763
2891963.0	17.209855072463768	6.755621844141013
2904038.0	19.63561076604555	5.330835336326078
2916113.0	19.995942028985507	6.209163067929589
2928188.0	20.0	0.0
2940263.0	19.820041407867496	5.806086618536291
2952338.0	19.095238095238095	4.148675859495842
2964413.0	17.54120082815735	7.77470016996921
2976488.0	18.864596273291927	6.973181397265658
2988563.0	17.63511387163561	7.655101547996925
3000638.0	20.0	0.0
3012713.0	20.0	0.0
3024788.0	19.94592132505176	6.077062055781039
3036863.0	19.99966873706004	6.238709055824756
3048938.0	16.756687370600414	8.739984507569027
3061013.0	19.158923395445136	3.953822481513416
3073088.0	20.0	0.0
3085163.0	19.73855072463768	5.541964880906485
3097238.0	18.44894409937888	6.499377259546085
3109313.0	19.992629399585923	6.1876588588261
3121388.0	17.80968944099379	8.028092497669588
3133463.0	18.178053830227743	6.067119406126664
3145538.0	17.111387163561076	7.104339210001592
3157613.0	19.163643892339543	4.41759141067116
3169688.0	20.0	0.0
3181763.0	20.0	0.0
3193838.0	18.105341614906834	5.835324711852255
3205913.0	19.168530020703933	4.396356481287545
3217988.0	19.942277432712217	6.06309817010164
3230063.0	19.606542443064182	5.328885308724552
3242138.0	18.363561076604555	6.2065550067456785
3254213.0	18.850103519668735	6.947749386102746
3266288.0	19.94178053830228	6.086872818117176
3278363.0	15.913623188405797	9.368826331632908
3290438.0	18.178053830227743	6.067119406126664
3302513.0	19.92753623188406	6.017834088952041
3314588.0	19.75320910973085	5.611766697381361
3326663.0	19.89656314699793	5.9192215928287695
3338738.0	18.683229813664596	6.645099690484738
3350813.0	19.17184265010352	4.436298608256089
3362888.0	20.0	0.0
3374963.0	19.999917184265012	6.242093135165042
3387038.0	19.998674948240165	6.226271727713881
3399113.0	20.0	0.0
3411188.0	20.0	0.0
3423263.0	18.349813664596272	6.119621904719997
3435338.0	20.0	0.0
3447413.0	19.69109730848861	5.4874598240817205
3459488.0	19.99983436853002	6.244480792881887
3471563.0	19.999917184265012	6.242093135165042
3483638.0	16.38550724637681	8.30233572363277
3495713.0	20.0	0.0
3507788.0	20.0	0.0
3519863.0	20.0	0.0
3531938.0	20.0	0.0
3544013.0	18.322981366459626	6.079051358923581
3556088.0	18.4472049689441	6.496439540861945
3568163.0	19.6216149068323	5.354296276153985
3580238.0	16.088778467908902	7.763022185821506
3592313.0	20.0	0.0
3604388.0	19.923809523809524	6.009109716582093
3616463.0	20.00016563146998	0.08240685814387208
3628538.0	17.046873706004142	6.924251497394634
3640613.0	20.0	0.0
3652688.0	10.910973084886129	10.745503176181037
3664763.0	15.258467908902691	8.640944469504001
3676838.0	17.778053830227744	7.547014821253192
3688913.0	20.0	0.0
3700988.0	19.998260869565218	6.227708071681504
3713063.0	19.17184265010352	4.436298608256089
3725138.0	20.0	0.0
3737213.0	20.0	0.0
3749288.0	19.859792960662524	5.830099665683362
3761363.0	19.913457556935818	5.938232792308849
3773438.0	19.91354037267081	5.8994192085263455
3785513.0	20.0	0.0
3797588.0	20.000082815734988	0.05827044820980982
3809663.0	20.0	0.0
3821738.0	19.134824016563147	4.316610509878772
3833813.0	16.11304347826087	7.828873669945032
3845888.0	19.848944099378883	5.889057122224226
3857963.0	19.471966873706005	5.1960886707330225
3870038.0	20.0	0.0
3882113.0	20.000082815734988	0.05827044820980982
3894188.0	20.0	0.0
3906263.0	17.862277432712215	7.978885178748481
3918338.0	20.0	0.0
3930413.0	20.0	0.0
3942488.0	19.17184265010352	4.436858605558026
3954563.0	16.596190476190475	8.39136399210719
3966638.0	19.997267080745342	6.216048154445482
3978713.0	19.17184265010352	4.436858605558026
3990788.0	20.0	0.0
4002863.0	16.329606625258798	8.237368773244173
4014938.0	18.488530020703934	6.0946298868394715
4027013.0	18.385093167701864	5.9415510588992895
4039088.0	19.966045548654243	6.1380596606350695
4051163.0	20.0	0.0
4063238.0	19.17184265010352	4.436858605558026
4075313.0	19.875776397515526	5.891067737602999
4087388.0	20.0	0.0
4099463.0	18.012422360248447	5.087426143140042
4111538.0	20.000082815734988	0.05827044820980982
4123613.0	19.961242236024844	6.122983886718847
4135688.0	14.794285714285714	9.856279855401414
4147763.0	19.890269151138718	5.911871763094259
4159838.0	20.00033126293996	0.11654089641961964
4171913.0	15.069896480331263	8.500624748688322
4183988.0	15.688612836438923	9.348619543579707
4196063.0	19.17184265010352	4.436298608256089
4208138.0	17.099792960662526	7.088000532787441
4220213.0	10.892753623188407	10.728534348892317
4232288.0	16.795031055900623	8.704821252816066
4244363.0	19.476604554865425	5.21119196913052
4256438.0	19.99983436853002	6.244480792881887
4268513.0	19.85126293995859	5.7730293169898275
4280588.0	18.87991718426501	6.940140391537072
4292663.0	19.96712215320911	6.143063215764417
4304738.0	20.0	0.0
4316813.0	20.0	0.0
4328888.0	19.152795031055902	4.39343572078985
4340963.0	20.0	0.0
4353038.0	18.178053830227743	6.067119406126664
4365113.0	18.544927536231885	6.644164923918722
4377188.0	20.0	0.0
4389263.0	10.787577639751552	10.628797945002699
4401338.0	20.0	0.0
4413413.0	17.650517598343686	7.826667795330776
4425488.0	19.593291925465838	5.169011022259497
4437563.0	19.958592132505174	6.11433505523715
4449638.0	20.0	0.0
4461713.0	20.0	0.0
4473788.0	19.043395445134575	3.8542171251803077
4485863.0	19.998757763975156	6.226770495807071
4497938.0	20.0	0.0
4510013.0	20.0	0.0
4522088.0	17.092339544513457	7.077652697177459
4534163.0	20.0	0.0
4546238.0	20.0	0.0
4558313.0	19.561076604554867	5.370843763592388
4570388.0	17.995776397515527	8.336986362883584
4582463.0	20.0	0.0
4594538.0	20.0	0.0
4606613.0	17.537556935817804	7.663011100764163
4618688.0	20.0	0.0
4630763.0	20.0	0.0
4642838.0	20.0	0.0
4651302.0	19.89861941067381	5.962223961602606
4657339.5	14.26336194959845	9.325849883276955
4666988.0	18.26592132505176	5.623957920496149
4679063.0	20.0	0.0
4691138.0	20.0	0.0
4703213.0	19.0351966873706	3.5368980806811874
4715288.0	18.749730848861283	6.706524742374611
4722679.5	17.584564254062037	7.014255372758309
4728717.0	16.020070460125975	7.913930619746983
4739438.0	20.0	0.0
4751513.0	19.674699792960663	5.412285694503147
4763588.0	19.1720082815735	4.436690613789117
4775663.0	18.80215320910973	6.930031862474142
4787738.0	17.59006211180124	7.837558879686111
4799813.0	17.814906832298135	8.03274870513415
4811888.0	20.0	0.0
4819084.5	19.706212251941327	5.412373578020891
4825049.5	15.641281731169371	9.048305193961069
