#Position (bp)	Coverage	Std
6038.0	25.627494824016562	9.281018720410643
18113.0	11.940786749482402	15.148036928075106
30188.0	29.9975983436853	12.061629183104769
42263.0	25.84977225672878	14.468373447894663
54338.0	26.608447204968943	8.13021866166848
66413.0	27.034368530020704	7.100386365715819
78488.0	27.490848861283645	7.804293557369983
90563.0	24.455569358178053	8.09425325881303
102638.0	21.580041407867494	13.692076565025697
114713.0	22.33656314699793	8.389671260003674
126788.0	24.288530020703934	11.366271706464525
138863.0	26.985093167701862	11.491860473520255
150938.0	24.63552795031056	8.99757501261648
163013.0	26.79320910973085	10.031127537258062
175088.0	27.622691511387163	9.313588994506476
187163.0	21.67809523809524	12.863529584633497
199238.0	25.89913043478261	9.412730905831213
211313.0	27.26178053830228	7.849642947926862
223388.0	27.690683229813665	10.766380461425538
235463.0	28.919834368530022	10.06991295880603
247538.0	24.091014492753622	13.762923157172237
259613.0	26.104099378881987	7.604950986239526
271688.0	22.850517598343686	10.249092269052149
283763.0	27.266915113871637	9.232246125944686
295838.0	23.570020703933746	11.389057986591611
307913.0	19.763146997929606	12.116145995687733
319988.0	25.49209109730849	9.890012110433101
332063.0	25.220703933747412	8.038684935145952
344138.0	21.67743271221532	9.950315495898051
356213.0	29.014658385093167	6.67087858666401
368288.0	27.02128364389234	9.53306982508022
380363.0	24.06592132505176	6.471482273462164
392438.0	27.830393374741202	9.616858902743633
404513.0	17.85855072463768	14.649014410137147
416588.0	22.310724637681158	9.383236892222714
428663.0	25.07768115942029	7.002649602063164
440738.0	23.6192132505176	10.173334201650306
452813.0	26.784265010351966	8.806303031629453
464888.0	26.29134575569358	7.611563612104807
476963.0	25.547991718426502	10.086290225727113
489038.0	23.92753623188406	10.069715579034497
501113.0	25.036521739130436	8.890374444531295
513188.0	26.99734989648033	11.570899458802424
525263.0	24.311884057971014	12.222905558411838
537338.0	24.734906832298137	10.159502278283275
549413.0	30.532587991718426	7.699538853121314
561488.0	26.079171842650105	6.771233759460594
573563.0	19.028902691511387	12.64021319630461
585638.0	24.388571428571428	11.53275289052681
597713.0	26.744430641821946	8.623699829989674
609788.0	21.2664182194617	13.752677887172483
621863.0	0.012422360248447204	0.11145564251507056
633938.0	0.0	0.0
646013.0	0.0	0.0
658088.0	0.007453416149068323	0.08633316946034313
670163.0	0.021449275362318842	0.14645571126562065
682238.0	0.0	0.0
694313.0	4.1044306418219465	11.267461718673845
706388.0	27.40687370600414	7.729350370041271
718463.0	27.50525879917184	8.119052051266829
730538.0	28.420372670807453	7.855548868992307
742613.0	24.49366459627329	9.685116967968417
754688.0	14.841821946169773	11.649700766556649
766763.0	25.227163561076605	9.431825776281071
778838.0	24.403809523809525	9.76072749554233
790913.0	21.36016563146998	10.948246406565847
802988.0	0.011097308488612836	0.105343763406349
815063.0	17.34144927536232	11.948550853338828
827138.0	21.319171842650103	10.801272833514417
839213.0	25.8279917184265	10.393348725149528
851288.0	26.493913043478262	9.53919667959129
863363.0	22.224430641821947	11.052436659291946
875438.0	27.16190476190476	7.1456830848759605
887513.0	13.236935817805383	10.979219973273699
899588.0	19.87014492753623	13.343370962925533
911663.0	21.59561076604555	13.804398134924059
923738.0	28.01904761904762	7.229918286294875
935813.0	25.81871635610766	9.716251780097318
947888.0	23.624430641821945	10.533110567133612
959963.0	21.605879917184264	10.473379445939765
972038.0	24.679917184265012	10.290142823958961
984113.0	24.980124223602484	11.686817262307443
996188.0	25.719585921325052	10.177537886577097
1008263.0	25.886211180124224	12.65038399895082
1020338.0	25.597101449275364	13.691145073227041
1032413.0	27.958178053830228	9.170250758011107
1044488.0	16.968695652173913	11.006894131702232
1056563.0	25.58575569358178	8.579570322289682
1068638.0	14.720662525879916	12.155493607613
1080713.0	11.829813664596273	15.214477686169182
1092788.0	18.869399585921325	10.440516712977114
1104863.0	22.84902691511387	11.803505111586757
1116938.0	22.504430641821948	10.645991868170054
1129013.0	23.406045548654244	10.707154010190086
1141088.0	21.15966873706004	11.679402690419103
1153163.0	27.951387163561076	11.772600395953976
1165238.0	25.71966873706004	8.77936126748469
1177313.0	25.323561076604555	9.798026589663852
1189388.0	29.667494824016565	8.32256529969587
1201463.0	29.268819875776398	7.233079061659381
1213538.0	21.90741200828157	12.951481365666917
1225613.0	19.69821946169772	14.138448818369294
1237688.0	17.80215320910973	12.987243303058445
1249763.0	28.262443064182193	9.738021786943248
1261838.0	30.31478260869565	8.759713921796672
1273913.0	22.937805383022773	13.400562393562748
1285988.0	27.324057971014494	7.92247634707604
1298063.0	24.3392132505176	8.442517850763215
1310138.0	12.264679089026915	13.566177037776333
1322213.0	12.226169772256728	13.70639481407025
1334288.0	22.98608695652174	9.578045980434249
1346363.0	24.438260869565216	8.969153487688473
1358438.0	24.06095238095238	7.094435459763774
1370513.0	29.702277432712215	9.473983117340905
1382588.0	23.593871635610768	10.219252726789561
1394663.0	22.08472049689441	7.860707642297934
1406738.0	24.518674948240164	8.780389404533153
1418813.0	23.98873706004141	11.21005907346798
1430888.0	24.04223602484472	7.227340544471092
1442963.0	24.363561076604555	10.960444596625338
1455038.0	21.843809523809522	9.671370312768923
1467113.0	22.705341614906832	11.001735229218628
1479188.0	25.104016563147	6.8582150645511
1491263.0	23.89706004140787	10.615524394868762
1503338.0	19.617308488612835	12.943431629990883
1515413.0	27.512463768115943	7.559174426643583
1527488.0	25.87950310559006	9.202956586765373
1539563.0	24.67494824016563	10.011289693393744
1551638.0	27.276190476190475	9.076281286274552
1563713.0	23.993871635610766	11.68340118946693
1575788.0	26.3575983436853	9.084124891906752
1587863.0	23.829068322981367	10.397112993140569
1599938.0	23.735983436853	9.087351571945067
1612013.0	29.626583850931677	8.31926597335388
1624088.0	21.946501035196686	15.531873326386458
1636163.0	24.713374741200827	11.576849176395193
1648238.0	21.052587991718426	8.78765838881964
1660313.0	6.0760248447204965	9.127824727995732
1672388.0	12.49399585921325	9.597670524825574
1684463.0	12.288447204968945	6.74673450648795
1696538.0	16.618136645962732	11.892179520483705
1708613.0	23.332256728778468	7.768599533787033
1720688.0	22.646790890269152	10.664342396873984
1732763.0	22.10277432712215	12.394796209897367
1744838.0	26.214989648033125	7.4836191021072445
1756913.0	25.00248447204969	7.920223348378423
1768988.0	24.49349896480331	8.43512325623201
1781063.0	22.21664596273292	12.030120927231346
1793138.0	23.015486542443064	8.381340805981116
1805213.0	24.97167701863354	14.132505151718645
1817288.0	33.22807453416149	16.52278431912475
1829363.0	33.21937888198758	14.012526191559866
1841438.0	26.606128364389235	18.989800029910356
1853513.0	40.069482401656316	7.636747814630586
1865588.0	36.88198757763975	12.6008872802056
1877663.0	36.23734989648033	10.443915085773185
1889738.0	32.49374741200828	12.518365803956053
1901813.0	32.836687370600416	14.79776436586768
1913888.0	37.96563146997929	12.066736442153246
1925963.0	25.754782608695653	18.051486062602244
1938038.0	38.325383022774325	11.027866077702575
1950113.0	34.39403726708075	12.450448369286674
1962188.0	33.02277432712215	9.566786056201666
1974263.0	24.187080745341614	16.359258590012775
1986338.0	20.91768115942029	11.367823538755411
1998413.0	22.097391304347827	12.06087046084535
2010488.0	26.12273291925466	6.8272259734648895
2022563.0	24.763229813664598	9.77287834461866
2034638.0	22.808695652173913	12.24040419365376
2046713.0	26.3383850931677	8.9916547460667
2058788.0	25.125631469979297	6.828663252932168
2070863.0	24.43544513457557	8.282586687504384
2082938.0	24.968115942028984	10.380978783182941
2095013.0	24.839751552795033	9.295707952351114
2107088.0	21.55047619047619	10.770048953061716
2119163.0	21.08289855072464	8.798531780398546
2131238.0	20.299875776397517	12.573441397303625
2143313.0	0.02227743271221532	0.14925626523605406
2155388.0	0.0	0.0
2167463.0	0.025755693581780537	0.16048580492299167
2179538.0	0.02227743271221532	0.14925626523605406
2191613.0	0.0	0.0
2203688.0	0.0	0.0
2215763.0	0.0	0.0
2227838.0	0.014906832298136646	0.12209353913347194
2239913.0	17.805797101449276	14.892575998657064
2251988.0	21.48670807453416	10.847713023803262
2264063.0	18.806625258799173	10.387036035286664
2276138.0	24.134989648033127	7.113542329391855
2288213.0	25.50368530020704	9.667589018608114
2300288.0	18.78766045548654	12.876505319144417
2312363.0	21.60182194616977	9.442216113528408
2324438.0	22.387494824016564	7.076997409886801
2336513.0	26.55743271221532	8.94889562567665
2348588.0	22.67503105590062	9.473869478652887
2360663.0	21.1975983436853	12.011626527770924
2372738.0	24.78120082815735	12.15400827646028
2384813.0	25.83320910973085	10.723608366474204
2396888.0	25.87834368530021	10.17392029870032
2408963.0	21.20728778467909	10.64785867721477
2421038.0	26.059213250517598	6.967276365883021
2433113.0	25.374327122153208	8.442179420904365
2445188.0	15.13416149068323	12.062226514562425
2457263.0	22.27942028985507	10.448322995397353
2469338.0	19.605217391304347	11.764303658938347
2481413.0	23.428819875776398	7.725529724479059
2493488.0	23.310890269151137	8.751816138053043
2505563.0	24.371345755693582	8.139431919174317
2517638.0	24.45002070393375	9.168611500821815
2529713.0	25.03345755693582	5.8246993186952665
2541788.0	19.954699792960664	12.315224801227215
2553863.0	11.741863354037267	13.006760465441925
2565938.0	19.654658385093168	13.89802851800825
2578013.0	23.20728778467909	8.509962496845834
2590088.0	24.608198757763976	8.70277555021573
2602163.0	16.63006211180124	12.189925582803438
2614238.0	24.363229813664596	7.8484295748187884
2626313.0	21.346086956521738	8.236539304231172
2638388.0	23.516687370600415	9.201948663910843
2650463.0	23.718260869565217	11.094836804870459
2662538.0	18.243229813664595	12.34093325240732
2674613.0	14.862194616977225	13.738959429708647
2686688.0	23.106501035196686	8.694240258044188
2698763.0	21.02567287784679	10.520412968458754
2710838.0	24.805797101449276	9.840007911256055
2722913.0	24.507246376811594	8.367100118274788
2734988.0	25.839585921325053	9.870993959026132
2747063.0	21.562070393374743	11.80974787739079
2759138.0	22.48008281573499	9.852355185005838
2771213.0	23.48008281573499	9.227535532756379
2783288.0	21.126790890269152	7.359859797026304
2795363.0	15.095072463768116	9.197114499334647
2807438.0	22.353788819875778	8.435506148130962
2819513.0	19.187991718426503	8.482055104700265
2831588.0	17.962815734989647	12.074571607436248
2843663.0	22.229316770186337	9.476251235278648
2855738.0	24.751469979296065	10.879380082205275
2867813.0	26.53151138716356	9.652843690040143
2879888.0	25.264099378881987	8.503201199655452
2891963.0	23.317101449275363	11.637089986505957
2904038.0	20.62053830227743	8.652365968508384
2916113.0	21.30583850931677	8.266032166927435
2928188.0	27.890931677018635	9.219095314969959
2940263.0	25.56041407867495	8.885193676373449
2952338.0	27.031552795031057	9.18429661693404
2964413.0	21.892919254658384	12.866101318853271
2976488.0	22.0415734989648	9.947410370789278
2988563.0	22.372422360248446	12.271628980978479
3000638.0	24.08041407867495	9.005551542916871
3012713.0	23.100621118012423	7.498267570789066
3024788.0	25.293416149068324	7.330709110737689
3036863.0	24.313954451345754	9.044179579431757
3048938.0	23.865175983436853	13.955985232491606
3061013.0	21.612008281573498	10.153774196562706
3073088.0	28.325962732919255	6.984911274114108
3085163.0	26.15527950310559	6.814981669474947
3097238.0	22.71726708074534	11.09756095785243
3109313.0	25.58608695652174	8.75332530720454
3121388.0	15.88016563146998	12.619292469986746
3133463.0	25.091014492753622	10.499160964209517
3145538.0	22.95734989648033	12.77230764780208
3157613.0	23.751884057971015	10.07087512979469
3169688.0	24.861449275362318	8.781771068844261
3181763.0	23.65648033126294	8.150138765981957
3193838.0	21.77449275362319	11.80473288247138
3205913.0	20.822525879917183	13.055441580636955
3217988.0	22.718674948240167	12.097502437172363
3230063.0	23.8	9.668813925860775
3242138.0	23.286790890269152	9.46577577238574
3254213.0	24.188819875776396	9.298246679043737
3266288.0	22.28463768115942	9.432615984254749
3278363.0	21.20248447204969	12.781582894291455
3290438.0	22.506749482401656	12.262454268175235
3302513.0	22.888612836438924	11.110128182886356
3314588.0	20.763478260869565	11.235558017969348
3326663.0	23.735569358178054	8.997105584725098
3338738.0	26.739958592132506	10.40254786436445
3350813.0	24.40977225672878	10.386154982519324
3362888.0	20.752049689440994	10.582191376417372
3374963.0	24.364223602484472	8.668053719232658
3387038.0	24.44894409937888	8.433709350940962
3399113.0	22.339875776397516	8.362887551483501
3411188.0	23.260124223602485	7.4406304414652675
3423263.0	24.415238095238095	11.654874845336412
3435338.0	25.702939958592133	8.451963889048544
3447413.0	29.054989648033125	7.54629054802402
3459488.0	12.49672877846791	9.78406614402003
3471563.0	17.655238095238094	10.91704462544865
3483638.0	20.696066252587993	12.353050100719669
3495713.0	26.651677018633542	9.930628948075134
3507788.0	29.24472049689441	6.751164304155076
3519863.0	27.610269151138716	8.34720171060431
3531938.0	28.217888198757763	7.93557391329281
3544013.0	22.179710144927537	11.896249213160209
3556088.0	24.911966873706003	11.831662612060551
3568163.0	28.149648033126294	8.003974168153723
3580238.0	18.86343685300207	12.84920021517963
3592313.0	21.03991718426501	11.629084691670515
3604388.0	27.24753623188406	7.876174203432512
3616463.0	23.591469979296065	8.956527166373561
3628538.0	22.163064182194617	13.237909050331352
3640613.0	26.562070393374743	7.67443660640134
3652688.0	15.794285714285714	16.05405981173994
3664763.0	20.68430641821946	13.659260731339307
3676838.0	25.534906832298137	12.279869571268685
3688913.0	28.869896480331263	9.54448232525698
3700988.0	23.91552795031056	9.41581419399394
3713063.0	24.665010351966874	10.819287279006547
3725138.0	25.219627329192548	7.658238233199522
3737213.0	23.827246376811594	10.34153017579176
3749288.0	27.594120082815735	8.399536613463324
3761363.0	25.961656314699795	9.474560031192956
3773438.0	27.080662525879916	7.924848882702095
3785513.0	25.10310559006211	6.463101192046553
3797588.0	25.826832298136647	10.241012825170186
3809663.0	27.163809523809523	6.218585647349094
3821738.0	26.31536231884058	10.904866237623253
3833813.0	25.280910973084886	13.885613747729654
3845888.0	28.19743271221532	8.239886831118985
3857963.0	23.50633540372671	9.402043740646771
3870038.0	26.86285714285714	10.46247756762241
3882113.0	24.885548654244307	11.377857978280138
3894188.0	26.31826086956522	8.577219575840058
3906263.0	24.851014492753624	12.760300106156274
3918338.0	26.9975983436853	10.212045824279496
3930413.0	27.159089026915115	8.712809161129428
3942488.0	24.54351966873706	10.618613291770522
3954563.0	22.754451345755694	13.921397207429981
3966638.0	24.67726708074534	8.997188426720948
3978713.0	25.874948240165633	11.314327017512495
3990788.0	29.316356107660454	7.4488955925462035
4002863.0	24.7503933747412	13.960185918900548
4014938.0	21.03710144927536	11.448749784828506
4027013.0	17.733664596273293	11.781516913655452
4039088.0	24.38616977225673	9.00374893164045
4051163.0	25.754285714285714	9.25846040262176
4063238.0	25.975817805383024	11.438788393758502
4075313.0	26.415569358178054	10.329891900047489
4087388.0	27.3927950310559	7.584117653340445
4099463.0	20.292587991718428	11.892541636834867
4111538.0	22.464265010351966	11.068239305555863
4123613.0	26.346501035196688	7.943543024142158
4135688.0	20.02575569358178	13.538204510438582
4147763.0	27.26550724637681	8.528048959030377
4159838.0	24.66542443064182	9.318358291149574
4171913.0	18.957267080745343	13.944236771169471
4183988.0	22.0848033126294	13.366848147547199
4196063.0	27.759834368530022	10.767918765209993
4208138.0	24.913871635610764	14.416705860476409
4220213.0	14.59768115942029	15.348951448193658
4232288.0	25.251428571428573	13.327799058481908
4244363.0	29.927619047619046	10.51479486119843
4256438.0	24.97407867494824	10.00956478392348
4268513.0	23.96712215320911	11.972653450335143
4280588.0	25.631801242236026	11.200676554543616
4292663.0	26.40231884057971	8.422069991395146
4304738.0	26.47701863354037	8.201035131352196
4316813.0	27.67238095238095	8.501131333796188
4328888.0	24.44703933747412	11.015336570053266
4340963.0	28.402236024844722	8.047529615929017
4353038.0	22.011097308488612	11.559606976777237
4365113.0	19.149151138716356	10.139976845870143
4377188.0	28.488612836438925	8.221589515506757
4389263.0	13.63055900621118	14.497998719606302
4401338.0	26.22592132505176	8.78154945132381
4413413.0	20.154120082815734	11.03840463163016
4425488.0	26.516770186335403	9.579476854797147
4437563.0	29.130848861283646	9.07988015353091
4449638.0	22.606128364389235	10.36290166164194
4461713.0	26.328695652173913	7.676869617373559
4473788.0	23.857556935817804	11.732551027938829
4485863.0	22.538467908902692	10.502839998454053
4497938.0	25.03817805383023	7.870620475328913
4510013.0	27.525879917184266	8.892842633462017
4522088.0	21.46583850931677	13.112262526788752
4534163.0	24.133002070393374	9.855389167971698
4546238.0	21.42418219461698	8.631618893376658
4558313.0	21.335320910973085	10.018715405933698
4570388.0	20.521407867494823	10.736439759825231
4582463.0	24.94385093167702	10.272905528219288
4594538.0	25.93225672877847	9.516945766829739
4606613.0	20.35809523809524	11.527962224238864
4618688.0	27.21879917184265	7.115800515558711
4630763.0	23.44016563146998	10.334328409979054
4642838.0	28.276024844720496	10.063158726815184
4651302.0	24.64434370492479	10.407521571175423
4657339.5	25.79756300193852	18.718353705359256
4666988.0	28.420621118012424	16.534108043026325
4679063.0	38.72745341614907	12.620821469919038
4691138.0	37.88919254658385	13.873334119306769
4703213.0	34.403312629399586	16.747809102412436
4715288.0	33.408944099378886	17.156934868404523
4722679.5	27.159158050221567	17.027304512635773
4728717.0	20.590156933916944	12.920609013916017
4739438.0	22.154865424430643	8.4525125817179
4751513.0	22.21689440993789	7.060906281457642
4763588.0	22.601325051759833	10.581080032699173
4775663.0	22.957432712215322	11.15589140514904
4787738.0	14.084223602484473	10.18002753741491
4799813.0	21.453250517598345	10.955033255229687
4811888.0	21.934824016563148	8.829012967444102
4819084.5	26.67946505608283	8.008461875093856
4825049.5	4.129317519766958	3.7097401909896863
