#Position (bp)	Coverage	Std
6038.0	18.677018633540374	6.482970205971288
18113.0	7.7758178053830225	10.114376951548348
30188.0	17.56935817805383	7.192721188482014
42263.0	15.304347826086957	8.394008510955153
54338.0	19.346583850931676	4.530997449590844
66413.0	20.0	0.0
78488.0	20.0	0.0
90563.0	19.30103519668737	4.425626483590398
102638.0	14.263685300207039	8.97220922082613
114713.0	19.05010351966874	3.460824827784965
126788.0	16.85623188405797	8.784227348123435
138863.0	18.582691511387164	6.295182028359969
150938.0	19.61904761904762	5.229324861711764
163013.0	19.67536231884058	5.460166311484322
175088.0	18.93830227743271	6.839030599764373
187163.0	14.966542443064181	9.482672440011564
199238.0	19.6944099378882	5.501326773905722
211313.0	19.07246376811594	3.5393440807216137
223388.0	17.283643892339544	7.073333704091799
235463.0	20.0	0.0
247538.0	15.46583850931677	8.729716508029284
259613.0	19.297805383022773	4.410659025982204
271688.0	18.669979296066252	6.4309294042207
283763.0	19.195859213250518	4.500701578620042
295838.0	18.136894409937888	5.774183996735586
307913.0	15.314285714285715	8.640541927640456
319988.0	16.467412008281574	7.7193741365502815
332063.0	18.855486542443064	6.712134803710991
344138.0	15.358674948240166	8.082898645758114
356213.0	20.0	0.0
368288.0	17.677101449275362	7.518402543864902
380363.0	18.257556935817806	5.875139749890665
392438.0	18.491097308488612	5.822310200105504
404513.0	10.31055900621118	9.637693426104057
416588.0	17.28944099378882	6.896051620333953
428663.0	19.629151138716356	5.298157811020374
440738.0	18.98302277432712	7.0914289384604245
452813.0	18.069565217391304	5.160689122134844
464888.0	19.01614906832298	3.3620337924435115
476963.0	19.618053830227744	5.22094047674341
489038.0	18.76472049689441	6.485926793975675
501113.0	18.11975155279503	5.866549029500046
513188.0	17.393788819875777	6.9486075582039915
525263.0	17.133250517598345	6.386275397879186
537338.0	18.370186335403726	5.866718426272708
549413.0	20.0	0.0
561488.0	19.43271221532091	4.99386787531545
573563.0	14.06592132505176	8.738160283181784
585638.0	16.467743271221533	7.590982991307985
597713.0	20.0	0.0
609788.0	15.73167701863354	9.183769101345717
621863.0	19.397018633540373	4.710711990072853
633938.0	16.838012422360247	8.219579714512768
646013.0	19.04927536231884	3.5169745138184942
658088.0	13.95511387163561	9.473760209398167
670163.0	20.0	0.0
682238.0	18.104430641821946	5.211716375402614
694313.0	13.24944099378882	8.816904523869065
706388.0	18.158178053830227	5.351263854896384
718463.0	18.436687370600414	6.094174661372334
730538.0	19.391304347826086	4.64530752346684
742613.0	18.973084886128365	7.088368567173927
754688.0	13.048281573498965	8.583575244334687
766763.0	18.429399585921324	5.822957349846952
778838.0	18.841656314699794	6.654894367878355
790913.0	17.712298136645963	7.78674884383308
802988.0	0.0	0.0
815063.0	14.335734989648033	9.144471907093779
827138.0	12.693333333333333	9.544898803429078
839213.0	18.691180124223603	6.190375218160439
851288.0	17.637267080745342	7.133166925943536
863363.0	16.07784679089027	7.4938649855972335
875438.0	19.701780538302277	5.513882348284611
887513.0	8.465341614906832	9.372701650638627
899588.0	14.792132505175983	9.572168940186007
911663.0	15.048447204968944	8.564334538477377
923738.0	19.392132505175983	4.647428550554079
935813.0	18.63271221532091	6.386307817215818
947888.0	18.933498964803313	6.888415576251098
959963.0	17.815652173913044	7.708461109119476
972038.0	17.23958592132505	6.661722804548213
984113.0	18.027329192546585	5.226639835989781
996188.0	18.47784679089027	6.028723517161558
1008263.0	17.13159420289855	6.663276570755943
1020338.0	15.552215320910973	8.741211498866098
1032413.0	20.0	0.0
1044488.0	14.746335403726707	9.240078334032003
1056563.0	19.269730848861283	4.204335729148593
1068638.0	10.070227743271221	9.594719044368766
1080713.0	4.14360248447205	6.587408781254261
1092788.0	18.455486542443065	5.86212886803288
1104863.0	16.31304347826087	7.959264820341843
1116938.0	17.562898550724636	7.214828300937473
1129013.0	5.495320910973085	8.509699739005667
1141088.0	14.865424430641822	9.79956478519817
1153163.0	18.200496894409937	5.993101624429984
1165238.0	19.246376811594203	4.605379876787997
1177313.0	17.63975155279503	7.466524325765396
1189388.0	20.0	0.0
1201463.0	19.651180124223604	5.335462825386063
1213538.0	15.628985507246377	9.144503604339178
1225613.0	14.488612836438923	9.61382717120746
1237688.0	11.958592132505176	10.307315137397076
1249763.0	17.514699792960663	7.656253617905935
1261838.0	20.0	0.0
1273913.0	15.700207039337474	9.07368045605715
1285988.0	18.751138716356106	6.6561200220107235
1298063.0	19.64505175983437	5.3137658642864105
1310138.0	17.821780538302278	7.625613371792872
1322213.0	15.581614906832298	8.561307343907998
1334288.0	19.32016563146998	4.475153397326916
1346363.0	17.984099378881986	7.600092622297101
1358438.0	18.855486542443064	6.723217705436868
1370513.0	20.0	0.0
1382588.0	17.677018633540374	7.515962309710833
1394663.0	19.009275362318842	6.972177775986394
1406738.0	18.821532091097307	6.667569297072429
1418813.0	16.265010351966875	7.458861640842098
1430888.0	19.16935817805383	4.139383136848194
1442963.0	19.677018633540374	5.470848776506597
1455038.0	18.631884057971014	6.166361695777095
1467113.0	16.94360248447205	8.337269463787363
1479188.0	19.14633540372671	4.039238187403109
1491263.0	19.13101449275362	4.0296931025867435
1503338.0	16.08215320910973	7.763459560519785
1515413.0	18.910144927536233	6.798830736154709
1527488.0	19.60165631469979	5.324695385877106
1539563.0	18.508902691511388	6.52367562692231
1551638.0	17.422360248447205	6.578929916071435
1563713.0	19.10136645962733	3.9215284128981787
1575788.0	19.638757763975157	5.327774017677256
1587863.0	17.57689440993789	7.210310078531397
1599938.0	18.587660455486542	6.30653806459998
1612013.0	19.069979296066254	3.576053320337449
1624088.0	13.563561076604556	9.710104446626167
1636163.0	16.527950310559007	8.160461156944248
1648238.0	17.919089026915113	7.537983870250544
1660313.0	2.238095238095238	5.607485384692903
1672388.0	9.960910973084886	10.029500998013368
1684463.0	18.500124223602484	6.402852625129713
1696538.0	12.951138716356107	9.757961128382444
1708613.0	19.07561076604555	3.4579520980220844
1720688.0	18.10351966873706	5.073619507494851
1732763.0	15.471801242236024	8.9127215010268
1744838.0	19.11784679089027	4.451542640934485
1756913.0	18.348654244306417	5.53037162873951
1768988.0	18.012256728778468	4.843625081872814
1781063.0	16.858467908902693	8.491603452384394
1793138.0	19.581780538302276	5.2914634952274815
1805213.0	17.201407867494822	7.038339254518621
1817288.0	15.642070393374741	8.885608435390385
1829363.0	16.168115942028987	7.5266042978709065
1841438.0	13.274948240165632	9.296353834540573
1853513.0	19.683643892339546	5.481042049297721
1865588.0	18.622774327122155	6.15201493696814
1877663.0	18.578302277432712	6.058630037360479
1889738.0	17.96472049689441	7.410858800257221
1901813.0	14.961159420289855	9.757990832808138
1913888.0	19.335817805383023	4.475551251657298
1925963.0	13.943188405797102	9.932846987413141
1938038.0	18.35064182194617	5.689785988617961
1950113.0	19.01217391304348	6.874648118229937
1962188.0	20.0	0.0
1974263.0	13.559751552795031	9.703526498187925
1986338.0	19.659296066252587	5.4205880056615765
1998413.0	16.082981366459627	7.7733738887890125
2010488.0	19.178053830227743	4.191206411061646
2022563.0	19.974741200828156	6.1737975669368605
2034638.0	17.66840579710145	7.499046178133626
2046713.0	18.5879917184265	6.716686060522019
2058788.0	19.6944099378882	5.500920306967051
2070863.0	20.0	0.0
2082938.0	18.966459627329193	6.806780202766832
2095013.0	18.789316770186336	6.608884164250448
2107088.0	18.38128364389234	6.191585821875363
2119163.0	15.682070393374742	8.336330723878952
2131238.0	14.579958592132504	9.453265234959002
2143313.0	16.5175983436853	7.55121094590016
2155388.0	17.068737060041407	5.543010819410275
2167463.0	19.27561076604555	4.376390639677394
2179538.0	19.365548654244307	4.585348888649784
2191613.0	18.796687370600413	6.823913620602863
2203688.0	18.78857142857143	6.550141053907692
2215763.0	19.686128364389234	5.483972506435982
2227838.0	18.554037267080744	6.028682306438688
2239913.0	15.676853002070393	8.986896372954318
2251988.0	18.25175983436853	6.089083331488033
2264063.0	16.65590062111801	7.7464371026091134
2276138.0	19.093498964803313	3.681985691653404
2288213.0	18.075859213250517	5.905228058805269
2300288.0	13.493333333333334	9.491340719531898
2312363.0	15.662939958592132	8.395221947798346
2324438.0	19.3151966873706	4.4181818956376135
2336513.0	18.064016563146996	5.2142264383028545
2348588.0	18.899213250517597	6.970817608906862
2360663.0	16.149068322981368	7.848735573550665
2372738.0	17.53871635610766	7.686750182254478
2384813.0	18.193788819875778	5.7535874127314734
2396888.0	19.248861283643894	4.466141312079332
2408963.0	15.523975155279503	8.605400586530436
2421038.0	19.621697722567287	5.3577366130584325
2433113.0	18.374824016563146	5.857026711972714
2445188.0	11.997101449275362	10.309544513436768
2457263.0	17.62848861283644	7.700334751132777
2469338.0	16.194285714285716	7.706113300141452
2481413.0	19.648033126293996	5.410020608220125
2493488.0	18.123395445134577	5.56549559346049
2505563.0	19.6944099378882	5.500920306967051
2517638.0	17.551635610766045	6.59357237674469
2529713.0	19.690269151138715	5.492030740656386
2541788.0	19.696066252587993	5.504878318383347
2553863.0	9.528530020703935	10.072581318109965
2565938.0	14.414906832298136	9.390581599364713
2578013.0	19.68455486542443	5.4802487438067855
2590088.0	19.44016563146998	5.012985208828541
2602163.0	15.889855072463767	9.060994145612959
2614238.0	19.563229813664595	4.9938181246114395
2626313.0	18.53904761904762	6.0103086047065455
2638388.0	18.229482401656316	5.941376826303184
2650463.0	18.17250517598344	5.822324423949818
2662538.0	14.64	9.629698713276994
2674613.0	11.343354037267082	9.819758676031023
2686688.0	17.639668737060042	7.552016992997689
2698763.0	16.658964803312628	8.707185105633629
2710838.0	20.0	0.0
2722913.0	20.0	0.0
2734988.0	20.0	0.0
2747063.0	16.740372670807453	8.574699168980176
2759138.0	18.440745341614907	5.911703660166965
2771213.0	18.64703933747412	6.588496154168945
2783288.0	15.466335403726708	8.579058715686996
2795363.0	14.047867494824017	7.982952851663605
2807438.0	18.35312629399586	5.6165387247286755
2819513.0	18.062111801242235	5.8811274816557555
2831588.0	15.16935817805383	8.392962644154315
2843663.0	18.10103519668737	4.968788713926556
2855738.0	16.897391304347828	7.876868144118854
2867813.0	19.05010351966874	3.997670128916009
2879888.0	18.43312629399586	5.945828608931717
2891963.0	16.018136645962734	7.226274809267055
2904038.0	19.372256728778467	4.596830305904674
2916113.0	19.645465838509317	5.2642628893431915
2928188.0	20.0	0.0
2940263.0	19.54616977225673	5.349212902376222
2952338.0	17.76472049689441	7.721256723035619
2964413.0	16.688198757763974	8.741988346391638
2976488.0	18.03271221532091	5.50347904270553
2988563.0	16.756438923395446	8.403637189480657
3000638.0	17.824430641821944	7.193435010228201
3012713.0	19.68447204968944	5.4796518001540635
3024788.0	20.0	0.0
3036863.0	18.080662525879916	5.2352523811965375
3048938.0	16.215652173913043	7.990304684059262
3061013.0	18.116853002070393	5.38013368879592
3073088.0	20.0	0.0
3085163.0	19.298550724637682	4.578869461849095
3097238.0	16.682898550724637	7.856581948734721
3109313.0	19.10575569358178	3.7865294641693708
3121388.0	13.267660455486542	8.739970294305445
3133463.0	17.234782608695653	7.097703241496353
3145538.0	16.49606625258799	8.443062252941127
3157613.0	17.182608695652174	6.427844449347723
3169688.0	19.368944099378883	4.593009360936248
3181763.0	19.342443064182195	4.529845814770084
3193838.0	16.79942028985507	8.38860017144928
3205913.0	13.808695652173913	9.54657754680403
3217988.0	17.248033126293997	7.1632429589844975
3230063.0	16.265010351966875	7.301220862770592
3242138.0	18.11262939958592	5.671373030377162
3254213.0	17.659958592132504	7.582364850676763
3266288.0	17.607287784679087	7.022949661372334
3278363.0	14.930931677018634	9.837693176722757
3290438.0	16.65432712215321	8.10965735669912
3302513.0	17.674285714285713	7.422956948216287
3314588.0	17.149565217391306	6.347963922608012
3326663.0	19.156273291925466	4.141423325809749
3338738.0	16.947908902691513	8.85087870384787
3350813.0	17.56712215320911	7.346446021794397
3362888.0	17.503105590062113	7.468442926845782
3374963.0	18.97871635610766	7.082360790621304
3387038.0	19.589068322981365	5.279649589978549
3399113.0	19.12712215320911	4.343863618797942
3411188.0	19.368115942028986	4.586278933007213
3423263.0	15.907246376811594	8.932852803738038
3435338.0	19.06567287784679	4.1169145615674845
3447413.0	17.60496894409938	7.096081209373289
3459488.0	11.490186335403727	9.931904798136895
3471563.0	16.38832298136646	8.262063768972453
3483638.0	16.078509316770187	7.756431913247529
3495713.0	18.48016563146998	6.136905971809599
3507788.0	20.0	0.0
3519863.0	19.609937888198758	5.335105813127524
3531938.0	20.0	0.0
3544013.0	15.773084886128364	8.629867726519663
3556088.0	17.424927536231884	6.976974849734677
3568163.0	19.30633540372671	4.442678393080896
3580238.0	14.40712215320911	9.170643594303915
3592313.0	15.278095238095238	7.655599176926911
3604388.0	19.923809523809524	6.009109716582093
3616463.0	18.9503933747412	6.795931068590008
3628538.0	15.069068322981366	8.24295671490071
3640613.0	19.008198757763974	3.2700535955238346
3652688.0	9.650186335403726	10.347242358746692
3664763.0	13.32248447204969	9.169903061276555
3676838.0	15.523229813664596	8.65594495261923
3688913.0	19.214989648033125	4.133907660626182
3700988.0	18.824016563146998	6.6813544206552855
3713063.0	17.34409937888199	6.872485423820201
3725138.0	19.631469979296067	5.3430165718399705
3737213.0	19.397929606625258	4.7898183940987975
3749288.0	19.01366459627329	3.354586489807404
3761363.0	17.796190476190475	7.406158256763328
3773438.0	19.622525879917184	5.276323144134092
3785513.0	18.530020703933747	6.20981657910842
3797588.0	19.0024016563147	6.8931748282812695
3809663.0	19.639668737060042	5.349514790017205
3821738.0	17.916687370600414	7.867410569451869
3833813.0	15.11055900621118	8.478471091517
3845888.0	18.25175983436853	5.667239040633922
3857963.0	17.786004140786748	7.746495901874859
3870038.0	19.358509316770185	4.568330989883098
3882113.0	18.479337474120083	6.225160993868829
3894188.0	18.866418219461696	6.8418877929580635
3906263.0	16.492919254658386	8.009228631473917
3918338.0	19.83776397515528	5.869978361351336
3930413.0	18.751055900621118	6.858770510758809
3942488.0	18.22310559006211	5.930250205077692
3954563.0	14.429233954451346	8.93279717806414
3966638.0	19.35014492753623	4.457538337819012
3978713.0	18.537474120082816	6.638241678938158
3990788.0	18.80695652173913	6.795102364870474
4002863.0	15.445797101449275	8.860702550556642
4014938.0	16.050517598343685	7.897112715034176
4027013.0	16.05879917184265	6.986837669584004
4039088.0	18.47718426501035	5.972996515200759
4051163.0	19.18343685300207	4.158764349055268
4063238.0	16.208695652173912	7.278511439742877
4075313.0	16.63006211180124	7.8076673044552845
4087388.0	19.70103519668737	5.515113809456969
4099463.0	12.54600414078675	9.833314734866786
4111538.0	17.261863354037267	6.708271832080517
4123613.0	18.568364389233956	6.041519559856815
4135688.0	13.848447204968943	9.998612740214437
4147763.0	19.241242236024846	4.070751096880482
4159838.0	19.36712215320911	4.591494522066838
4171913.0	14.445300207039338	9.426995288300056
4183988.0	15.088198757763974	8.683174277184024
4196063.0	18.525879917184266	6.618876325292972
4208138.0	14.008281573498964	8.42527991314869
4220213.0	9.974327122153209	10.69995452864702
4232288.0	15.942028985507246	9.548676645110454
4244363.0	18.83478260869565	6.973905815168468
4256438.0	19.69192546583851	5.495588292733526
4268513.0	18.90848861283644	6.796296641048437
4280588.0	17.755693581780537	7.624874841996269
4292663.0	19.98824016563147	6.2072755014691205
4304738.0	19.626501035196686	5.369764289987103
4316813.0	19.455072463768115	5.046081644067219
4328888.0	17.462525879917184	7.233605723277594
4340963.0	19.330600414078674	4.480646211897398
4353038.0	16.16207039337474	7.5971390496114015
4365113.0	14.586335403726707	8.789990543078645
4377188.0	17.751552795031056	7.106833383817411
4389263.0	10.153209109730849	10.016384093601793
4401338.0	20.0	0.0
4413413.0	15.440993788819876	8.401148496857592
4425488.0	18.912298136645962	6.668773994059999
4437563.0	16.297308488612835	7.86834736581648
4449638.0	17.253002070393375	6.323658295979189
4461713.0	19.696894409937887	5.506247157908475
4473788.0	17.908902691511386	7.823990287351025
4485863.0	18.409689440993787	6.373931120557125
4497938.0	18.97134575569358	6.963893868044157
4510013.0	19.579627329192547	5.18124504410275
4522088.0	14.791718426501035	9.306895415627743
4534163.0	19.349068322981367	4.828358259104315
4546238.0	15.970020703933747	8.968936500286407
4558313.0	17.699378881987577	7.286056907463679
4570388.0	17.662028985507245	7.929842473612871
4582463.0	19.699378881987577	5.511974542215997
4594538.0	18.888944099378882	6.9327201512575245
4606613.0	14.30120082815735	8.459931133443622
4618688.0	19.66815734989648	5.43970526542948
4630763.0	18.550062111801243	6.190529064911954
4642838.0	19.893002070393376	5.981067438331002
4651302.0	19.901916340407993	5.970926884072112
4657339.5	12.294378288562726	9.751069500878685
4666988.0	11.398260869565217	9.068713993668828
4679063.0	20.0	0.0
4691138.0	19.677018633540374	5.463714296432737
4703213.0	15.485548654244306	8.197454535986473
4715288.0	12.932505175983437	9.797447590881324
4722679.5	14.083087149187593	8.037830604533708
4728717.0	14.416141774314081	8.960227886805962
4739438.0	16.16281573498965	6.399754136064164
4751513.0	16.290766045548654	6.340895561491226
4763588.0	18.533498964803314	6.633074789222587
4775663.0	16.8439751552795	7.92616549025328
4787738.0	14.137474120082816	7.884970109213375
4799813.0	13.40033126293996	8.796427846412591
4811888.0	15.304182194616978	7.671900275044491
4819084.5	14.58153580672994	7.104665555030384
4825049.5	13.474198918019143	9.147414807997924
