#Position (bp)	Coverage	Std
6038.0	18.359420289855073	5.745578910661093
18113.0	7.487784679089027	9.82552555240443
30188.0	18.245962732919256	5.973273809227232
42263.0	15.969358178053831	9.435736658788006
54338.0	20.0	0.0
66413.0	20.0	0.0
78488.0	20.0	0.0
90563.0	19.692919254658385	5.498285070488443
102638.0	12.941532091097308	9.965002942492909
114713.0	17.18327122153209	6.779844688181226
126788.0	16.525383022774328	8.290521915005616
138863.0	18.5975983436853	6.318882937157403
150938.0	19.012836438923394	3.6370192332034104
163013.0	19.057556935817804	3.49635716962054
175088.0	18.177225672877846	5.1359972652740655
187163.0	15.479089026915114	8.74186992897243
199238.0	19.365134575569357	4.571556675223724
211313.0	19.692753623188405	5.497366205437596
223388.0	16.372670807453417	7.7532762059316465
235463.0	18.768198757763976	6.7804859448296995
247538.0	15.272795031055901	8.730650892708514
259613.0	19.579378881987576	5.179734359320594
271688.0	17.57432712215321	7.382363853553454
283763.0	17.89217391304348	7.966986748249986
295838.0	18.448115942028984	6.497911752467646
307913.0	13.696066252587991	9.804410213130069
319988.0	16.054989648033125	6.974463921903216
332063.0	19.171014492753624	4.12692015664176
344138.0	14.21184265010352	8.899894153417163
356213.0	19.759171842650105	5.697952848757757
368288.0	17.533250517598344	7.236558897645277
380363.0	17.383354037267083	6.729158453994438
392438.0	19.426915113871637	4.852294498972823
404513.0	10.137805383022775	9.663266339913626
416588.0	14.385093167701863	8.854704800356094
428663.0	19.339792960662525	4.497535557053051
440738.0	17.827743271221532	7.581272556885192
452813.0	18.046376811594204	5.124099678531631
464888.0	19.04786749482402	3.4560595808068735
476963.0	18.789648033126294	6.90139362407705
489038.0	16.79792960662526	8.00451735813259
501113.0	18.076190476190476	6.017228542898641
513188.0	18.009937888198756	5.561223333848779
525263.0	15.1768115942029	8.163763797261291
537338.0	16.097060041407868	7.916625585596801
549413.0	20.000082815734988	0.05827044820980982
561488.0	19.439337474120084	5.00910144721472
573563.0	13.975983436853003	10.055724655323719
585638.0	16.027329192546585	7.257294467042556
597713.0	20.0	0.0
609788.0	15.686128364389234	9.127371072302877
621863.0	19.993540372670807	6.226005701726396
633938.0	15.515031055900621	8.059761259044526
646013.0	17.975652173913044	7.433698660585961
658088.0	13.963561076604554	9.481449688668803
670163.0	20.0	0.0
682238.0	16.895238095238096	8.670398941535678
694313.0	12.916521739130435	9.891498325857148
706388.0	18.050186335403726	4.856755556352561
718463.0	18.18136645962733	5.611700288167892
730538.0	20.0	0.0
742613.0	17.641407867494824	7.7372750003242
754688.0	6.426501035196687	8.645557985338296
766763.0	17.010020703933748	6.06857294919914
778838.0	18.574741200828157	6.560121697603682
790913.0	15.196687370600413	8.157258704075616
802988.0	13.16703933747412	8.967865336614516
815063.0	14.714368530020703	9.31530053280962
827138.0	11.434368530020704	9.713839351576707
839213.0	18.77416149068323	6.86353221994051
851288.0	18.626997929606624	6.688669694149405
863363.0	15.82111801242236	9.038770872302692
875438.0	19.59006211180124	5.301470556563697
887513.0	3.6182194616977226	7.874822946512728
899588.0	12.734741200828157	10.054691024303178
911663.0	14.028654244306418	8.87493037910464
923738.0	20.0	0.0
935813.0	18.638509316770186	6.3874099767574135
947888.0	17.44248447204969	7.051687315519544
959963.0	16.32985507246377	7.498024584569424
972038.0	17.719006211180123	7.539972156727345
984113.0	18.56977225672878	6.593402813610428
996188.0	18.56993788819876	6.489475473831905
1008263.0	17.370434782608697	7.18481836282813
1020338.0	15.159420289855072	8.129312042584802
1032413.0	19.39710144927536	4.660489848875327
1044488.0	8.692836438923395	9.926262299063715
1056563.0	18.988819875776397	6.91131637214353
1068638.0	5.969689440993789	8.930544047101815
1080713.0	0.4937474120082816	1.6722804008689556
1092788.0	14.1879917184265	8.249273761874052
1104863.0	13.766459627329192	10.245617151126302
1116938.0	0.0	0.0
1129013.0	0.0	0.0
1141088.0	8.91792960662526	10.24124733603918
1153163.0	18.547412008281572	6.750630673704024
1165238.0	19.253002070393375	4.621894066495335
1177313.0	17.97432712215321	8.0721641688292
1189388.0	19.687784679089027	5.487323996055016
1201463.0	19.35983436853002	4.5083497414579945
1213538.0	15.628985507246377	9.144503604339178
1225613.0	13.869151138716356	10.244323783064294
1237688.0	11.26128364389234	9.679831116025868
1249763.0	16.91262939958592	8.624544876520856
1261838.0	20.0	0.0
1273913.0	15.367287784679089	8.540125725772912
1285988.0	18.73821946169772	6.631838632226534
1298063.0	19.62368530020704	5.300626940535705
1310138.0	18.1016149068323	5.55345191366144
1322213.0	16.142774327122154	7.901358742602191
1334288.0	17.472132505175985	6.956278722463344
1346363.0	18.476438923395445	5.893485191451943
1358438.0	18.69416149068323	6.538207502817303
1370513.0	19.03983436853002	3.680230886626813
1382588.0	14.93416149068323	9.45960136427611
1394663.0	18.05689440993789	5.234089565701046
1406738.0	18.358592132505176	5.92765215253121
1418813.0	15.00703933747412	7.552006026947801
1430888.0	18.808281573498967	6.645286628019143
1442963.0	19.351552795031054	4.55376894387527
1455038.0	19.010351966873706	3.3492992376052007
1467113.0	15.652008281573499	8.615316900741785
1479188.0	18.18335403726708	5.138689362511539
1491263.0	17.832049689440993	7.500012422349961
1503338.0	14.322650103519669	9.22424566425538
1515413.0	19.386335403726708	4.633687074093495
1527488.0	19.577639751552795	5.280104459723317
1539563.0	18.076356107660455	5.6820956679841474
1551638.0	17.381614906832297	7.180477328032246
1563713.0	17.770600414078675	7.206248726205177
1575788.0	19.351552795031054	4.556296123885057
1587863.0	18.554285714285715	6.682513257514195
1599938.0	19.433291925465838	4.977331637307609
1612013.0	18.78351966873706	6.414121325711917
1624088.0	12.605631469979295	9.854212664966026
1636163.0	16.12430641821946	7.536418137529612
1648238.0	13.332008281573499	9.292081269937439
1660313.0	0.9523809523809523	3.3636714634883287
1672388.0	8.123395445134575	9.026439195766258
1684463.0	16.56728778467909	7.637273748567548
1696538.0	9.043312629399585	8.739387530596058
1708613.0	17.448612836438922	6.60013802478174
1720688.0	17.846211180124225	7.474134833637077
1732763.0	14.451345755693582	9.36390143602119
1744838.0	19.036024844720497	4.287929034362243
1756913.0	18.255900621118013	5.937061196600042
1768988.0	18.660041407867496	6.426601032284277
1781063.0	16.779792960662526	8.29598421148854
1793138.0	17.919834368530022	7.679237151554423
1805213.0	17.198923395445135	7.034631870158826
1817288.0	16.009937888198756	7.6769235556636275
1829363.0	16.508488612836437	8.131731166229882
1841438.0	12.527950310559007	9.821896356260654
1853513.0	19.343271221532092	4.526974592904552
1865588.0	18.285548654244305	5.362626592925829
1877663.0	18.965051759834367	6.880458119467585
1889738.0	16.692919254658385	8.069845206465532
1901813.0	12.59776397515528	9.576991060034208
1913888.0	18.61134575569358	6.347168064819476
1925963.0	11.84712215320911	9.64504185051245
1938038.0	17.0872049689441	6.088899719404208
1950113.0	17.450269151138716	6.61128340967027
1962188.0	17.643229813664597	7.061604108698796
1974263.0	13.573002070393375	9.719217479087352
1986338.0	15.091345755693581	7.7499802978444565
1998413.0	16.391801242236024	8.32215233348307
2010488.0	19.161325051759835	4.152736133118058
2022563.0	19.376977225672878	4.5746081075294445
2034638.0	15.8120082815735	8.710152092954614
2046713.0	18.580538302277432	6.703912519132556
2058788.0	20.0	0.0
2070863.0	20.0	0.0
2082938.0	17.992215320910972	7.616028646187231
2095013.0	18.787494824016562	6.607442945454218
2107088.0	15.018136645962732	7.866089391739747
2119163.0	14.726293995859214	8.883548430228505
2131238.0	13.210766045548654	9.481187650007694
2143313.0	0.0	0.0
2155388.0	0.0	0.0
2167463.0	0.0	0.0
2179538.0	0.0	0.0
2191613.0	0.0	0.0
2203688.0	0.033126293995859216	0.2573957808351148
2215763.0	0.0	0.0
2227838.0	0.0	0.0
2239913.0	12.07055900621118	9.594088932413758
2251988.0	15.554948240165631	8.958598123102908
2264063.0	11.74592132505176	9.59139970182484
2276138.0	18.7855900621118	6.461159636700807
2288213.0	18.07469979296066	5.740099046187393
2300288.0	13.487370600414078	9.48976129089547
2312363.0	15.367619047619048	8.3119360905567
2324438.0	16.125962732919255	7.298458386811326
2336513.0	18.31552795031056	5.895908677246855
2348588.0	18.897639751552795	6.968304462402986
2360663.0	15.81879917184265	9.129602840930502
2372738.0	17.207453416149068	7.055561804771636
2384813.0	18.27503105590062	5.909006355357936
2396888.0	17.152795031055902	6.487886466905338
2408963.0	15.165548654244306	8.2242533816329
2421038.0	20.00016563146998	0.08240685814387208
2433113.0	18.65175983436853	6.710493621014861
2445188.0	9.06832298136646	9.198951240970214
2457263.0	15.526376811594202	8.234432580159016
2469338.0	13.121407867494824	8.886736109221891
2481413.0	19.65714285714286	5.429350494386072
2493488.0	16.772670807453416	8.366738841423206
2505563.0	18.916273291925467	6.821983706937636
2517638.0	18.509565217391305	5.971810938058673
2529713.0	18.691511387163562	6.672213013763515
2541788.0	19.39047619047619	4.9103347302970155
2553863.0	9.59055900621118	10.32366073708802
2565938.0	14.132505175983438	8.938427520679634
2578013.0	18.528778467908904	6.3690699289483685
2590088.0	19.125465838509317	4.025045812015046
2602163.0	13.744761904761905	9.136376455750979
2614238.0	19.927950310559005	6.023150644413622
2626313.0	17.51585921325052	6.92952395749035
2638388.0	18.22111801242236	5.925374427983539
2650463.0	18.469813664596273	6.515622252197661
2662538.0	15.148157349896481	8.357533391451927
2674613.0	16.592546583850933	7.254937634660669
2686688.0	17.72008281573499	7.66457798535456
2698763.0	16.695652173913043	8.749800352646918
2710838.0	19.00223602484472	3.312977181536726
2722913.0	19.36728778467909	4.5864956152803105
2734988.0	18.735403726708075	6.833179314529471
2747063.0	16.78095238095238	8.621461977255297
2759138.0	16.83734989648033	8.837296271090088
2771213.0	18.289026915113872	5.805829867941922
2783288.0	14.7624016563147	9.52286993294744
2795363.0	13.45639751552795	8.625605868839294
2807438.0	18.56645962732919	6.368010112667148
2819513.0	17.526293995859213	7.757851829620876
2831588.0	15.464182194616978	8.883674281346655
2843663.0	18.963146997929606	7.065854088208956
2855738.0	18.260041407867494	5.761972862044734
2867813.0	19.681987577639752	5.4763107377199
2879888.0	18.758592132505175	6.6743723582679735
2891963.0	16.70062111801242	8.440864811011012
2904038.0	20.000414078674947	0.1315617292865024
2916113.0	14.573250517598344	8.793588856032791
2928188.0	20.0	0.0
2940263.0	19.532091097308488	5.318859760431621
2952338.0	17.76231884057971	7.720645335024394
2964413.0	16.35776397515528	8.191891158050232
2976488.0	16.66873706004141	7.918639069972624
2988563.0	15.3648033126294	8.279131389411996
3000638.0	14.85167701863354	9.337331293982333
3012713.0	20.0	0.0
3024788.0	19.926459627329194	6.018873008972413
3036863.0	18.110144927536233	5.621122542120956
3048938.0	15.435942028985508	8.740463007288605
3061013.0	17.416645962732918	6.858263366007135
3073088.0	20.0	0.0
3085163.0	18.91693581780538	6.904410928468201
3097238.0	16.44985507246377	7.624749936503028
3109313.0	18.20057971014493	5.410043569932817
3121388.0	10.389233954451345	9.989932820793898
3133463.0	17.542028985507248	7.691381533670031
3145538.0	16.113126293995858	7.798232002207195
3157613.0	16.89706004140787	8.124537890983648
3169688.0	19.351718426501034	4.554641797634793
3181763.0	19.363478260869567	4.581292412150905
3193838.0	16.273706004140788	7.751775325945261
3205913.0	13.680745341614907	9.69241234899017
3217988.0	17.07246376811594	7.020932912712048
3230063.0	16.446376811594202	7.54361781721852
3242138.0	18.29904761904762	6.165508816375443
3254213.0	17.35726708074534	6.880584500184718
3266288.0	16.92753623188406	8.298289878452806
3278363.0	13.665507246376812	9.513133560763642
3290438.0	16.556438923395444	8.217786093685664
3302513.0	16.512132505175984	8.242253405521343
3314588.0	15.711221532091097	8.730167112110916
3326663.0	19.255072463768116	4.2894448911391905
3338738.0	16.65490683229814	8.360589793652276
3350813.0	16.300621118012423	7.440196350845213
3362888.0	11.834037267080745	10.012228547975441
3374963.0	17.399585921325052	7.047904700159182
3387038.0	17.12927536231884	6.181659910950974
3399113.0	14.067080745341615	8.330034958009259
3411188.0	19.094824016563148	3.953529230287943
3423263.0	15.87329192546584	9.187690928425559
3435338.0	19.339958592132504	4.806612078037615
3447413.0	17.497474120082817	6.891005930408073
3459488.0	5.986252587991719	8.861824048458562
3471563.0	11.097142857142858	9.843146663129838
3483638.0	16.092919254658383	7.775696063720748
3495713.0	15.87743271221532	9.339003010261475
3507788.0	19.372587991718426	4.598613527663703
3519863.0	20.0	0.0
3531938.0	19.68447204968944	5.480830512394092
3544013.0	15.515031055900621	8.678862258586644
3556088.0	18.447453416149067	6.497223487265793
3568163.0	19.67461697722567	5.458383868082729
3580238.0	12.91262939958592	10.03956562042357
3592313.0	13.5344099378882	9.390321434645502
3604388.0	18.87287784679089	7.0090151944377475
3616463.0	16.258053830227745	7.565761385453213
3628538.0	14.95768115942029	9.835062135287652
3640613.0	20.0	0.0
3652688.0	9.935403726708074	10.723921133244579
3664763.0	14.152629399585921	8.882452984085687
3676838.0	15.48016563146998	8.644609613066333
3688913.0	19.27130434782609	4.273312629349434
3700988.0	18.55486542443064	6.034270656860567
3713063.0	16.756935817805385	8.17367384346714
3725138.0	17.537391304347825	7.221941492659398
3737213.0	17.520993788819876	7.324679629650614
3749288.0	19.308488612836438	4.5120588369656875
3761363.0	17.907163561076604	7.552866813432453
3773438.0	18.79337474120083	6.627991336079031
3785513.0	18.570600414078676	6.282737861080622
3797588.0	19.641407867494824	5.395734838865394
3809663.0	19.6487784679089	5.371622391992314
3821738.0	16.77863354037267	8.106491021852218
3833813.0	15.112215320910973	8.480424420020812
3845888.0	18.49474120082816	6.057638949956751
3857963.0	17.785507246376813	7.749787948745281
3870038.0	20.0	0.0
3882113.0	18.144099378881986	5.306818146552574
3894188.0	18.63826086956522	6.484515718184273
3906263.0	16.84679089026915	8.593603476070662
3918338.0	19.822939958592134	5.840736503091946
3930413.0	18.37167701863354	6.06231272789239
3942488.0	17.918840579710146	7.8405380725483855
3954563.0	14.684472049689441	9.356739358802908
3966638.0	19.958674948240166	6.1100196026292295
3978713.0	18.538302277432713	6.639676212515135
3990788.0	19.069151138716357	3.8780691445428173
4002863.0	16.009606625258797	7.842423253336435
4014938.0	15.229233954451345	8.466717203676957
4027013.0	14.074865424430643	7.915506180607661
4039088.0	18.104347826086958	5.626939049268455
4051163.0	18.892505175983437	6.785790780869913
4063238.0	16.833954451345754	8.404829529519908
4075313.0	15.971511387163561	8.973958182755172
4087388.0	20.0	0.0
4099463.0	11.183105590062112	9.548728683007896
4111538.0	13.07080745341615	9.266154267377178
4123613.0	18.579047619047618	6.337766782130682
4135688.0	14.053333333333333	8.941401134291336
4147763.0	17.746501035196687	6.93258874804228
4159838.0	18.187494824016564	5.1824037365505236
4171913.0	14.114285714285714	8.920370063533989
4183988.0	13.73167701863354	9.720930013700487
4196063.0	18.187163561076606	5.863668535622742
4208138.0	14.32712215320911	8.946058734085417
4220213.0	8.351304347826087	9.60488143664503
4232288.0	15.960082815734989	9.552752088470008
4244363.0	18.855486542443064	7.105603888851304
4256438.0	20.0	0.0
4268513.0	17.20944099378882	6.682587614515271
4280588.0	16.448033126293996	7.502921446193028
4292663.0	18.646790890269152	6.082428957989193
4304738.0	19.322898550724638	4.478751304830129
4316813.0	19.114699792960664	3.990620473038546
4328888.0	17.109730848861282	6.5244563007735685
4340963.0	19.532091097308488	5.197666302259893
4353038.0	13.925300207039337	9.804891667995014
4365113.0	11.448778467908904	9.943438382858618
4377188.0	18.796687370600413	6.631151778766905
4389263.0	10.16231884057971	10.028489438299204
4401338.0	18.41407867494824	6.452951240335305
4413413.0	14.819792960662525	9.329305549127733
4425488.0	15.902857142857142	9.006397542156941
4437563.0	16.284223602484474	7.850054397089683
4449638.0	15.102608695652174	7.641420309590755
4461713.0	19.6944099378882	5.502139617700629
4473788.0	18.542443064182194	6.649460196961337
4485863.0	15.87734989648033	9.179859130977787
4497938.0	17.730020703933747	7.479257721609319
4510013.0	19.189482401656313	4.225075495178587
4522088.0	13.128695652173914	8.98243512566328
4534163.0	16.13416149068323	7.7503489536079275
4546238.0	15.357184265010352	8.18093020674416
4558313.0	16.935072463768115	8.214570703490846
4570388.0	16.09672877846791	7.865989373236895
4582463.0	18.86285714285714	6.729607644403873
4594538.0	18.914285714285715	7.002927515605162
4606613.0	13.932670807453416	9.578504229326285
4618688.0	19.377308488612837	4.606791278093371
4630763.0	15.114699792960662	7.8835573309563864
4642838.0	19.681159420289855	5.47296763568001
4651302.0	17.960024726973007	7.445121705794634
4657339.5	10.226806978676267	8.95292157696154
4666988.0	7.651014492753623	8.85636475577709
4679063.0	19.026915113871635	4.11002914156499
4691138.0	15.387163561076605	7.887999638836035
4703213.0	14.695652173913043	9.063456988809056
4715288.0	11.537474120082816	9.168457946569445
4722679.5	9.808714918759232	9.678128656841423
4728717.0	13.975659229208924	9.750397253981035
4739438.0	17.050931677018635	5.7654284863720235
4751513.0	16.143105590062113	5.95445793991175
4763588.0	14.742857142857142	8.92680148088267
4775663.0	15.321407867494823	7.323192687531603
4787738.0	12.237515527950311	8.567201165947102
4799813.0	9.286459627329192	8.861300700434429
4811888.0	9.395610766045548	9.095577156482364
4819084.5	17.88567730802416	7.154193518543971
4825049.5	15.551810237203496	9.091079803943234
