#Position (bp)	Coverage	Std
6038.0	19.335238095238097	4.85663619327942
18113.0	8.271718426501035	9.825175757967296
30188.0	18.460455486542443	6.520361483202875
42263.0	16.418881987577638	8.347057849398242
54338.0	20.0	0.0
66413.0	20.0	0.0
78488.0	20.0	0.0
90563.0	19.408364389233956	4.943079735051897
102638.0	14.403478260869566	9.12698544723488
114713.0	19.998840579710144	6.23898781406883
126788.0	17.273871635610767	7.329404179840949
138863.0	19.678674948240165	5.473194607653788
150938.0	19.999751552795033	6.241827783484173
163013.0	19.99983436853002	6.2418543191598825
175088.0	19.876935817805382	5.879359974181213
187163.0	16.382608695652173	8.297671104333647
199238.0	20.0	0.0
211313.0	20.0	0.0
223388.0	18.894906832298137	7.159131770114539
235463.0	20.0	0.0
247538.0	16.43072463768116	8.360525407722154
259613.0	20.0	0.0
271688.0	19.213250517598343	4.529224175905932
283763.0	19.99966873706004	6.241575688938278
295838.0	18.44894409937888	6.4978097918527356
307913.0	17.537060041407866	7.533945265459525
319988.0	20.2279917184265	4.00930594510954
332063.0	20.0	6.2423452088140845
344138.0	19.587577639751554	5.299830068762956
356213.0	20.0	0.0
368288.0	18.45002070393375	6.502937702128474
380363.0	19.039585921325052	3.8864845174993192
392438.0	19.651262939958592	5.4195413617232004
404513.0	16.450600414078675	8.387287037590383
416588.0	18.84207039337474	6.884422960793853
428663.0	19.614409937888198	5.323062055624856
440738.0	19.99983436853002	6.239439110535393
452813.0	20.0	6.2423452088140845
464888.0	19.900124223602486	5.887397495953736
476963.0	19.929026915113873	6.023638734393396
489038.0	19.61904761904762	5.354242140834828
501113.0	20.0	0.0
513188.0	18.465341614906833	6.526734318904454
525263.0	18.638509316770186	6.787761486980871
537338.0	19.63925465838509	5.386087437853079
549413.0	19.999917184265012	6.244752662660497
561488.0	20.0	0.0
573563.0	13.987329192546584	10.132137338160073
585638.0	17.76703933747412	7.713997387449763
597713.0	20.0	0.0
609788.0	16.139958592132505	8.007398235446715
621863.0	19.76256728778468	5.748043145279968
633938.0	17.65871635610766	7.688048319080839
646013.0	20.0	0.0
658088.0	17.654658385093168	7.664632010144499
670163.0	20.0	0.0
682238.0	20.0	0.0
694313.0	16.19552795031056	8.072861779349912
706388.0	19.999254658385095	6.237627090362689
718463.0	19.38550724637681	4.895470505475374
730538.0	20.0	6.2370362447249255
742613.0	20.0	0.0
754688.0	17.26625258799172	7.3225310991297645
766763.0	19.46583850931677	5.023464609945073
778838.0	19.731180124223602	5.5180862046835415
790913.0	18.177225672877846	5.846752385517702
802988.0	19.633788819875775	5.074541662543145
815063.0	16.865921325051758	8.524945735484811
827138.0	18.473291925465837	6.424816018343654
839213.0	19.99345755693582	6.2074155879539346
851288.0	19.160662525879918	4.477632471137383
863363.0	17.062277432712214	6.946295019127362
875438.0	19.999917184265012	6.242093135165042
887513.0	19.98128364389234	6.183628957234204
899588.0	18.970600414078675	7.262313737932102
911663.0	14.967204968944099	10.031635260720995
923738.0	19.999917184265012	6.242093135165042
935813.0	19.99966873706004	6.238669232201679
947888.0	20.000414078674947	0.13093073414159792
959963.0	19.229813664596275	4.396186941808685
972038.0	20.0	0.0
984113.0	19.645714285714284	5.4073563878840165
996188.0	20.0	6.2423452088140845
1008263.0	17.907246376811596	8.066314178770984
1020338.0	16.650103519668736	8.543058640304245
1032413.0	20.0	0.0
1044488.0	19.999751552795033	6.236531658073515
1056563.0	20.0	6.2423452088140845
1068638.0	13.92927536231884	9.801149212205535
1080713.0	8.55304347826087	9.194453274365623
1092788.0	19.892587991718425	5.9572250268647675
1104863.0	17.268737060041406	7.328127269320746
1116938.0	20.0	0.0
1129013.0	19.213250517598343	3.992705564221749
1141088.0	17.865010351966873	8.18327841079932
1153163.0	18.544927536231885	6.747256171104616
1165238.0	19.419875776397514	4.965804391084853
1177313.0	17.95022774327122	8.036340854339253
1189388.0	20.0	0.0
1201463.0	19.992795031055902	6.189826689928059
1213538.0	15.893167701863353	9.567218875861133
1225613.0	14.457142857142857	9.580864296217012
1237688.0	16.23975155279503	8.016034655252113
1249763.0	18.55561076604555	6.659826718876839
1261838.0	20.0	0.0
1273913.0	16.412919254658384	8.259717910352151
1285988.0	19.68016563146998	5.532445237917772
1298063.0	19.961739130434783	6.127445639262072
1310138.0	9.672049689440994	10.539426127906113
1322213.0	10.436356107660455	10.360907575936649
1334288.0	20.0	0.0
1346363.0	19.818385093167702	5.6837423882712965
1358438.0	20.0	0.0
1370513.0	20.0	0.0
1382588.0	18.45846790890269	6.513550138267663
1394663.0	19.92422360248447	6.007621108821991
1406738.0	20.0	0.0
1418813.0	18.366128364389233	6.267177636540255
1430888.0	20.0	0.0
1442963.0	19.643064182194617	5.401441414861226
1455038.0	19.996521739130436	6.209049696744741
1467113.0	20.0	6.2423452088140845
1479188.0	19.998343685300206	6.21887196604181
1491263.0	20.0	6.2423452088140845
1503338.0	16.382525879917186	8.297281851809327
1515413.0	20.0	0.0
1527488.0	19.648861283643893	5.413769730189065
1539563.0	18.664182194616977	6.829906225389852
1551638.0	20.0	6.239691291402829
1563713.0	20.000082815734988	0.05827044820980982
1575788.0	19.96273291925466	6.122564585322828
1587863.0	18.718840579710147	6.906233868946806
1599938.0	20.0	0.0
1612013.0	19.77954451345756	5.906539170186218
1624088.0	13.354534161490683	9.465163325066626
1636163.0	19.677184265010354	5.412224488419109
1648238.0	20.0	0.0
1660313.0	8.779047619047619	9.556799797016177
1672388.0	16.66542443064182	8.504949235044455
1684463.0	19.99983436853002	6.239439110535393
1696538.0	17.472463768115944	7.598436147264645
1708613.0	19.993706004140787	6.1898133105834265
1720688.0	19.363146997929608	4.990135196100635
1732763.0	15.74128364389234	9.312922076252098
1744838.0	20.0	6.2423452088140845
1756913.0	20.0	6.2423452088140845
1768988.0	19.999585921325053	6.241058199810039
1781063.0	17.491511387163563	7.627209655054279
1793138.0	19.999917184265012	6.2423452088140845
1805213.0	17.482484472049688	7.603213878593964
1817288.0	15.957101449275362	9.431066236219893
1829363.0	16.916770186335405	8.772864241394004
1841438.0	13.876107660455487	10.20911377842302
1853513.0	19.999751552795033	6.241827783484173
1865588.0	20.0	0.0
1877663.0	19.966459627329193	6.139509897421641
1889738.0	20.0	0.0
1901813.0	18.759420289855072	6.880801147442193
1913888.0	19.979875776397517	6.179221174802061
1925963.0	16.30120082815735	8.027525111781953
1938038.0	19.941946169772258	6.023838083713669
1950113.0	19.99966873706004	6.238695781311974
1962188.0	19.998840579710144	6.225899288148644
1974263.0	13.92472049689441	10.20276420954282
1986338.0	19.989813664596273	6.212056666928136
1998413.0	16.31734989648033	8.151291988182276
2010488.0	19.999917184265012	6.242093135165042
2022563.0	19.999917184265012	6.242093135165042
2034638.0	18.434037267080747	6.45255979827468
2046713.0	19.16521739130435	4.4213391823780555
2058788.0	19.99983436853002	6.239439110535393
2070863.0	20.0	0.0
2082938.0	19.857639751552796	5.816617872807263
2095013.0	19.308488612836438	4.662834865777176
2107088.0	19.999337474120082	6.237726665577078
2119163.0	19.36993788819876	4.635956330392738
2131238.0	16.832298136645964	8.90474086865464
2143313.0	19.599834368530022	5.42527632369134
2155388.0	20.0	0.0
2167463.0	20.0	6.2423452088140845
2179538.0	20.0	0.0
2191613.0	19.6568115942029	5.427184087734005
2203688.0	20.0	6.2423452088140845
2215763.0	20.0	0.0
2227838.0	19.96289855072464	6.122929784926388
2239913.0	16.19536231884058	7.78135479217188
2251988.0	18.466997929606624	6.563302203754251
2264063.0	18.966459627329193	7.34982147921958
2276138.0	20.0	6.2423452088140845
2288213.0	18.633540372670808	6.881968518035361
2300288.0	14.40438923395445	9.2352999975934
2312363.0	19.620786749482402	5.238233387976819
2324438.0	19.973250517598345	6.134759938506608
2336513.0	19.548571428571428	5.220567701136841
2348588.0	19.412919254658384	4.959746871254129
2360663.0	16.462111801242237	8.403489366945893
2372738.0	17.485714285714284	7.618464004562854
2384813.0	18.848861283643892	7.181584454666193
2396888.0	19.58086956521739	5.404713838587442
2408963.0	17.47552795031056	7.598665023866201
2421038.0	20.0	0.012869789042449443
2433113.0	19.63478260869565	5.383780564594163
2445188.0	14.579378881987578	9.56731409355851
2457263.0	18.187163561076606	6.199712809751386
2469338.0	16.86865424430642	8.695068924539038
2481413.0	20.0	0.0
2493488.0	20.0	6.2423452088140845
2505563.0	20.0	0.0
2517638.0	19.342194616977224	4.736292196234936
2529713.0	20.0	0.0
2541788.0	20.0	0.0
2553863.0	10.29631469979296	10.184761076139875
2565938.0	14.487867494824016	9.465959498854538
2578013.0	19.76695652173913	5.622411527731098
2590088.0	20.0	0.0
2602163.0	17.85175983436853	7.913219801006894
2614238.0	19.6	5.302845050675156
2626313.0	20.0	0.0
2638388.0	18.469565217391306	6.537042087569758
2650463.0	18.47701863354037	6.549382408890796
2662538.0	16.382194616977227	8.298344767477259
2674613.0	20.0	0.0
2686688.0	17.17349896480331	6.717888113383084
2698763.0	16.687370600414077	8.74288826636228
2710838.0	20.0	0.0
2722913.0	19.99966873706004	6.238695781311974
2734988.0	20.0	0.0
2747063.0	17.493167701863353	7.629706571045079
2759138.0	20.0	0.0
2771213.0	19.24008281573499	4.295223405060426
2783288.0	19.502857142857142	4.856167238517145
2795363.0	19.523726708074534	4.9416973471477865
2807438.0	20.0	6.2423452088140845
2819513.0	19.999585921325053	6.2384170100186696
2831588.0	16.410766045548655	8.33948427239998
2843663.0	19.397929606625258	4.927759707513105
2855738.0	19.999751552795033	6.241575688938278
2867813.0	20.000082815734988	6.242617171598681
2879888.0	19.576811594202898	5.402284617550887
2891963.0	16.919668737060043	8.538496432338174
2904038.0	20.0	0.0
2916113.0	19.994120082815733	6.203905802393276
2928188.0	20.0	0.0
2940263.0	19.827080745341615	5.819763571926808
2952338.0	18.386583850931675	6.3338193122906
2964413.0	17.217391304347824	7.351088988494845
2976488.0	18.572836438923396	6.61311201459633
2988563.0	17.747329192546584	7.801088207786968
3000638.0	20.0	0.0
3012713.0	20.0	0.0
3024788.0	19.947246376811595	6.081285142591759
3036863.0	19.6463768115942	5.408489607493811
3048938.0	16.40944099378882	8.335928374413617
3061013.0	19.001739130434782	3.697226311933893
3073088.0	20.0	0.0
3085163.0	19.991055900621117	6.203231642920889
3097238.0	18.4487784679089	6.5005749068896055
3109313.0	19.99983436853002	6.242093135165042
3121388.0	16.752298136645962	8.438485238850275
3133463.0	17.586749482401657	7.7483451782990675
3145538.0	16.43229813664596	8.362590463167402
3157613.0	18.45954451345756	6.518907045534781
3169688.0	20.000082815734988	0.05827044820980982
3181763.0	20.0	6.2423452088140845
3193838.0	17.38600414078675	7.377617091883485
3205913.0	18.293167701863354	6.039620735902243
3217988.0	19.942857142857143	6.061267590472527
3230063.0	19.58534161490683	5.286531188622797
3242138.0	18.45134575569358	6.503256072500411
3254213.0	18.805631469979296	7.12358808792148
3266288.0	19.289937888198757	4.5426071262112915
3278363.0	14.863354037267081	9.761737109099156
3290438.0	17.53192546583851	7.718939628310824
3302513.0	19.90592132505176	5.950945085615247
3314588.0	19.091262939958593	4.252068063393978
3326663.0	19.890269151138718	5.903404639308045
3338738.0	17.09374741200828	6.81808580144451
3350813.0	18.74368530020704	6.942472874028769
3362888.0	19.481656314699794	4.787276096316173
3374963.0	19.716521739130435	5.541583811395112
3387038.0	19.998923395445136	6.224888268431118
3399113.0	20.0	0.0
3411188.0	20.0	6.2423452088140845
3423263.0	17.186086956521738	7.02061442575462
3435338.0	19.992049689440993	6.179422205932512
3447413.0	19.10144927536232	3.9480582013284176
3459488.0	18.35271221532091	5.895346798249923
3471563.0	19.999006211180124	6.229669210151442
3483638.0	16.377308488612837	8.23806244682855
3495713.0	20.0	0.0
3507788.0	20.0	0.0
3519863.0	20.0	0.0
3531938.0	20.0	0.0
3544013.0	16.949068322981365	8.814725116643602
3556088.0	18.47544513457557	6.547112270996041
3568163.0	19.999420289855074	6.243187591635206
3580238.0	15.76231884057971	9.27018417831021
3592313.0	20.0	0.0
3604388.0	20.0	0.0
3616463.0	20.0	0.0
3628538.0	16.090269151138717	7.775046350710301
3640613.0	20.0	0.0
3652688.0	10.007453416149069	9.868787193091453
3664763.0	14.52695652173913	9.441887203014625
3676838.0	16.006045548654246	7.525487403652064
3688913.0	19.956687370600413	6.126965818815014
3700988.0	19.999171842650103	6.226604244215195
3713063.0	18.44472049689441	6.49892489914451
3725138.0	19.994037267080746	6.187685626803373
3737213.0	19.643809523809523	5.403985953182579
3749288.0	19.742111801242235	5.5568285636053405
3761363.0	18.91511387163561	6.902971424883174
3773438.0	19.928530020703935	6.024642288119101
3785513.0	20.0	0.0
3797588.0	19.999917184265012	6.244752662660497
3809663.0	20.0	0.0
3821738.0	18.42351966873706	6.411118706137189
3833813.0	15.377225672877847	8.882546218804185
3845888.0	19.96256728778468	6.13874772266172
3857963.0	18.879585921325052	6.781334753217591
3870038.0	19.999917184265012	6.242093135165042
3882113.0	20.0	6.2423452088140845
3894188.0	19.42592132505176	4.984921362849052
3906263.0	17.163395445134576	7.053125821288863
3918338.0	20.0	0.0
3930413.0	19.413664596273293	4.9613412332047995
3942488.0	18.467246376811595	6.529753529760546
3954563.0	15.744927536231884	9.189358324617638
3966638.0	19.998426501035198	6.215741720388287
3978713.0	18.453333333333333	6.507075301969943
3990788.0	20.0	0.0
4002863.0	15.964389233954451	9.565141162880897
4014938.0	17.79296066252588	7.631139214710062
4027013.0	18.155610766045548	5.52593733558869
4039088.0	20.0	0.0
4051163.0	20.0	0.0
4063238.0	18.467080745341615	6.532289602690327
4075313.0	18.449772256728778	6.0749766760792445
4087388.0	20.0	6.239691291402829
4099463.0	17.246045548654244	6.711388300437895
4111538.0	19.999917184265012	6.242099768812536
4123613.0	19.923975155279503	6.010060578509162
4135688.0	14.434202898550724	9.483877569191412
4147763.0	19.85159420289855	5.803868203910594
4159838.0	20.000248447204967	0.10092737687920153
4171913.0	14.984679089026915	9.981058665847893
4183988.0	15.06335403726708	8.657671713752237
4196063.0	18.46873706004141	6.535585026270469
4208138.0	16.129937888198757	7.825339738885814
4220213.0	10.041656314699793	9.846780642774323
4232288.0	15.868737060041408	9.459382494870635
4244363.0	19.149482401656314	4.542917040635369
4256438.0	19.99983436853002	6.244480792881887
4268513.0	19.85109730848861	5.822303088170318
4280588.0	18.31561076604555	6.120548832614795
4292663.0	19.90575569358178	5.94688010832355
4304738.0	20.0	0.0
4316813.0	20.0	0.0
4328888.0	18.462939958592134	6.522075905728393
4340963.0	20.0	0.0
4353038.0	17.37184265010352	7.427451739154832
4365113.0	18.923478260869565	6.998023974273983
4377188.0	19.635942028985507	5.383072925391485
4389263.0	9.715942028985507	10.388578694305814
4401338.0	20.0	6.2370362447249255
4413413.0	16.97606625258799	8.989222901029278
4425488.0	19.614989648033127	5.342543806757431
4437563.0	17.66128364389234	7.667721594538091
4449638.0	19.999917184265012	6.2423452088140845
4461713.0	19.921242236024845	5.953651210217077
4473788.0	18.462939958592134	6.526137923035046
4485863.0	19.998674948240165	6.225154342171037
4497938.0	19.99983436853002	6.2418543191598825
4510013.0	20.0	0.0
4522088.0	16.388985507246378	8.249459484144298
4534163.0	20.0	0.0
4546238.0	19.688115942028986	5.485331465248376
4558313.0	19.203726708074534	4.631935234495741
4570388.0	17.62368530020704	7.876652608481585
4582463.0	20.0	0.0
4594538.0	19.63478260869565	5.380703195095043
4606613.0	17.021780538302277	6.978719501449903
4618688.0	19.99983436853002	6.239186919475093
4630763.0	19.020041407867495	3.738324820526987
4642838.0	20.0	0.0
4651302.0	19.889140737688027	5.931124704788662
4657339.5	13.050816948213791	9.225182264595627
4666988.0	17.208198757763974	6.719693870578162
4679063.0	19.652587991718427	5.414901607627775
4691138.0	20.00033126293996	0.11654089641961964
4703213.0	18.681076604554864	6.747980297484431
4715288.0	16.29184265010352	7.593829902492662
4722679.5	15.577178729689807	8.793902311998297
4728717.0	15.565922920892495	9.193976193637475
4739438.0	20.0	0.0
4751513.0	19.709316770186334	5.489979578868896
4763588.0	18.453002070393374	6.507075301969943
4775663.0	19.137805383022773	4.511287890004473
4787738.0	17.23469979296066	7.369035996070798
4799813.0	17.457474120082814	7.577699656960371
4811888.0	20.0	0.0
4819084.5	19.68507333908542	5.355442024262542
4825049.5	12.178838951310862	8.901621654595566
