#Position (bp)	Coverage	Std
6038.0	19.483809523809523	5.152562730478047
18113.0	8.972919254658384	10.560899014369866
30188.0	18.680579710144926	6.770322524130245
42263.0	16.672463768115943	8.646161440804555
54338.0	19.997101449275362	6.215768367427758
66413.0	20.0	0.0
78488.0	20.0	0.0
90563.0	20.0	0.0
102638.0	14.753209109730848	9.536283549357547
114713.0	19.985175983436854	6.166952598149763
126788.0	17.503850931677018	7.604564391595442
138863.0	19.66542443064182	5.472861712204225
150938.0	20.0	0.0
163013.0	20.0	0.0
175088.0	19.876935817805382	5.878895123022254
187163.0	16.361987577639752	8.253253326791228
199238.0	20.0	0.0
211313.0	20.0	0.0
223388.0	18.71966873706004	6.906533648606767
235463.0	20.0	0.0
247538.0	16.671635610766046	8.6447724722695
259613.0	20.0	0.0
271688.0	20.000082815734988	0.05827044820980982
283763.0	20.0	0.0
295838.0	18.428985507246377	6.467309097029594
307913.0	18.057142857142857	5.438136935875495
319988.0	20.260207039337473	4.226427748274793
332063.0	20.0	0.0
344138.0	20.0	0.0
356213.0	20.0	0.0
368288.0	18.448861283643893	6.473363163134132
380363.0	19.12165631469979	3.7059741373110318
392438.0	20.0	0.0
404513.0	16.669979296066252	8.643718623116486
416588.0	20.0	0.0
428663.0	19.99768115942029	6.221614630691654
440738.0	20.0	0.0
452813.0	20.00207039337474	0.29220373504517616
464888.0	20.0	0.0
476963.0	19.856894409937887	5.756710010494498
489038.0	20.0	0.0
501113.0	20.0	0.0
513188.0	18.731262939958594	6.9261708504846675
525263.0	18.72712215320911	6.918574034197125
537338.0	20.0	0.0
549413.0	20.000082815734988	0.05827044820980982
561488.0	20.0	0.0
573563.0	15.111387163561076	8.473634667133679
585638.0	18.5007867494824	6.465637791408472
597713.0	20.0	0.0
609788.0	16.45465838509317	8.389434348968479
621863.0	20.0	0.0
633938.0	18.714699792960662	6.898254947814827
646013.0	20.0	0.0
658088.0	18.565631469979294	6.480421221899895
670163.0	20.0	0.0
682238.0	20.0	0.0
694313.0	16.216231884057972	8.099213979192383
706388.0	20.0	0.0
718463.0	19.900289855072465	5.891798700351689
730538.0	20.0	0.0
742613.0	19.999917184265012	6.244739400994683
754688.0	17.536231884057973	7.682169940169771
766763.0	19.928778467908902	6.02552885061607
778838.0	19.72993788819876	5.518048684421324
790913.0	17.730351966873705	7.822296528601205
802988.0	0.0	0.0
815063.0	15.433706004140786	8.823519295248532
827138.0	18.968115942028984	7.243690765115607
839213.0	19.9807867494824	6.118275241068011
851288.0	19.224265010351967	4.448285779579769
863363.0	16.894741200828157	8.804779428625652
875438.0	20.0	6.2423452088140845
887513.0	20.0	0.0
899588.0	20.0	0.0
911663.0	15.207453416149068	8.747173456509302
923738.0	20.0	0.0
935813.0	19.972670807453415	6.126540031177726
947888.0	19.980041407867496	6.182403400073651
959963.0	19.854658385093167	5.838261745334764
972038.0	20.0	0.0
984113.0	20.0	0.0
996188.0	20.0	0.0
1008263.0	18.502360248447204	6.683907313632177
1020338.0	16.833374741200828	8.885641056064873
1032413.0	20.0	0.0
1044488.0	20.00016563146998	0.08240685814387208
1056563.0	20.0	0.0
1068638.0	14.909813664596273	9.218426052314332
1080713.0	11.393871635610767	8.971230760963605
1092788.0	19.962484472049688	6.116339315739341
1104863.0	17.526293995859213	7.6704104640736555
1116938.0	20.0	0.0
1129013.0	18.965548654244305	6.915706611012836
1141088.0	17.977639751552793	8.320072264378
1153163.0	18.55072463768116	6.756271528657215
1165238.0	19.64430641821946	5.400943096849266
1177313.0	18.363561076604555	6.155567763639162
1189388.0	20.0	0.0
1201463.0	19.970848861283645	6.126269674461256
1213538.0	16.032298136645963	7.95733967217594
1225613.0	14.818219461697723	9.952516666236658
1237688.0	16.627412008281574	8.541841966589795
1249763.0	18.71552795031056	6.899995499143371
1261838.0	20.0	0.0
1273913.0	16.672463768115943	8.722024191902976
1285988.0	19.636521739130433	5.348121320268897
1298063.0	19.961407867494824	6.123497829907172
1310138.0	18.571925465838508	6.512125972298835
1322213.0	18.716356107660456	6.90101561823671
1334288.0	19.733664596273293	5.540328338215895
1346363.0	19.89639751552795	5.897916956912991
1358438.0	20.0	0.0
1370513.0	20.0	0.0
1382588.0	18.732919254658384	6.927485987845897
1394663.0	19.848530020703933	5.75077994530273
1406738.0	20.0	0.0
1418813.0	18.635942028985507	6.708500216537186
1430888.0	19.99296066252588	6.182724881192898
1442963.0	20.0	0.0
1455038.0	19.993706004140787	6.20938313549707
1467113.0	20.0	0.0
1479188.0	20.0	0.0
1491263.0	20.0	6.2423452088140845
1503338.0	16.38136645962733	8.301517733967122
1515413.0	20.0	0.0
1527488.0	20.0	0.0
1539563.0	18.71966873706004	6.906173911453294
1551638.0	19.581946169772255	5.160167554696901
1563713.0	20.0	0.0
1575788.0	19.96513457556936	6.1353808806564425
1587863.0	18.71817805383023	6.905106580959481
1599938.0	19.999006211180124	6.242000263359869
1612013.0	19.59751552795031	5.314809965459172
1624088.0	14.096066252587992	8.821252334766488
1636163.0	19.662360248447204	5.397108343169413
1648238.0	20.0	0.0
1660313.0	7.901449275362319	10.111220014732911
1672388.0	17.190062111801243	7.154983495430003
1684463.0	20.0	0.0
1696538.0	17.751552795031056	7.963347715144563
1708613.0	19.93167701863354	6.008847858615803
1720688.0	19.1407867494824	4.215008184554237
1732763.0	15.835196687370601	9.386713662125908
1744838.0	20.0	0.0
1756913.0	20.0	0.0
1768988.0	20.0	0.0
1781063.0	17.734989648033125	7.9387666903081975
1793138.0	20.0	0.0
1805213.0	17.7383850931677	7.9456539157622705
1817288.0	16.189482401656313	7.865431351932765
1829363.0	17.460041407867497	7.407203700902701
1841438.0	14.135403726708075	9.031268433825314
1853513.0	20.0	0.0
1865588.0	20.0	0.0
1877663.0	19.946997929606624	6.080679105584602
1889738.0	20.0	0.0
1901813.0	19.011180124223603	3.90988554422557
1913888.0	19.980041407867496	6.182390004664236
1925963.0	16.542443064182194	8.340248890338648
1938038.0	20.0	0.0
1950113.0	20.0	0.0
1962188.0	19.928447204968943	6.024332991437181
1974263.0	14.41407867494824	9.325385554227216
1986338.0	19.98790890269151	6.209356461055807
1998413.0	16.39486542443064	8.326673943706654
2010488.0	19.999503105590062	6.243472782110319
2022563.0	20.0	0.0
2034638.0	18.668985507246376	6.740526670295182
2046713.0	19.402070393374743	4.879033607600931
2058788.0	20.0	0.0
2070863.0	20.0	0.0
2082938.0	19.839585921325053	5.775481839309208
2095013.0	19.99983436853002	6.2418543191598825
2107088.0	20.0	0.0
2119163.0	19.76215320910973	5.594843825587291
2131238.0	16.95271221532091	9.030768661010846
2143313.0	19.73913043478261	5.698752178987565
2155388.0	20.0	0.0
2167463.0	20.0	0.0
2179538.0	20.0	0.0
2191613.0	20.0	0.0
2203688.0	20.0	0.0
2215763.0	20.0	0.0
2227838.0	19.926128364389236	6.016781225431068
2239913.0	16.5672049689441	8.367862212800969
2251988.0	18.650103519668736	6.9038351630519195
2264063.0	19.094824016563148	4.426019434336717
2276138.0	20.0	0.0
2288213.0	18.89689440993789	7.250558627725086
2300288.0	14.67287784679089	9.52483079410415
2312363.0	19.895734989648034	5.891173170519752
2324438.0	20.0	0.0
2336513.0	19.567867494824018	5.255122710250728
2348588.0	20.0	0.0
2360663.0	16.6824016563147	8.659656346133273
2372738.0	17.74327122153209	7.950754225457053
2384813.0	19.00314699792961	4.210565435145722
2396888.0	19.716770186335403	5.6560856029436195
2408963.0	17.734989648033125	7.9393925744571785
2421038.0	20.0	0.0
2433113.0	20.0	0.0
2445188.0	15.61871635610766	8.978110025352171
2457263.0	18.42153209109731	6.564034006848544
2469338.0	17.70095238095238	7.84894660020816
2481413.0	19.94832298136646	6.084600253792128
2493488.0	20.0	0.0
2505563.0	20.0	0.0
2517638.0	19.769192546583852	5.544713782665162
2529713.0	20.0	0.0
2541788.0	20.0	0.0
2553863.0	10.309648033126294	10.176248073072928
2565938.0	14.471635610766045	9.451618109410068
2578013.0	19.74575569358178	5.450693727572777
2590088.0	20.0	0.0
2602163.0	16.63942028985507	8.37095936333022
2614238.0	19.928281573498964	6.024126784826886
2626313.0	20.0	0.0
2638388.0	18.711304347826086	6.897540594486411
2650463.0	18.76447204968944	6.956415630660738
2662538.0	14.615486542443064	9.602992977196372
2674613.0	18.52488612836439	6.718091516434442
2686688.0	18.472132505175985	6.437036984092569
2698763.0	16.645134575569358	8.690491222086324
2710838.0	20.0	0.0
2722913.0	20.0	0.0
2734988.0	20.0	0.0
2747063.0	17.732505175983437	7.93485379587455
2759138.0	20.000082815734988	0.05827044820980982
2771213.0	19.16935817805383	4.434282032399061
2783288.0	19.30766045548654	4.429573118532119
2795363.0	19.32703933747412	4.515618169577243
2807438.0	19.74418219461698	5.506630672785274
2819513.0	20.0	0.0
2831588.0	16.679917184265012	8.6560693291981
2843663.0	20.0	0.0
2855738.0	19.94857142857143	6.0850153663143365
2867813.0	20.0	0.0
2879888.0	19.718426501035196	5.661646783968269
2891963.0	17.121739130434783	6.618031707788972
2904038.0	20.0	0.0
2916113.0	19.9951966873706	6.205714323843079
2928188.0	20.0	0.0
2940263.0	19.823105590062113	5.813805230908579
2952338.0	18.640828157349898	6.723193069647774
2964413.0	17.333333333333332	7.50582934258985
2976488.0	18.635942028985507	6.615885268669548
2988563.0	17.87991718426501	7.9992183883187336
3000638.0	20.0	0.0
3012713.0	20.0	0.0
3024788.0	19.92496894409938	6.013862522793833
3036863.0	20.0	0.0
3048938.0	16.525879917184266	8.475173828811503
3061013.0	19.295652173913044	4.326776373793762
3073088.0	20.0	0.0
3085163.0	19.99080745341615	6.204172775992663
3097238.0	18.42865424430642	6.467283486409248
3109313.0	20.0	6.2423452088140845
3121388.0	17.59080745341615	7.753842298717115
3133463.0	17.740786749482403	7.946847233487061
3145538.0	16.687370600414077	8.66596588980782
3157613.0	18.732091097308487	6.927187114915532
3169688.0	20.0	0.0
3181763.0	20.0	0.0
3193838.0	17.639337474120083	7.713975915871258
3205913.0	18.617308488612835	6.588049913010274
3217988.0	19.92182194616977	6.002877156954878
3230063.0	19.58567287784679	5.289561578970659
3242138.0	18.436687370600414	6.460038010515767
3254213.0	18.94575569358178	7.318713075165919
3266288.0	19.77888198757764	5.765931211254543
3278363.0	15.248115942028985	8.625735483389203
3290438.0	17.726708074534162	7.934999911939791
3302513.0	19.88703933747412	5.892093871140835
3314588.0	19.75320910973085	5.612799628415133
3326663.0	19.856728778467907	5.802726566948165
3338738.0	18.650434782608695	6.727232133196614
3350813.0	18.731262939958594	6.925812133317229
3362888.0	20.0	0.0
3374963.0	20.0	6.2423452088140845
3387038.0	19.999006211180124	6.227309120477925
3399113.0	20.0	0.0
3411188.0	20.0	0.0
3423263.0	17.465010351966875	7.413238675535509
3435338.0	20.0	0.0
3447413.0	19.27287784679089	4.6646993782938555
3459488.0	19.61689440993789	5.316445830937426
3471563.0	19.99983436853002	6.2418543191598825
3483638.0	16.38592132505176	8.30315861971709
3495713.0	20.0	0.0
3507788.0	20.0	0.0
3519863.0	20.0	0.0
3531938.0	20.0	0.0
3544013.0	17.44513457556936	7.384360396670041
3556088.0	18.078592132505175	5.665258624238006
3568163.0	19.998178053830227	6.239372745455168
3580238.0	15.822360248447206	9.283026207512192
3592313.0	20.0	0.0
3604388.0	19.980538302277434	6.183957070659515
3616463.0	20.00016563146998	0.08240685814387208
3628538.0	16.39710144927536	8.299676962458202
3640613.0	20.0	0.0
3652688.0	10.513623188405797	10.369632363894047
3664763.0	14.848364389233954	9.777415138516432
3676838.0	16.897142857142857	8.511675089924365
3688913.0	20.0	0.0
3700988.0	20.0	0.0
3713063.0	18.73706004140787	6.933998216248687
3725138.0	20.0	0.0
3737213.0	20.0	0.0
3749288.0	19.822111801242237	5.7307929274786895
3761363.0	19.925383022774326	6.014323827107126
3773438.0	19.928364389233955	6.024051173967887
3785513.0	19.866915113871634	5.852712559695567
3797588.0	20.000082815734988	0.05827044820980982
3809663.0	20.0	0.0
3821738.0	18.689855072463768	6.818274069267374
3833813.0	15.474037267080746	8.900917672000269
3845888.0	19.832049689440993	5.857245870931713
3857963.0	19.46873706004141	5.192573132367964
3870038.0	20.0	0.0
3882113.0	20.0	0.0
3894188.0	20.0	0.0
3906263.0	17.43751552795031	7.450279636810062
3918338.0	20.0	0.0
3930413.0	20.0	0.0
3942488.0	18.71966873706004	6.9050945875447605
3954563.0	16.410766045548655	8.179457174454612
3966638.0	19.998509316770186	6.217660015331538
3978713.0	18.74865424430642	6.95320055295449
3990788.0	20.0	0.0
4002863.0	16.088612836438923	7.940722414476413
4014938.0	18.467908902691512	6.052140596276778
4027013.0	18.509316770186334	6.125519372072851
4039088.0	19.98600414078675	6.201355625522771
4051163.0	20.0	0.0
4063238.0	18.727950310559006	6.918873279184708
4075313.0	19.875776397515526	5.890941215612078
4087388.0	20.0	0.0
4099463.0	17.755693581780537	7.448078385436793
4111538.0	20.0	0.0
4123613.0	20.001159420289856	0.219542154867803
4135688.0	14.565465838509317	9.621998604388653
4147763.0	19.85159420289855	5.804082235841775
4159838.0	20.00016563146998	0.08240685814387208
4171913.0	15.485548654244306	9.127625122268705
4183988.0	15.47080745341615	9.116158611283973
4196063.0	18.718840579710147	6.907672692664695
4208138.0	16.67743271221532	8.653629308390748
4220213.0	10.439254658385094	10.27538819142479
4232288.0	16.208612836438924	8.050148205366431
4244363.0	19.25879917184265	4.77697202186935
4256438.0	19.999917184265012	6.244739400994683
4268513.0	19.99478260869565	6.213982763134953
4280588.0	18.683395445134575	6.757766791498622
4292663.0	19.926045548654244	6.011796547003841
4304738.0	20.0	0.0
4316813.0	20.0	0.0
4328888.0	18.723809523809525	6.913424993053412
4340963.0	20.0	0.0
4353038.0	17.740786749482403	7.946847233487061
4365113.0	18.235113871635612	5.919263565632154
4377188.0	20.0	0.0
4389263.0	10.580538302277432	10.437787697030513
4401338.0	20.0	0.0
4413413.0	17.220703933747412	7.26296940911093
4425488.0	19.615320910973086	5.343039821502504
4437563.0	20.42128364389234	4.533729126553621
4449638.0	20.0	0.0
4461713.0	20.0	0.0
4473788.0	18.706418219461696	6.885517552579014
4485863.0	19.999006211180124	6.226191921111116
4497938.0	20.0	0.0
4510013.0	20.0	0.0
4522088.0	16.6111801242236	8.573250324002702
4534163.0	20.0	0.0
4546238.0	19.791304347826088	5.65566097244139
4558313.0	19.3272049689441	4.895538172240023
4570388.0	17.760579710144928	8.053429242706972
4582463.0	20.0	0.0
4594538.0	20.0	0.0
4606613.0	17.182608695652174	7.2075702093688525
4618688.0	20.0	0.0
4630763.0	20.0	0.0
4642838.0	20.0	0.0
4651302.0	19.898413352565424	5.961688248050906
4657339.5	14.268900581556355	9.332232135588558
4666988.0	18.56919254658385	6.335054794921537
4679063.0	20.0	0.0
4691138.0	20.0	0.0
4703213.0	19.139544513457558	4.215037656185786
4715288.0	17.530766045548653	7.234017866493947
4722679.5	16.110044313146233	7.54870937935379
4728717.0	15.744635422226967	9.388333904063154
4739438.0	20.0	0.0
4751513.0	19.451097308488613	4.601871974846524
4763588.0	18.714948240165633	6.8989932352811785
4775663.0	19.135403726708073	4.509525230596126
4787738.0	17.39047619047619	7.582397617059421
4799813.0	17.58583850931677	7.745522983891784
4811888.0	20.0	0.0
4819084.5	19.691544434857637	5.37293411951343
4825049.5	15.688618393674574	9.25594926272057
