#Position (bp)	mapping quality
6038.0	59.99431679450371
18113.0	59.88953693884765
30188.0	59.96972972972973
42263.0	59.92503022974607
54338.0	60.0
66413.0	60.0
78488.0	60.0
90563.0	60.0
102638.0	59.931736886655926
114713.0	60.0
126788.0	59.90981749995358
138863.0	60.0
150938.0	60.0
163013.0	60.0
175088.0	60.0
187163.0	60.0
199238.0	60.0
211313.0	60.0
223388.0	59.970545368859256
235463.0	60.0
247538.0	59.93492985002419
259613.0	60.0
271688.0	60.0
283763.0	60.0
295838.0	60.0
307913.0	59.50952400393753
319988.0	59.915576777260895
332063.0	60.0
344138.0	60.0
356213.0	60.0
368288.0	60.0
380363.0	60.0
392438.0	60.0
404513.0	59.96247518520312
416588.0	60.0
428663.0	59.9721706864564
440738.0	60.0
452813.0	60.0
464888.0	59.88961728163826
476963.0	60.0
489038.0	60.0
501113.0	60.0
513188.0	59.94060475161987
525263.0	59.97189189189189
537338.0	60.0
549413.0	60.0
561488.0	59.936376966473645
573563.0	59.91214993078479
585638.0	59.973989717268225
597713.0	60.0
609788.0	59.97404895602657
621863.0	60.0
633938.0	59.93472597452721
646013.0	60.0
658088.0	59.38309549945115
670163.0	60.0
682238.0	60.0
694313.0	59.78424062914922
706388.0	60.0
718463.0	59.99585921325052
730538.0	60.0
742613.0	60.0
754688.0	59.817113722012856
766763.0	59.963714988692
778838.0	60.0
790913.0	59.542729511585684
802988.0	58.908495987923715
815063.0	59.86414615485099
827138.0	59.20950323974082
839213.0	59.96868787276342
851288.0	59.94277374995745
863363.0	60.0
875438.0	60.0
887513.0	60.0
899588.0	60.0
911663.0	59.84126984126984
923738.0	60.0
935813.0	60.0
947888.0	59.96023972134672
959963.0	59.97184555514309
972038.0	59.961737704510725
984113.0	60.0
996188.0	60.0
1008263.0	60.0
1020338.0	59.882286941298226
1032413.0	60.0
1044488.0	60.0
1056563.0	60.0
1068638.0	57.4371878538568
1080713.0	55.97207092198582
1092788.0	59.974276367551454
1104863.0	59.91466742886647
1116938.0	60.0
1129013.0	58.56202804746494
1141088.0	59.969280480589816
1153163.0	60.0
1165238.0	60.0
1177313.0	59.94369413199445
1189388.0	60.0
1201463.0	59.94780209537303
1213538.0	59.96183982904243
1225613.0	60.0
1237688.0	59.72135701658389
1249763.0	59.99398257353295
1261838.0	60.0
1273913.0	60.0
1285988.0	59.96136266067325
1298063.0	60.0
1310138.0	59.979347377116895
1322213.0	59.940572042021316
1334288.0	60.0
1346363.0	59.95468373020036
1358438.0	60.0
1370513.0	60.0
1382588.0	59.97837837837838
1394663.0	60.0
1406738.0	60.0
1418813.0	59.750884691892175
1430888.0	60.0
1442963.0	60.0
1455038.0	60.0
1467113.0	60.0
1479188.0	60.0
1491263.0	60.0
1503338.0	60.0
1515413.0	60.0
1527488.0	60.0
1539563.0	59.94168466522678
1551638.0	60.0
1563713.0	60.0
1575788.0	60.0
1587863.0	59.97189189189189
1599938.0	60.0
1612013.0	60.0
1624088.0	59.828418230563
1636163.0	60.0
1648238.0	60.0
1660313.0	56.88657741358416
1672388.0	59.31408332784587
1684463.0	60.0
1696538.0	59.968072976054735
1708613.0	59.94035439430716
1720688.0	60.0
1732763.0	59.99354991847097
1744838.0	60.0
1756913.0	60.0
1768988.0	59.99527948355894
1781063.0	59.94644484958979
1793138.0	60.0
1805213.0	59.93738615664845
1817288.0	59.940235174588
1829363.0	59.8882618510158
1841438.0	59.94596131968146
1853513.0	60.0
1865588.0	60.0
1877663.0	60.0
1889738.0	60.0
1901813.0	58.81799163179916
1913888.0	60.0
1925963.0	59.90835246427168
1938038.0	59.957690393230465
1950113.0	60.0
1962188.0	60.0
1974263.0	59.87541640711751
1986338.0	59.990553334300095
1998413.0	60.0
2010488.0	60.0
2022563.0	60.0
2034638.0	59.9390695042869
2046713.0	59.80957446808511
2058788.0	60.0
2070863.0	60.0
2082938.0	60.0
2095013.0	59.99527948355894
2107088.0	60.0
2119163.0	60.0
2131238.0	59.99143906600981
2143313.0	59.98555785587788
2155388.0	60.0
2167463.0	60.0
2179538.0	60.0
2191613.0	60.0
2203688.0	60.0
2215763.0	60.0
2227838.0	60.0
2239913.0	59.741722850805026
2251988.0	59.985715667056375
2264063.0	59.966762447999315
2276138.0	60.0
2288213.0	60.0
2300288.0	59.90677304847625
2312363.0	59.939353015986114
2324438.0	59.96819454337635
2336513.0	60.0
2348588.0	60.0
2360663.0	59.92503022974607
2372738.0	59.97491448118586
2384813.0	60.0
2396888.0	60.0
2408963.0	59.941913439635535
2421038.0	60.0
2433113.0	59.99503105590062
2445188.0	59.85055639005549
2457263.0	60.0
2469338.0	59.947609155186235
2481413.0	60.0
2493488.0	60.0
2505563.0	60.0
2517638.0	60.0
2529713.0	60.0
2541788.0	60.0
2553863.0	59.92850299111923
2565938.0	60.0
2578013.0	59.93265853303681
2590088.0	60.0
2602163.0	59.967533451367274
2614238.0	59.920173499603784
2626313.0	60.0
2638388.0	59.94060475161987
2650463.0	59.922362730654406
2662538.0	60.0
2674613.0	60.0
2686688.0	59.94531658704252
2698763.0	59.98136465670718
2710838.0	60.0
2722913.0	59.93710273220407
2734988.0	60.0
2747063.0	59.800927439594396
2759138.0	60.0
2771213.0	59.964676644112984
2783288.0	59.595541401273884
2795363.0	59.583686440677965
2807438.0	60.0
2819513.0	60.0
2831588.0	59.98547215496368
2843663.0	60.0
2855738.0	60.0
2867813.0	60.0
2879888.0	59.99255258953535
2891963.0	59.96186702148174
2904038.0	60.0
2916113.0	59.962724893144696
2928188.0	60.0
2940263.0	60.0
2952338.0	59.937115646494526
2964413.0	59.9551950195727
2976488.0	59.94639160820799
2988563.0	59.851363433169425
3000638.0	60.0
3012713.0	60.0
3024788.0	60.0
3036863.0	60.0
3048938.0	59.966646901867776
3061013.0	59.893214905268884
3073088.0	60.0
3085163.0	60.0
3097238.0	60.0
3109313.0	59.99527948355894
3121388.0	59.96024993472526
3133463.0	59.97263397947548
3145538.0	59.9818401937046
3157613.0	59.952461212671246
3169688.0	60.0
3181763.0	60.0
3193838.0	59.94848641644039
3205913.0	59.94816414686825
3217988.0	60.0
3230063.0	60.0
3242138.0	60.0
3254213.0	59.83418682600457
3266288.0	59.994186529358025
3278363.0	59.9336511141409
3290438.0	59.93621867881549
3302513.0	60.0
3314588.0	59.99585921325052
3326663.0	60.0
3338738.0	59.92872570194385
3350813.0	59.96972972972973
3362888.0	59.86944623444443
3374963.0	59.99527948355894
3387038.0	59.97316581291437
3399113.0	60.0
3411188.0	59.99080726309033
3423263.0	59.926590169859054
3435338.0	59.92535549445765
3447413.0	59.90748440748441
3459488.0	59.856128217339986
3471563.0	59.99527948355894
3483638.0	59.91168409298548
3495713.0	60.0
3507788.0	60.0
3519863.0	60.0
3531938.0	60.0
3544013.0	59.92314647377938
3556088.0	59.89598182273713
3568163.0	60.0
3580238.0	59.988626943528985
3592313.0	60.0
3604388.0	60.0
3616463.0	60.0
3628538.0	59.973285149457446
3640613.0	60.0
3652688.0	59.88618808445217
3664763.0	59.94026414110696
3676838.0	59.849772912542214
3688913.0	60.0
3700988.0	60.0
3713063.0	59.94924406047516
3725138.0	59.93288757425866
3737213.0	60.0
3749288.0	59.99524631589482
3761363.0	60.0
3773438.0	60.0
3785513.0	60.0
3797588.0	60.0
3809663.0	60.0
3821738.0	59.93807044649001
3833813.0	59.924380690673445
3845888.0	60.0
3857963.0	60.0
3870038.0	59.99527948355894
3882113.0	60.0
3894188.0	60.0
3906263.0	59.863116139940175
3918338.0	60.0
3930413.0	60.0
3942488.0	59.9772972972973
3954563.0	59.83288934325512
3966638.0	59.95974855268716
3978713.0	59.943844492440604
3990788.0	60.0
4002863.0	59.96445437465089
4014938.0	59.0013422818792
4027013.0	59.003359462486
4039088.0	60.0
4051163.0	60.0
4063238.0	59.950323974082075
4075313.0	59.96371220020855
4087388.0	60.0
4099463.0	58.52458788213406
4111538.0	60.0
4123613.0	60.0
4135688.0	59.96362272851922
4147763.0	60.0
4159838.0	60.0
4171913.0	59.96574259513018
4183988.0	59.97010346799771
4196063.0	59.950323974082075
4208138.0	59.95762711864407
4220213.0	59.88802277039848
4232288.0	59.90391780011827
4244363.0	59.971316874176686
4256438.0	60.0
4268513.0	60.0
4280588.0	59.9452872637504
4292663.0	59.99925114823937
4304738.0	60.0
4316813.0	60.0
4328888.0	59.94492440604752
4340963.0	60.0
4353038.0	59.95216400911162
4365113.0	59.9442412347221
4377188.0	60.0
4389263.0	59.85468336972762
4401338.0	60.0
4413413.0	59.9179366940211
4425488.0	60.0
4437563.0	58.92105767913413
4449638.0	60.0
4461713.0	59.89611686852291
4473788.0	59.89576612117459
4485863.0	59.97465513171463
4497938.0	60.0
4510013.0	60.0
4522088.0	59.97820823244552
4534163.0	60.0
4546238.0	59.93389201605371
4558313.0	59.99893091577754
4570388.0	59.91082146355822
4582463.0	60.0
4594538.0	60.0
4606613.0	59.946684709066304
4618688.0	60.0
4630763.0	60.0
4642838.0	60.0
4651302.0	60.0
4657339.5	60.0
4666988.0	59.42139737991266
4679063.0	60.0
4691138.0	60.0
4703213.0	59.77777777777778
4715288.0	59.760519553692625
4722679.5	59.742351215423305
4728717.0	59.98002131060203
4739438.0	60.0
4751513.0	60.0
4763588.0	59.97081106325567
4775663.0	60.0
4787738.0	59.985879695001415
4799813.0	59.978143194627876
4811888.0	60.0
4819084.5	60.0
4825049.5	59.95818518370554
