#Position (bp)	Coverage	Std
6038.0	19.520496894409938	5.228564640392022
18113.0	9.045134575569358	9.78982020826455
30188.0	18.808281573498967	7.035962045432159
42263.0	16.759420289855072	8.747433814764493
54338.0	20.0	0.0
66413.0	20.0	0.0
78488.0	20.0	0.0
90563.0	20.0	0.0
102638.0	14.770020703933747	9.521295734497912
114713.0	19.929358178053832	5.988837096820779
126788.0	17.523892339544513	7.662821972335659
138863.0	20.0	0.0
150938.0	20.0	0.0
163013.0	20.0	0.0
175088.0	19.99304347826087	6.199051553716218
187163.0	16.382608695652173	8.3013631049115
199238.0	20.0	0.0
211313.0	20.0	0.0
223388.0	18.79337474120083	7.011200740087634
235463.0	20.0	0.0
247538.0	16.541863354037268	8.33910193714002
259613.0	19.984844720496895	6.200794712975409
271688.0	20.0	0.0
283763.0	20.0	6.2423452088140845
295838.0	18.44968944099379	6.4999442584009
307913.0	18.367784679089027	5.83981479612171
319988.0	20.17217391304348	3.5735049864522
332063.0	20.0	0.0
344138.0	19.705590062111803	5.518078700651509
356213.0	20.0	0.0
368288.0	18.4511801242236	6.5029886424354055
380363.0	19.125051759834367	4.059291414876528
392438.0	20.0	0.0
404513.0	16.756107660455488	8.743930163249988
416588.0	20.0	0.0
428663.0	19.99768115942029	6.2223866191434345
440738.0	20.0	0.0
452813.0	20.0	0.0
464888.0	20.0	0.0
476963.0	20.0	0.0
489038.0	20.0	0.0
501113.0	20.0	0.0
513188.0	18.81656314699793	7.049484952479727
525263.0	18.81407867494824	7.044725498548291
537338.0	20.0	0.0
549413.0	20.0	0.0
561488.0	20.0	0.0
573563.0	15.553623188405798	8.98489645957225
585638.0	18.698633540372672	6.739924617600085
597713.0	20.0	0.0
609788.0	16.539958592132503	8.491525430733088
621863.0	20.0	0.0
633938.0	18.79751552795031	7.017989306991246
646013.0	20.0	0.0
658088.0	18.732091097308487	6.734048708487458
670163.0	20.0	0.0
682238.0	20.0	0.0
694313.0	16.21631469979296	8.099515615708741
706388.0	20.0	0.0
718463.0	19.330848861283645	4.7956588374591655
730538.0	20.0	0.0
742613.0	19.999006211180124	6.226644145002074
754688.0	17.632298136645964	7.808658993675104
766763.0	20.0	0.0
778838.0	19.73134575569358	5.521911932217277
790913.0	18.803809523809523	7.0040686194292014
802988.0	19.63262939958592	5.035205251572754
815063.0	17.528778467908904	7.562131875953817
827138.0	19.11113871635611	4.383027683807006
839213.0	20.0	0.0
851288.0	19.321573498964803	4.772991648365029
863363.0	17.148985507246376	7.048774176500785
875438.0	20.0	0.0
887513.0	20.0	0.0
899588.0	20.0	0.0
911663.0	15.311801242236024	8.863702239544399
923738.0	20.0	0.0
935813.0	19.986666666666668	6.203451920905781
947888.0	20.0	0.0
959963.0	19.854989648033126	5.839382252701708
972038.0	20.0	0.0
984113.0	20.0	0.0
996188.0	20.0	0.0
1008263.0	18.50376811594203	6.6861186195443
1020338.0	16.896066252587993	8.97648180931025
1032413.0	20.0	0.0
1044488.0	20.0	0.0
1056563.0	19.969937888198757	6.115953411232333
1068638.0	14.990973084886129	9.29486601094877
1080713.0	9.80703933747412	9.711247241285049
1092788.0	19.977639751552793	6.168604138590314
1104863.0	17.607453416149067	7.775818544517811
1116938.0	20.0	0.0
1129013.0	19.19254658385093	3.903632114492887
1141088.0	18.01904761904762	5.920872298780638
1153163.0	18.751966873706003	7.051775395734331
1165238.0	20.0	0.0
1177313.0	18.820703933747414	7.055884582841249
1189388.0	20.0	0.0
1201463.0	19.970848861283645	6.126512996042956
1213538.0	16.261697722567288	8.237921706187008
1225613.0	14.803312629399587	9.934526864252929
1237688.0	16.613002070393375	8.455921516644544
1249763.0	18.80496894409938	7.030545599636734
1261838.0	20.0	0.0
1273913.0	16.885383022774327	8.956148055482245
1285988.0	19.883146997929607	5.9606577651957835
1298063.0	19.961739130434783	6.127445639262072
1310138.0	18.66302277432712	6.653083470747759
1322213.0	18.791718426501035	7.008483472172146
1334288.0	20.0	0.0
1346363.0	19.7831884057971	5.664761584526204
1358438.0	20.0	0.0
1370513.0	20.0	0.0
1382588.0	18.802484472049688	7.025419684198974
1394663.0	19.810931677018633	5.652958696911338
1406738.0	20.0	0.0
1418813.0	18.71950310559006	6.833409583980977
1430888.0	20.0	0.0
1442963.0	20.0	0.0
1455038.0	19.99552795031056	6.214169342809865
1467113.0	20.0	0.0
1479188.0	20.0	0.0
1491263.0	20.0	0.0
1503338.0	16.381863354037268	8.300998967047983
1515413.0	20.0	0.0
1527488.0	20.0	0.0
1539563.0	18.8	7.021705478449444
1551638.0	19.99527950310559	6.213762858468584
1563713.0	20.0	0.0
1575788.0	19.99536231884058	6.209896596159204
1587863.0	18.795527950310557	7.01430658685589
1599938.0	20.00033126293996	0.11654089641961964
1612013.0	19.8072049689441	5.696150310902023
1624088.0	14.337060041407868	9.090754751183741
1636163.0	19.662360248447204	5.397215753349013
1648238.0	19.999917184265012	6.244739400994683
1660313.0	10.93449275362319	9.909403276278823
1672388.0	17.467494824016562	7.6576380359648155
1684463.0	20.0	0.0
1696538.0	17.793788819875775	8.009233801491657
1708613.0	19.951552795031056	6.065924919958668
1720688.0	19.53374741200828	5.321039142586326
1732763.0	15.876604554865425	9.430934517846955
1744838.0	20.0	0.0
1756913.0	20.0	0.0
1768988.0	20.0	0.0
1781063.0	17.81366459627329	8.03710339960241
1793138.0	20.0	0.0
1805213.0	17.824430641821944	8.051876316444565
1817288.0	16.636853002070392	8.451199579179406
1829363.0	17.65714285714286	7.667062731690476
1841438.0	14.219130434782608	9.117253227711704
1853513.0	20.0	0.0
1865588.0	20.0	0.0
1877663.0	19.946666666666665	6.079752909875084
1889738.0	20.0	0.0
1901813.0	19.151138716356108	4.191552186344443
1913888.0	20.000579710144926	0.155772302903756
1925963.0	16.663271221532092	8.440693111767501
1938038.0	19.966625258799173	6.110582071334744
1950113.0	20.0	0.0
1962188.0	20.0	0.0
1974263.0	14.561490683229813	9.479497326610595
1986338.0	19.988902691511388	6.212209976733809
1998413.0	16.393706004140785	8.325927972577885
2010488.0	20.0	0.0
2022563.0	20.0	0.0
2034638.0	18.795859213250516	7.015274668532103
2046713.0	19.121325051759836	4.3284890903620195
2058788.0	20.0	0.0
2070863.0	20.0	0.0
2082938.0	19.83751552795031	5.7676975825477115
2095013.0	20.0	0.0
2107088.0	20.0	0.0
2119163.0	19.683146997929608	5.473618263489875
2131238.0	16.98385093167702	9.073748908508456
2143313.0	19.766459627329194	5.742832421689013
2155388.0	20.0	0.0
2167463.0	20.0	0.0
2179538.0	20.000082815734988	0.05827044820980982
2191613.0	20.0	0.0
2203688.0	20.0	0.0
2215763.0	20.0	0.0
2227838.0	20.000662525879918	0.16681153124562098
2239913.0	16.676190476190477	8.54502143381442
2251988.0	18.655072463768114	6.867814332522694
2264063.0	19.31511387163561	4.8915780921788485
2276138.0	20.0	0.0
2288213.0	18.904347826086955	7.260317852608862
2300288.0	14.735155279503106	9.587245668235772
2312363.0	19.991221532091096	6.1840976853696805
2324438.0	20.001739130434782	0.2676482967740797
2336513.0	19.354285714285716	4.8334925368225905
2348588.0	20.0	0.0
2360663.0	16.73871635610766	8.720172467760875
2372738.0	17.807867494824016	8.028804252350863
2384813.0	19.04265010351967	4.30392954447555
2396888.0	19.75817805383023	5.729260915844377
2408963.0	17.812836438923394	8.036536649891652
2421038.0	20.0	0.0
2433113.0	20.0	0.0
2445188.0	15.389648033126294	8.724089112845034
2457263.0	18.46128364389234	6.625066896806671
2469338.0	17.775652173913045	7.9427871364417175
2481413.0	20.0	0.0
2493488.0	20.0	0.0
2505563.0	20.0	0.0
2517638.0	19.98103519668737	6.185496962314947
2529713.0	20.0	0.0
2541788.0	20.0	0.0
2553863.0	10.220455486542443	10.021876691636166
2565938.0	10.817225672877846	10.593435210790567
2578013.0	19.9455900621118	6.07599901046365
2590088.0	20.0	0.0
2602163.0	18.77424430641822	6.934899886726799
2614238.0	19.92712215320911	6.0198636001138075
2626313.0	20.0	0.0
2638388.0	18.80910973084886	7.037315505489968
2650463.0	18.839751552795033	7.064201296579262
2662538.0	16.382443064182194	8.301253366414988
2674613.0	20.0	0.0
2686688.0	18.70111801242236	6.8017900457223
2698763.0	16.862443064182195	8.926513883007166
2710838.0	20.0	0.0
2722913.0	20.0	0.0
2734988.0	20.0	0.0
2747063.0	17.816149068322982	8.040348560164794
2759138.0	20.0	0.0
2771213.0	19.737971014492754	5.459498911474315
2783288.0	19.544513457556935	4.992126305669742
2795363.0	19.503105590062113	4.898345518629301
2807438.0	20.0	0.0
2819513.0	20.0	0.0
2831588.0	16.74368530020704	8.726722957776335
2843663.0	20.0	0.0
2855738.0	19.9816149068323	6.187337634066015
2867813.0	20.0	0.0
2879888.0	19.706997929606626	5.572759834580441
2891963.0	17.84024844720497	7.946446006913202
2904038.0	20.0	0.0
2916113.0	20.0	0.0
2928188.0	20.0	0.0
2940263.0	19.824596273291924	5.81709481893713
2952338.0	18.72472049689441	6.84738695230043
2964413.0	17.374741200828158	7.561124282411885
2976488.0	18.77846790890269	6.989906950156249
2988563.0	17.874120082815736	7.994708394859728
3000638.0	20.0	0.0
3012713.0	20.0	0.0
3024788.0	19.94575569358178	6.07632612113889
3036863.0	20.0	0.0
3048938.0	16.76024844720497	8.748806484705916
3061013.0	19.714948240165633	5.3622791112623664
3073088.0	20.0	0.0
3085163.0	19.991221532091096	6.205767703921171
3097238.0	18.44910973084886	6.49951742116863
3109313.0	19.88902691511387	5.868962471927592
3121388.0	17.810351966873707	8.032052765987707
3133463.0	17.808695652173913	8.029680964865012
3145538.0	16.74865424430642	8.733553013531528
3157613.0	18.795031055900623	7.013916955303979
3169688.0	20.0	0.0
3181763.0	20.0	0.0
3193838.0	17.72207039337474	7.821025968820777
3205913.0	18.730683229813664	6.78095616116395
3217988.0	19.962650103519668	6.127438881488482
3230063.0	20.0	0.0
3242138.0	18.81159420289855	7.042079967534531
3254213.0	18.997101449275362	7.3908902575516455
3266288.0	19.82111801242236	5.838935493894701
3278363.0	15.544844720496894	8.969139637585611
3290438.0	17.819958592132505	8.04835798486797
3302513.0	20.0	0.0
3314588.0	19.793954451345755	5.6995804574814395
3326663.0	19.858053830227743	5.799243186148612
3338738.0	18.76306418219462	6.90987830713839
3350813.0	18.813250517598345	7.043726192502676
3362888.0	20.0	0.0
3374963.0	20.0	0.0
3387038.0	19.999006211180124	6.227309120477925
3399113.0	20.0	0.0
3411188.0	20.0	0.0
3423263.0	17.631469979296067	7.635945288927006
3435338.0	20.0	0.0
3447413.0	19.23726708074534	4.5912420003295455
3459488.0	20.0	0.0
3471563.0	19.99983436853002	6.2418543191598825
3483638.0	16.385175983436852	8.302754662739833
3495713.0	20.0	0.0
3507788.0	20.0	0.0
3519863.0	20.0	0.0
3531938.0	20.0	0.0
3544013.0	17.613250517598345	7.61041565888718
3556088.0	18.447287784679087	6.4980519457008725
3568163.0	19.9975983436853	6.237680197341511
3580238.0	16.111966873706002	7.803338458461768
3592313.0	20.0	0.0
3604388.0	20.0	0.0
3616463.0	20.0	0.0
3628538.0	16.74865424430642	8.733837483275321
3640613.0	20.0	0.0
3652688.0	10.745507246376812	10.619026636564884
3664763.0	14.932753623188406	9.864493913305003
3676838.0	16.742857142857144	8.408070657048087
3688913.0	20.0	0.0
3700988.0	20.0	0.0
3713063.0	18.803312629399585	7.026067994972671
3725138.0	20.0	0.0
3737213.0	20.0	0.0
3749288.0	19.891014492753623	5.91484779437661
3761363.0	19.996935817805383	6.2138761436625405
3773438.0	19.9951966873706	6.209989948082
3785513.0	20.0	0.0
3797588.0	20.000082815734988	0.05827044820980982
3809663.0	20.0	0.0
3821738.0	18.810766045548654	7.0400216449883715
3833813.0	15.801656314699793	9.407736563402315
3845888.0	20.0	0.0
3857963.0	20.0	0.0
3870038.0	20.0	0.0
3882113.0	20.0	0.0
3894188.0	20.0	0.0
3906263.0	17.52281573498965	7.565033433426535
3918338.0	20.0	0.0
3930413.0	20.0	0.0
3942488.0	18.803312629399585	7.026067994972671
3954563.0	15.91304347826087	9.379838296027675
3966638.0	19.998509316770186	6.216994007778489
3978713.0	18.813250517598345	7.042315166090676
3990788.0	20.0	0.0
4002863.0	16.12919254658385	7.99202501047863
4014938.0	18.467908902691512	6.051921652961294
4027013.0	18.509316770186334	6.124897430163276
4039088.0	19.98608695652174	6.20156261614664
4051163.0	20.0	0.0
4063238.0	18.810766045548654	7.038256889415722
4075313.0	19.875776397515526	5.89102556390795
4087388.0	20.0	0.0
4099463.0	17.831055900621116	7.5681089640626515
4111538.0	20.0	0.0
4123613.0	20.000993788819876	0.20389580418634037
4135688.0	14.615155279503105	9.674948975635965
4147763.0	19.85142857142857	5.803211790099114
4159838.0	20.0	0.025739578083794682
4171913.0	15.704347826086957	9.365391556481296
4183988.0	15.512215320910974	9.161739688513466
4196063.0	18.80910973084886	7.036256298026058
4208138.0	16.749482401656316	8.735212289773617
4220213.0	10.551055900621119	10.386278573613152
4232288.0	16.266335403726707	8.105423381832548
4244363.0	19.301863354037266	4.867307595561807
4256438.0	20.0	0.0
4268513.0	19.848612836438924	5.813420612105281
4280588.0	18.530351966873706	6.424036127360391
4292663.0	19.96728778467909	6.14273291799858
4304738.0	20.0	0.0
4316813.0	20.0	0.0
4328888.0	18.808281573498967	7.035608926074739
4340963.0	20.0	0.0
4353038.0	17.812008281573497	8.034114632590613
4365113.0	18.44472049689441	6.494080757592131
4377188.0	20.0	0.0
4389263.0	10.622939958592132	10.476245435579536
4401338.0	20.0	0.0
4413413.0	17.296894409937888	7.366450724283164
4425488.0	19.624430641821945	5.305148091551445
4437563.0	19.958592132505174	6.11433505523715
4449638.0	20.0	0.0
4461713.0	20.0	0.0
4473788.0	18.79006211180124	7.006828967080119
4485863.0	19.999006211180124	6.2261786199112
4497938.0	20.0	0.0
4510013.0	20.0	0.0
4522088.0	6.595445134575569	9.723421596137436
4534163.0	0.0	0.0
4546238.0	0.0	0.0
4558313.0	0.0	0.0
4570388.0	17.801159420289856	8.103813993561058
4582463.0	20.0	0.0
4594538.0	20.0	0.0
4606613.0	17.425258799171843	7.537209285241043
4618688.0	20.0	0.0
4630763.0	19.64273291925466	5.397714415470039
4642838.0	20.0	0.0
4651302.0	19.886668040387388	5.93176739376762
4657339.5	14.259069509831072	9.320896918082438
4666988.0	18.985507246376812	7.156424382181943
4679063.0	20.0	0.0
4691138.0	20.0	0.0
4703213.0	19.37888198757764	4.741334036661516
4715288.0	18.599254658385092	6.484898846048275
4722679.5	17.587887740029544	7.021069788493006
4728717.0	15.795879150208178	9.442758498119389
4739438.0	20.0	0.0
4751513.0	20.0	0.0
4763588.0	18.801821946169774	7.025608289867154
4775663.0	19.149979296066252	4.542424813731737
4787738.0	17.43022774327122	7.635294530487203
4799813.0	17.830062111801244	8.058517862791366
4811888.0	20.0	0.0
4819084.5	19.705780845556514	5.411217696868149
4825049.5	15.858510195588847	9.464599922098834
