#Position (bp)	Coverage	Std
6038.0	19.00761904761905	3.7831926442954127
18113.0	8.569192546583851	10.129689058114206
30188.0	18.50592132505176	6.587283061827994
42263.0	16.426501035196686	8.356993327394733
54338.0	20.0	0.0
66413.0	20.0	6.2423452088140845
78488.0	19.999917184265012	6.242093135165042
90563.0	20.0	6.2423452088140845
102638.0	14.509068322981367	9.26446046692797
114713.0	19.98650103519669	6.168644414540643
126788.0	17.268405797101448	7.327584797517073
138863.0	19.72505175983437	5.55953287580004
150938.0	19.999751552795033	6.236538297636615
163013.0	20.0	0.0
175088.0	19.56737060041408	4.957918149884324
187163.0	16.362567287784678	8.237956891572814
199238.0	20.0	0.0
211313.0	20.0	0.0
223388.0	18.72463768115942	6.91444313083301
235463.0	19.999917184265012	6.242093135165042
247538.0	16.46128364389234	8.400285906600406
259613.0	19.999254658385095	6.235024294283911
271688.0	19.44182194616977	5.016453260285535
283763.0	20.0	0.0
295838.0	18.448281573498964	6.497707829637886
307913.0	17.54327122153209	7.4764281060993865
319988.0	20.019958592132504	2.877930588469726
332063.0	20.0	0.0
344138.0	20.0	0.0
356213.0	19.99966873706004	6.241575688938278
368288.0	18.4487784679089	6.498580829306585
380363.0	19.081407867494825	3.5682403989240243
392438.0	19.743188405797103	5.701585265008451
404513.0	16.11072463768116	7.884634006480519
416588.0	19.32654244306418	4.772202116788252
428663.0	19.99685300207039	6.219910592981147
440738.0	19.641242236024844	5.391435582454043
452813.0	19.930683229813663	6.028359479362722
464888.0	19.999585921325053	6.235761420780499
476963.0	19.85697722567288	5.75253657255941
489038.0	20.0	6.2370362447249255
501113.0	19.999917184265012	6.242093135165042
513188.0	18.462939958592134	6.52499573625746
525263.0	18.483643892339543	6.553427500803038
537338.0	19.66575569358178	5.4453885746362
549413.0	20.000082815734988	0.05827044820980982
561488.0	20.0	0.0
573563.0	14.885548654244307	9.813680399389746
585638.0	18.152463768115943	5.790475509425698
597713.0	19.999917184265012	6.242093135165042
609788.0	15.820289855072463	9.277212224944876
621863.0	19.989399585921326	6.214515833058715
633938.0	18.256066252587992	6.002277000651217
646013.0	19.999917184265012	6.242093135165042
658088.0	18.008281573498966	5.548282333569738
670163.0	20.0	0.0
682238.0	20.0	0.0
694313.0	16.21614906832298	8.095869662368713
706388.0	20.0	0.0
718463.0	18.68430641821946	6.477263947081793
730538.0	19.99983436853002	6.236531658073515
742613.0	19.999917184265012	6.242093135165042
754688.0	17.457556935817806	7.52582854163548
766763.0	19.92910973084886	6.026394669469906
778838.0	19.730269151138717	5.513882348284611
790913.0	17.73184265010352	7.811384164620747
802988.0	0.0	0.0
815063.0	15.068985507246376	8.251833349213276
827138.0	17.54360248447205	7.467733212794503
839213.0	19.991801242236026	6.188287875680811
851288.0	19.133084886128366	4.238725149177418
863363.0	17.055900621118013	6.936708845455836
875438.0	19.999917184265012	6.242093135165042
887513.0	20.0	0.0
899588.0	20.0	0.0
911663.0	15.239668737060041	8.780681788494984
923738.0	20.0	0.0
935813.0	19.72728778467909	5.544355307553578
947888.0	20.000496894409938	0.14273286519730755
959963.0	19.855072463768117	5.839644618926935
972038.0	19.686211180124225	5.486441031915621
984113.0	19.992298136645964	6.1768552170721
996188.0	19.94592132505176	6.041279669193262
1008263.0	18.511801242236025	6.70292417878823
1020338.0	16.16496894409938	7.8369301464337955
1032413.0	19.996687370600416	6.234645735999452
1044488.0	19.998923395445136	6.2291773215666035
1056563.0	20.0	6.2423452088140845
1068638.0	12.502774327122154	9.491253465140657
1080713.0	10.894492753623188	9.57037786637372
1092788.0	19.69664596273292	5.559942505325564
1104863.0	17.24405797101449	7.284317651221174
1116938.0	19.991304347826087	6.182235955369827
1129013.0	18.968281573498963	6.745107881365794
1141088.0	17.845134575569357	8.157735852815193
1153163.0	18.551304347826086	6.756559576329406
1165238.0	20.0	0.0
1177313.0	18.117432712215322	5.736404396808745
1189388.0	20.0	0.0
1201463.0	19.99055900621118	6.185329601357775
1213538.0	15.8824016563147	9.55253535335089
1225613.0	14.387743271221533	9.36443206989716
1237688.0	16.39975155279503	8.288663714361457
1249763.0	18.48695652173913	6.566052351166633
1261838.0	20.0	0.0
1273913.0	16.320248447204968	8.148705901398996
1285988.0	19.60008281573499	5.257730185933332
1298063.0	19.961904761904762	6.127851092039622
1310138.0	9.677018633540373	10.546024537254437
1322213.0	10.46376811594203	10.390790635014447
1334288.0	19.660455486542443	5.430265617728937
1346363.0	19.880662525879917	5.863145941494459
1358438.0	20.0	0.0
1370513.0	19.99983436853002	6.2418543191598825
1382588.0	18.506915113871635	6.589244011718094
1394663.0	19.851345755693583	5.7769012447607615
1406738.0	20.0	0.0
1418813.0	17.972173913043477	7.8970707675741725
1430888.0	19.994451345755692	6.189552407582569
1442963.0	20.0	0.0
1455038.0	19.999751552795033	6.241827783484173
1467113.0	20.0	0.0
1479188.0	20.0	0.0
1491263.0	20.0	0.0
1503338.0	16.381863354037268	8.30071961758571
1515413.0	20.0	0.0
1527488.0	19.999917184265012	6.242093135165042
1539563.0	18.454244306418218	6.507991583533722
1551638.0	19.650434782608695	5.41373148695393
1563713.0	19.999917184265012	6.242093135165042
1575788.0	19.930683229813663	6.007069679000271
1587863.0	18.5007867494824	6.5976217560905175
1599938.0	19.527039337474122	5.1364648564486535
1612013.0	19.90774327122153	5.963942725784592
1624088.0	13.624016563146998	9.767716292639697
1636163.0	19.64687370600414	5.372246755007387
1648238.0	20.00016563146998	6.242902388131925
1660313.0	7.41879917184265	9.622304145060133
1672388.0	16.918426501035196	8.850354708592695
1684463.0	19.999917184265012	6.242093135165042
1696538.0	17.47080745341615	7.598545136982328
1708613.0	19.951966873706006	6.067665378627756
1720688.0	19.363975155279505	4.994033707416025
1732763.0	15.757018633540373	9.329412071863118
1744838.0	20.0	0.0
1756913.0	19.99966873706004	6.236266069753089
1768988.0	19.99966873706004	6.241575688938278
1781063.0	17.469565217391306	7.555349934278332
1793138.0	20.0	0.0
1805213.0	17.411594202898552	7.417744937552931
1817288.0	15.902028985507247	9.3280271814199
1829363.0	16.993540372670807	8.857566275860595
1841438.0	13.862277432712215	10.196837085216329
1853513.0	19.999917184265012	6.242093135165042
1865588.0	20.0	0.0
1877663.0	19.966376811594202	6.139179408481543
1889738.0	19.999585921325053	6.236266069753089
1901813.0	16.80910973084886	8.805183867470264
1913888.0	19.979958592132505	6.182155580301067
1925963.0	16.27064182194617	7.97897859245668
1938038.0	19.9855900621118	6.152654327971229
1950113.0	19.949151138716356	6.049985028128557
1962188.0	20.0	0.0
1974263.0	13.815569358178054	10.019112171028537
1986338.0	19.9624016563147	6.093128193311236
1998413.0	16.409689440993787	8.340884363595608
2010488.0	20.0	6.2423452088140845
2022563.0	20.0	0.0
2034638.0	18.11494824016563	5.735292649947192
2046713.0	19.16496894409938	4.414234456676412
2058788.0	20.0	0.0
2070863.0	20.0	0.0
2082938.0	19.855486542443064	5.811910381056535
2095013.0	19.530517598343685	5.1810852041188795
2107088.0	19.999917184265012	6.242093135165042
2119163.0	19.807370600414078	5.696441081393611
2131238.0	16.81888198757764	8.878503595029768
2143313.0	19.6	5.443365479487046
2155388.0	20.0	0.0
2167463.0	20.0	0.0
2179538.0	19.999751552795033	6.23944574700459
2191613.0	1.0648447204968945	4.356390322958072
2203688.0	0.0	0.0
2215763.0	0.0	0.0
2227838.0	0.0	0.0
2239913.0	12.565797101449276	10.18428131589682
2251988.0	18.520910973084884	6.714836328244635
2264063.0	18.959006211180125	7.338827228731286
2276138.0	19.999917184265012	6.242093135165042
2288213.0	18.911469979296065	7.268235437629385
2300288.0	14.42807453416149	9.260919915492165
2312363.0	19.104761904761904	4.193488001044815
2324438.0	20.001242236024844	6.246443294405846
2336513.0	19.547246376811593	5.212431389839951
2348588.0	19.99966873706004	6.22859897044075
2360663.0	16.420455486542444	8.347940820467581
2372738.0	17.465010351966875	7.5897664565798335
2384813.0	18.869648033126293	7.208351494130955
2396888.0	19.580372670807453	5.403863352309601
2408963.0	17.473954451345755	7.598991978481549
2421038.0	20.0	0.0
2433113.0	19.972173913043477	6.129979279143847
2445188.0	15.240331262939959	8.504340628397332
2457263.0	18.30144927536232	6.379444214711252
2469338.0	17.48190476190476	7.613548999276832
2481413.0	19.928447204968943	6.021720519288682
2493488.0	19.999917184265012	6.239439110535393
2505563.0	20.0	6.239691291402829
2517638.0	19.961490683229815	6.126627894541831
2529713.0	20.0	0.0
2541788.0	20.0	0.0
2553863.0	10.307494824016564	10.185879073755784
2565938.0	14.428737060041408	9.403765599663581
2578013.0	19.945672877846793	6.076673656937587
2590088.0	20.0	0.0
2602163.0	16.303768115942027	7.898035502788818
2614238.0	19.906749482401658	5.957996522933509
2626313.0	19.999917184265012	6.239439110535393
2638388.0	18.422360248447205	6.4560498534432735
2650463.0	18.50120082815735	6.562904724777058
2662538.0	14.637929606625258	9.626795764290971
2674613.0	12.233954451345756	9.827379676411603
2686688.0	18.24248447204969	6.071015209409202
2698763.0	16.652008281573497	8.698792186691573
2710838.0	20.0	0.0
2722913.0	19.999917184265012	6.2423452088140845
2734988.0	19.999917184265012	6.242093135165042
2747063.0	17.480745341614906	7.613570754076512
2759138.0	19.99983436853002	6.236544937192643
2771213.0	18.968115942028984	7.057075799548967
2783288.0	19.523643892339546	4.901337122669908
2795363.0	19.521242236024843	4.932589054706329
2807438.0	19.725879917184265	5.4587100608065215
2819513.0	20.0	0.0
2831588.0	16.45134575569358	8.38666989239817
2843663.0	20.0	0.0
2855738.0	19.05142857142857	3.6936406655845193
2867813.0	20.000082815734988	6.242617171598681
2879888.0	19.58583850931677	5.4130966097819
2891963.0	17.184513457556935	6.724123008076462
2904038.0	19.991718426501034	6.180641654629395
2916113.0	19.99536231884058	6.202310395675666
2928188.0	20.0	0.0
2940263.0	19.8255900621118	5.819400693425556
2952338.0	18.396604554865423	6.343011021579245
2964413.0	17.23064182194617	7.36673177603484
2976488.0	18.494989648033126	6.3968742366877915
2988563.0	17.71072463768116	7.745480215462173
3000638.0	20.0	0.0
3012713.0	20.0	6.239691291402829
3024788.0	19.94592132505176	6.077348228519015
3036863.0	19.99966873706004	6.238709055824756
3048938.0	16.40993788819876	8.33486528361834
3061013.0	18.820869565217393	6.775616983511271
3073088.0	19.999751552795033	6.241575688938278
3085163.0	19.580952380952382	5.122410470365989
3097238.0	18.08513457556936	5.7949074523198725
3109313.0	19.994699792960663	6.192970034385026
3121388.0	17.4592132505176	7.576409939914799
3133463.0	17.47743271221532	7.608565512048821
3145538.0	16.419047619047618	8.348218589806356
3157613.0	18.693167701863356	6.865522829814791
3169688.0	20.0	0.0
3181763.0	19.99983436853002	6.239213466382524
3193838.0	17.391304347826086	7.404240293718333
3205913.0	18.499378881987578	6.559553587800129
3217988.0	19.942443064182196	6.063070852080645
3230063.0	19.252836438923396	4.318221779560899
3242138.0	18.36430641821946	6.207755784827396
3254213.0	18.454741200828156	6.4032859059528775
3266288.0	19.043809523809525	3.9701265423037535
3278363.0	14.824679089026915	9.713442905833446
3290438.0	17.528612836438924	7.721943136096085
3302513.0	19.928364389233955	6.024216141891293
3314588.0	19.733995859213252	5.513882348284611
3326663.0	19.89639751552795	5.913027341349309
3338738.0	18.215569358178055	5.894763792182978
3350813.0	18.62343685300207	6.758575566293552
3362888.0	20.0	0.0
3374963.0	19.99983436853002	6.241867586955436
3387038.0	19.998012422360247	6.223158511829344
3399113.0	20.000662525879918	0.16681153124562098
3411188.0	20.0	0.0
3423263.0	16.99544513457557	8.86606109484218
3435338.0	20.0	0.0
3447413.0	19.465010351966875	5.055919188493793
3459488.0	19.925962732919256	6.014495946518147
3471563.0	19.999585921325053	6.2331445593142245
3483638.0	16.38592132505176	8.301462865922229
3495713.0	19.999751552795033	6.241575688938278
3507788.0	19.65639751552795	5.425986090265977
3519863.0	20.0	6.2423452088140845
3531938.0	19.99966873706004	6.241588957326118
3544013.0	16.9416149068323	8.800856348320208
3556088.0	18.447536231884058	6.49482673572761
3568163.0	19.999585921325053	6.243704904275747
3580238.0	16.10840579710145	7.795932474502196
3592313.0	20.0	0.0
3604388.0	19.92472049689441	6.012561040783798
3616463.0	20.0	0.0
3628538.0	15.815983436853003	9.272863858635407
3640613.0	19.999917184265012	6.242093135165042
3652688.0	10.361904761904762	10.224802386889033
3664763.0	14.324886128364389	9.076746619386629
3676838.0	16.377391304347825	7.873950026950584
3688913.0	20.0	0.0
3700988.0	19.998343685300206	6.225307329422033
3713063.0	18.14575569358178	5.799193204398879
3725138.0	20.0	0.0
3737213.0	19.99966873706004	6.2389214441880485
3749288.0	19.765548654244306	5.5982546821793
3761363.0	19.584927536231884	5.134070017855245
3773438.0	19.70832298136646	5.310328231034784
3785513.0	19.992132505175984	6.183227161979897
3797588.0	19.99983436853002	6.239439110535393
3809663.0	20.0	0.0
3821738.0	18.41855072463768	6.406040110433305
3833813.0	15.443643892339544	8.941322406490643
3845888.0	19.845631469979296	5.877098761725248
3857963.0	19.419627329192547	4.987213464114601
3870038.0	20.0	0.0
3882113.0	20.0	6.2423452088140845
3894188.0	19.511387163561075	5.14988592609194
3906263.0	17.149979296066252	7.019812246431899
3918338.0	19.999917184265012	6.242093135165042
3930413.0	20.0	6.2423452088140845
3942488.0	18.51254658385093	6.601587110759987
3954563.0	15.600910973084886	9.043323378192737
3966638.0	19.998426501035198	6.209396472674734
3978713.0	18.473706004140787	6.5424240637090785
3990788.0	20.0	0.0
4002863.0	15.972670807453417	9.576087367780348
4014938.0	16.751138716356106	8.48464695520393
4027013.0	17.66376811594203	7.5037326805255224
4039088.0	19.966045548654243	6.140784473864178
4051163.0	20.0	0.0
4063238.0	18.508902691511388	6.593741935518505
4075313.0	19.563975155279504	5.071766530015911
4087388.0	20.0	6.2423452088140845
4099463.0	15.68919254658385	8.84459807531533
4111538.0	19.99966873706004	6.2389214441880485
4123613.0	19.98120082815735	6.186059261965293
4135688.0	14.446128364389233	9.496046905544334
4147763.0	19.927784679089026	6.0218580460786475
4159838.0	20.00033126293996	6.243466149921645
4171913.0	14.71064182194617	9.70198161227741
4183988.0	15.050931677018633	8.64115531728202
4196063.0	18.488612836438925	6.56214124524665
4208138.0	16.080331262939957	7.762680803080697
4220213.0	10.1224016563147	9.931508718439039
4232288.0	15.956273291925466	9.553072847422309
4244363.0	19.13606625258799	4.509304849723874
4256438.0	20.000082815734988	0.05827044820980982
4268513.0	19.952380952380953	6.045246922332195
4280588.0	18.471221532091096	6.463286986893605
4292663.0	19.968115942028984	6.145603892618604
4304738.0	19.99983436853002	6.239186919475093
4316813.0	19.542857142857144	5.212860351426868
4328888.0	18.482815734989646	6.549445632665263
4340963.0	19.999917184265012	6.242093135165042
4353038.0	17.4679917184265	7.585608035969319
4365113.0	18.233871635610765	6.114897126992898
4377188.0	19.999917184265012	6.242093135165042
4389263.0	10.30376811594203	10.166669042527639
4401338.0	19.999585921325053	6.230699391467404
4413413.0	16.655486542443064	8.623157228052273
4425488.0	19.59229813664596	5.164298528945265
4437563.0	20.08927536231884	5.856885314743844
4449638.0	20.0	0.0
4461713.0	20.0	6.2423452088140845
4473788.0	18.391304347826086	6.232068272110004
4485863.0	19.998592132505177	6.2257729196626626
4497938.0	20.0	0.0
4510013.0	20.0	0.0
4522088.0	16.46542443064182	8.405952736475948
4534163.0	20.0	0.0
4546238.0	20.0	0.0
4558313.0	19.203312629399587	4.663367659707586
4570388.0	17.843809523809522	8.153156103702772
4582463.0	20.0	0.0
4594538.0	19.90774327122153	5.932267799268338
4606613.0	17.033871635610765	6.999692391939844
4618688.0	20.0	0.0
4630763.0	19.517184265010354	5.166022133042891
4642838.0	20.0	0.0
4651302.0	19.896764887698332	5.957400805390585
4657339.5	12.805178620880643	10.262168479947503
4666988.0	17.337474120082817	7.233170657738912
4679063.0	19.999917184265012	6.242093135165042
4691138.0	20.0	0.0
4703213.0	17.44472049689441	6.960230119229493
4715288.0	16.939875776397514	8.57615259744958
4722679.5	15.60930576070901	8.795854737391918
4728717.0	15.596242126614712	9.224464434406661
4739438.0	20.0	0.0
4751513.0	19.674699792960663	5.412882417552829
4763588.0	18.497225672877846	6.57767099310856
4775663.0	18.83585921325052	6.979912022558028
4787738.0	17.2703933747412	7.422839801897767
4799813.0	17.47958592132505	7.609006323145806
4811888.0	20.0	6.239691291402829
4819084.5	19.74762726488352	5.528458025973657
4825049.5	15.506242197253433	9.03454898279452
