#Position (bp)	Coverage	Std
6038.0	19.024844720496894	3.828497264508336
18113.0	8.106252587991719	9.800126757958271
30188.0	18.236853002070394	5.955709545509769
42263.0	15.96687370600414	9.432708170872935
54338.0	20.0	0.0
66413.0	20.0	0.0
78488.0	20.0	0.0
90563.0	20.0	0.0
102638.0	14.542028985507246	9.309524497889868
114713.0	19.76008281573499	5.72519042329797
126788.0	16.832215320910972	8.73209733165657
138863.0	18.21722567287785	5.480890952342508
150938.0	19.33664596273292	4.516755096809531
163013.0	20.0	0.0
175088.0	18.919254658385093	6.806926201040982
187163.0	15.501697722567288	8.76749124273936
199238.0	19.678674948240165	5.4676538016994165
211313.0	20.0	0.0
223388.0	17.282815734989647	7.0719871373181515
235463.0	20.0	0.0
247538.0	16.487784679089028	8.430890651898233
259613.0	20.0	0.0
271688.0	19.4327950310559	4.99470527111877
283763.0	20.0	0.0
295838.0	18.448281573498964	6.498179391470098
307913.0	14.978053830227744	9.704717002112803
319988.0	16.47055900621118	7.7224203717173765
332063.0	19.171014492753624	4.12692015664176
344138.0	17.601159420289854	7.1499815401751015
356213.0	20.0	0.0
368288.0	17.677101449275362	7.518402543864902
380363.0	18.258385093167703	5.8767605617204595
392438.0	19.443478260869565	4.891527301106898
404513.0	11.138716356107661	9.54577942139377
416588.0	17.86335403726708	7.848645885503108
428663.0	19.641242236024844	5.370812924500285
440738.0	19.153623188405795	4.084784674681071
452813.0	18.408281573498964	6.01183098575153
464888.0	19.671221532091096	5.452987480617218
476963.0	19.618053830227744	5.22094047674341
489038.0	19.123975155279503	3.8875178496125127
501113.0	18.847867494824015	6.9429142275426745
513188.0	18.302277432712216	6.272751550020262
525263.0	17.88902691511387	7.79592185155341
537338.0	19.672049689440993	5.456008900862789
549413.0	20.000082815734988	0.05827044820980982
561488.0	19.443478260869565	5.018598948284942
573563.0	14.149068322981366	8.883744197864145
585638.0	17.63478260869565	7.466557600504823
597713.0	20.0	0.0
609788.0	15.73167701863354	9.183769101345717
621863.0	19.375238095238096	4.647891839396078
633938.0	17.471966873706005	7.255611093460322
646013.0	19.35569358178054	4.591656850135862
658088.0	14.154865424430643	8.305472266236123
670163.0	20.0	0.0
682238.0	20.000082815734988	0.05827044820980982
694313.0	14.7296066252588	9.586083771300634
706388.0	18.70807453416149	6.492805382816462
718463.0	18.43503105590062	6.091048314142435
730538.0	20.0	0.0
742613.0	20.000082815734988	0.05827044820980982
754688.0	16.643478260869564	8.420029359208783
766763.0	18.720496894409937	6.507291657863269
778838.0	19.73134575569358	5.521341991880627
790913.0	17.245797101449277	6.9788085025985644
802988.0	0.0	0.0
815063.0	15.142525879917184	8.43939789635505
827138.0	13.024596273291925	8.682535241475366
839213.0	19.631221532091097	5.232008509499792
851288.0	18.58782608695652	6.551658080401057
863363.0	16.379875776397515	8.034176480413315
875438.0	19.69184265010352	5.4922870820182315
887513.0	13.660124223602484	9.216606669990684
899588.0	17.347412008281573	7.4332084587826825
911663.0	15.036024844720497	8.547637790714006
923738.0	20.0	0.0
935813.0	19.44496894409938	5.009994152478372
947888.0	19.695238095238096	5.500920306967051
959963.0	18.78368530020704	6.805265285847865
972038.0	18.03296066252588	5.54305564093572
984113.0	19.690269151138715	5.493252024564595
996188.0	19.43768115942029	5.006786284902872
1008263.0	17.41151138716356	7.249307813034011
1020338.0	15.553871635610767	8.743428173884888
1032413.0	20.0	0.0
1044488.0	17.614906832298136	7.432818502443683
1056563.0	19.30600414078675	4.446777510483659
1068638.0	9.809192546583851	10.279638762373224
1080713.0	4.043064182194617	6.552808258010652
1092788.0	19.403809523809525	4.767870383275792
1104863.0	16.872049689440995	8.875256972922177
1116938.0	19.34095238095238	4.74225968448733
1129013.0	5.280662525879917	8.370662561495745
1141088.0	15.36231884057971	8.91926056967341
1153163.0	18.562070393374743	6.773269835538101
1165238.0	18.94824016563147	7.045971493393533
1177313.0	17.6	7.411182865776508
1189388.0	20.0	0.0
1201463.0	19.64952380952381	5.332295447666122
1213538.0	15.628985507246377	9.144503604339178
1225613.0	14.494409937888198	9.620759128633257
1237688.0	15.193374741200827	8.423299049286213
1249763.0	17.5296066252588	7.678611632616594
1261838.0	20.0	0.0
1273913.0	15.700207039337474	9.073534422435058
1285988.0	18.737888198757766	6.632937449821951
1298063.0	19.96207039337474	6.128472734199787
1310138.0	18.096645962732918	5.543122872544339
1322213.0	18.23022774327122	5.941983133691697
1334288.0	19.65383022774327	5.419151683515061
1346363.0	19.252836438923396	4.274698056969742
1358438.0	18.777639751552794	6.599893342509799
1370513.0	20.0	0.0
1382588.0	18.000828157349897	5.537046323409045
1394663.0	19.37689440993789	4.695471586129459
1406738.0	19.447619047619046	5.028078509626197
1418813.0	16.58385093167702	8.0615746295154
1430888.0	19.467494824016562	5.069414641091475
1442963.0	19.66790890269151	5.4514077806462335
1455038.0	19.32935817805383	4.497793339798554
1467113.0	19.4351966873706	5.000579676542438
1479188.0	19.121325051759836	4.004707375005106
1491263.0	19.27776397515528	4.377421837813871
1503338.0	16.404306418219463	8.33053203433942
1515413.0	19.39544513457557	4.65677449037897
1527488.0	19.58592132505176	5.298110917682478
1539563.0	18.53416149068323	6.633624118391047
1551638.0	19.25134575569358	4.31403890536683
1563713.0	19.47743271221532	5.088003997550415
1575788.0	19.318426501035198	4.474089194471071
1587863.0	18.554285714285715	6.682513257514195
1599938.0	19.43577639751553	4.983068641398202
1612013.0	18.810848861283645	6.512666429087487
1624088.0	13.544430641821947	9.674683617854905
1636163.0	18.636273291925466	6.135482115266042
1648238.0	20.0	0.0
1660313.0	2.554037267080745	6.3814041433355175
1672388.0	12.83064182194617	10.122561562568624
1684463.0	20.0	0.0
1696538.0	16.389233954451345	7.8141348806984
1708613.0	19.615652173913045	5.235418476612809
1720688.0	18.718260869565217	6.605343216382566
1732763.0	15.574327122153209	9.085164117358445
1744838.0	20.0	0.0
1756913.0	19.6944099378882	5.5037649451469655
1768988.0	18.660869565217393	6.427696282736577
1781063.0	17.5296066252588	7.673109184344077
1793138.0	19.573498964803314	5.273434339294355
1805213.0	17.201407867494822	7.038339254518621
1817288.0	15.973333333333333	9.396417977477025
1829363.0	16.20703933747412	7.582435844326897
1841438.0	13.608695652173912	9.788428542587075
1853513.0	19.674534161490683	5.461546357290804
1865588.0	18.829813664596273	6.6810941194942295
1877663.0	19.290351966873708	4.345093136922383
1889738.0	19.00281573498965	3.4127030991670173
1901813.0	15.277846790890269	8.671817230469918
1913888.0	20.000496894409938	0.14273286519730755
1925963.0	13.935652173913043	9.925795074828757
1938038.0	18.988819875776397	6.919818808288588
1950113.0	19.325879917184263	4.492432099628466
1962188.0	19.363726708074534	4.586775481399777
1974263.0	13.576314699792961	9.72313626778868
1986338.0	19.641242236024844	5.381164912712246
1998413.0	16.393623188405797	8.32388864372951
2010488.0	19.45209109730849	4.997746904364289
2022563.0	19.97134575569358	6.164501326510916
2034638.0	17.333333333333332	6.8662163915967485
2046713.0	18.592132505175982	6.723771986827696
2058788.0	19.692753623188405	5.498179634757874
2070863.0	20.0	0.0
2082938.0	18.93913043478261	6.759506762850276
2095013.0	19.104679089026916	3.958134951986431
2107088.0	19.363146997929608	4.578580068660431
2119163.0	17.05722567287785	6.307857665085777
2131238.0	16.116273291925467	7.966856811404117
2143313.0	18.380124223602486	5.8583698154358546
2155388.0	19.036024844720497	3.4228921216115604
2167463.0	18.640993788819877	6.180929730998767
2179538.0	19.680993788819876	5.475115926620903
2191613.0	19.317267080745342	4.4693110431953755
2203688.0	19.452587991718428	5.03893741468885
2215763.0	19.375569358178055	4.608112389358648
2227838.0	19.017308488612837	3.361688917932825
2239913.0	16.109151138716356	7.762382080866554
2251988.0	18.24265010351967	6.071854083250154
2264063.0	18.97888198757764	7.3628241948469455
2276138.0	19.389068322981366	4.688667452962733
2288213.0	18.402236024844722	6.49845976336441
2300288.0	13.487370600414078	9.48976129089547
2312363.0	17.699378881987577	7.191776992837012
2324438.0	18.939627329192547	6.802216177653887
2336513.0	18.356521739130436	5.968440117209204
2348588.0	18.895155279503104	6.964203057321239
2360663.0	16.149896480331265	7.849948899360254
2372738.0	17.53871635610766	7.686750182254478
2384813.0	18.566293995859212	6.578413786796219
2396888.0	19.31097308488613	4.612118343100712
2408963.0	16.45879917184265	8.068567440277254
2421038.0	20.0	0.0
2433113.0	19.288281573498963	4.507816997025828
2445188.0	12.710476190476191	9.677537972068524
2457263.0	18.00414078674948	5.864049858701887
2469338.0	16.64778467908903	8.319280905379303
2481413.0	19.659627329192546	5.434610349236926
2493488.0	18.42550724637681	5.988449890505667
2505563.0	19.999337474120082	6.238138226267568
2517638.0	19.163892339544514	4.121458263704937
2529713.0	20.0	0.0
2541788.0	20.0	0.0
2553863.0	10.304016563146998	10.170431709589337
2565938.0	14.45879917184265	9.436996047998425
2578013.0	19.044057971014492	3.2959225703984774
2590088.0	19.428571428571427	4.986316680403188
2602163.0	14.360331262939958	8.378613215818586
2614238.0	19.60737060041408	5.214663192893757
2626313.0	19.670393374741202	5.45391382251653
2638388.0	18.206211180124225	5.894616275483645
2650463.0	18.471469979296067	6.518544973491291
2662538.0	14.638592132505176	9.626443050114693
2674613.0	17.36008281573499	7.057938279244386
2686688.0	17.628985507246377	7.542163058598276
2698763.0	16.66567287784679	8.715527183060985
2710838.0	19.672049689440993	5.453488635935483
2722913.0	20.0	0.0
2734988.0	20.0	0.0
2747063.0	17.164389233954452	6.993312392526282
2759138.0	19.681987577639752	5.474737767527172
2771213.0	18.607867494824017	6.538954779368434
2783288.0	16.08496894409938	7.724189639700861
2795363.0	14.544927536231883	8.69191099644873
2807438.0	18.985010351966874	6.9237192460958275
2819513.0	19.290434782608695	4.575829920538755
2831588.0	15.47080745341615	8.892246605298403
2843663.0	19.1287784679089	4.034027112105325
2855738.0	18.76463768115942	6.5789236220558704
2867813.0	20.0	0.0
2879888.0	18.763561076604557	6.683151461515514
2891963.0	16.3536231884058	7.8500227479197235
2904038.0	20.0	0.0
2916113.0	19.995942028985507	6.20981657910842
2928188.0	20.0	0.0
2940263.0	19.54120082815735	5.338519734969849
2952338.0	17.763146997929606	7.721878787463681
2964413.0	16.688198757763974	8.741988346391638
2976488.0	17.739958592132506	7.482047527026766
2988563.0	17.51966873706004	7.570483162976521
3000638.0	19.35072463768116	4.552386583154431
3012713.0	19.690269151138715	5.49168390682723
3024788.0	19.92662525879917	6.018405173146566
3036863.0	18.80066252587992	6.6362827280944705
3048938.0	16.442650103519668	8.3761714671564
3061013.0	18.031552795031057	5.220194898910259
3073088.0	19.95942028985507	6.117165204972605
3085163.0	18.91991718426501	6.909818381268192
3097238.0	17.476521739130433	7.1534149715848026
3109313.0	19.264596273291925	4.34296747162897
3121388.0	15.651097308488612	8.636251774959835
3133463.0	17.542028985507248	7.691381533670031
3145538.0	16.48033126293996	8.421012858138612
3157613.0	17.248033126293997	6.534121302885963
3169688.0	20.0	0.0
3181763.0	19.349730848861284	4.5449218584914055
3193838.0	17.134244306418218	6.839702631774081
3205913.0	15.16935817805383	8.227787085921884
3217988.0	19.962981366459626	6.131559739961806
3230063.0	16.826915113871635	8.031166000599947
3242138.0	18.130848861283646	5.764731780852945
3254213.0	18.074534161490682	5.5590785241141445
3266288.0	18.625258799171842	6.467949329580489
3278363.0	14.948985507246377	9.856943617274073
3290438.0	17.58583850931677	7.781615537449199
3302513.0	19.349482401656314	4.662666135007141
3314588.0	18.87287784679089	6.937246069066191
3326663.0	19.34592132505176	4.596361870334426
3338738.0	16.98368530020704	8.854919910719621
3350813.0	18.17888198757764	5.847148975245657
3362888.0	18.28703933747412	5.9780273999207205
3374963.0	19.168364389233954	4.118764815145978
3387038.0	19.589068322981365	5.279649589978549
3399113.0	19.115527950310558	4.313059757532892
3411188.0	20.0	0.0
3423263.0	17.067494824016563	6.85317777010448
3435338.0	19.546997929606626	5.219607879737661
3447413.0	18.508488612836437	6.384440195080137
3459488.0	12.52910973084886	9.757519794834334
3471563.0	17.1079917184265	7.072795108146562
3483638.0	16.38592132505176	8.30355757028163
3495713.0	19.135403726708073	4.365733309444423
3507788.0	20.0	0.0
3519863.0	20.0	0.0
3531938.0	19.68968944099379	5.494299699920509
3544013.0	16.734575569358178	8.40696743476953
3556088.0	18.447453416149067	6.497223487265793
3568163.0	19.67461697722567	5.458383868082729
3580238.0	15.354037267080745	8.909422281103458
3592313.0	19.069151138716357	4.204158446129931
3604388.0	19.96049689440994	6.120650312544185
3616463.0	19.338467908902693	4.52054889574713
3628538.0	15.519254658385092	8.935981190354449
3640613.0	20.0	0.0
3652688.0	9.933747412008282	10.722144805679246
3664763.0	14.191552795031056	8.927770895789266
3676838.0	15.526542443064182	8.693797317699687
3688913.0	19.273788819875776	4.279993421174873
3700988.0	19.670393374741202	5.453519007504915
3713063.0	17.690931677018632	7.534483871173189
3725138.0	19.69192546583851	5.496401985172543
3737213.0	20.0	0.0
3749288.0	19.677846790890268	5.467850702455931
3761363.0	17.914616977225673	7.564206876657848
3773438.0	19.324223602484473	4.493648611851055
3785513.0	18.55072463768116	6.248040686676122
3797588.0	20.0	0.012869789042449443
3809663.0	19.97383022774327	6.1716844897478165
3821738.0	17.909565217391304	7.852812659593165
3833813.0	15.314120082815736	8.688780514680879
3845888.0	18.82650103519669	6.774865251194496
3857963.0	17.796273291925466	7.765747375374548
3870038.0	19.672049689440993	5.457192719792145
3882113.0	19.49648033126294	5.119240691625975
3894188.0	18.974741200828156	7.0771202808755005
3906263.0	16.841821946169773	8.586951437480478
3918338.0	19.822939958592134	5.840736503091946
3930413.0	18.75594202898551	6.867066663056752
3942488.0	18.55072463768116	6.6611571436765855
3954563.0	14.852256728778467	9.53677854034245
3966638.0	19.96198757763975	6.116555953212433
3978713.0	18.532505175983438	6.629627958920922
3990788.0	19.3888198757764	4.906454109177611
4002863.0	15.98592132505176	9.590864355678635
4014938.0	16.02567287784679	7.860849868972559
4027013.0	16.436438923395446	8.272932241200506
4039088.0	19.965465838509317	6.1362851839865815
4051163.0	19.181780538302277	4.154181709179058
4063238.0	17.154451345755692	6.809815106193288
4075313.0	17.794616977225672	7.673325040962688
4087388.0	20.0	0.0
4099463.0	12.964968944099379	10.378222141774406
4111538.0	20.0	0.0
4123613.0	19.201656314699793	4.206757848296342
4135688.0	14.4848033126294	9.539995355720231
4147763.0	19.57416149068323	5.0975007069697345
4159838.0	19.664430641821948	5.443152478361368
4171913.0	14.444472049689441	9.425721383665257
4183988.0	15.088198757763974	8.683174277184024
4196063.0	18.528364389233953	6.623191577077223
4208138.0	14.337888198757764	8.959887606511874
4220213.0	10.163312629399586	9.976967263472277
4232288.0	15.958923395445135	9.552327283010102
4244363.0	19.16190476190476	4.56936418190924
4256438.0	20.0	0.0
4268513.0	19.217391304347824	4.243665355818472
4280588.0	17.761490683229813	7.633613147746027
4292663.0	19.968198757763975	6.145799285795432
4304738.0	20.0	0.0
4316813.0	19.457556935817806	5.051740572885252
4328888.0	17.46335403726708	7.2349222095943775
4340963.0	19.654658385093168	5.424116075148779
4353038.0	17.102111801242238	6.931650934596248
4365113.0	16.69664596273292	8.230931913558235
4377188.0	19.436024844720496	5.004966477509495
4389263.0	10.151552795031057	10.016136049717957
4401338.0	20.0	0.0
4413413.0	15.778053830227742	8.947405559858566
4425488.0	19.262111801242234	4.343978007257428
4437563.0	16.624430641821945	8.435427607619868
4449638.0	18.225258799171844	5.408635071192484
4461713.0	20.0	0.0
4473788.0	18.535817805383022	6.637992163191529
4485863.0	19.998509316770186	6.22466209680989
4497938.0	19.210766045548656	4.227358395761019
4510013.0	20.0	0.0
4522088.0	15.413664596273293	8.679453856934687
4534163.0	20.0	0.0
4546238.0	16.869399585921325	8.212912118477737
4558313.0	18.37142857142857	6.039147650772095
4570388.0	17.662774327122154	7.928756269645125
4582463.0	19.700207039337474	5.513747171161805
4594538.0	18.913457556935818	7.001567408071729
4606613.0	15.377805383022775	8.485593686185979
4618688.0	19.68223602484472	5.469130384582276
4630763.0	19.453416149068325	5.042305496545889
4642838.0	19.68944099378882	5.490251100164469
4651302.0	19.88975891201319	5.939144644629308
4657339.5	11.818055940182775	10.211228012004936
4666988.0	12.039254658385094	8.606656386860735
4679063.0	19.685300207039337	5.481812578986872
4691138.0	20.0	0.0
4703213.0	16.84472049689441	8.381069075039274
4715288.0	13.91975155279503	9.419982285152557
4722679.5	14.083087149187593	8.037830604533708
4728717.0	13.484359987189068	9.105323016098923
4739438.0	16.29813664596273	6.556775453515706
4751513.0	16.340538302277434	6.586138904766422
4763588.0	16.45672877846791	7.394346225844477
4775663.0	15.420289855072463	7.3156062795981045
4787738.0	12.575238095238095	8.674906100887391
4799813.0	14.412339544513458	8.441684013602217
4811888.0	17.21407867494824	6.037968204736415
4819084.5	18.063848144952544	4.319228832201185
4825049.5	15.549937578027466	9.088710625859749
