#Position (bp)	Coverage	Std
6038.0	19.024430641821947	3.827577819832498
18113.0	8.106252587991719	9.800126757958271
30188.0	18.236853002070394	5.955709545509769
42263.0	15.96687370600414	9.432708170872935
54338.0	20.0	0.0
66413.0	20.0	0.0
78488.0	20.0	0.0
90563.0	20.0	0.0
102638.0	14.544347826086957	9.311339065713769
114713.0	18.51552795031056	6.494584461625898
126788.0	16.832215320910972	8.73209733165657
138863.0	18.612173913043478	6.381079693424165
150938.0	19.660455486542443	5.43755059946472
163013.0	20.0	0.0
175088.0	18.802484472049688	6.635870900544679
187163.0	15.480745341614908	8.721990959293404
199238.0	19.695238095238096	5.503102832652639
211313.0	19.692753623188405	5.497366205437596
223388.0	16.746169772256728	8.338004487920339
235463.0	18.96231884057971	7.1582062826007595
247538.0	15.322567287784679	8.76227089882228
259613.0	19.343271221532092	4.499560595064173
271688.0	17.299627329192546	6.889148907579762
283763.0	18.4279917184265	6.210883388356933
295838.0	18.42824016563147	6.4672514729912
307913.0	13.667991718426501	9.445828989570318
319988.0	16.469068322981368	7.721841250513809
332063.0	19.092836438923396	3.6742627885519368
344138.0	14.266832298136645	8.965394708401451
356213.0	19.42592132505176	4.807559609571773
368288.0	17.56008281573499	7.362368643968424
380363.0	17.923809523809524	7.755406849658289
392438.0	19.149482401656314	3.9325050887814412
404513.0	10.434782608695652	9.896742254215617
416588.0	14.878343685300207	9.440646010811404
428663.0	19.641242236024844	5.370812924500285
440738.0	18.408281573498964	6.07978696368627
452813.0	18.36935817805383	5.947889651325741
464888.0	19.337474120082817	4.51389389499112
476963.0	19.283064182194618	4.237171602426057
489038.0	17.655072463768114	7.402623898301882
501113.0	18.163146997929605	6.159037864147963
513188.0	18.010600414078674	5.560240398753048
525263.0	15.626501035196688	8.876857108938117
537338.0	16.269813664596274	8.097593129612875
549413.0	19.99983436853002	6.244480792881887
561488.0	19.436853002070393	5.0033942930120725
573563.0	13.974658385093168	10.053616100059251
585638.0	16.56695652173913	8.118695037364741
597713.0	20.0	0.0
609788.0	15.73167701863354	9.183769101345717
621863.0	19.375238095238096	4.647891839396078
633938.0	15.901780538302278	8.87310589825082
646013.0	18.316687370600413	5.471567767123762
658088.0	14.062111801242237	8.155811859082169
670163.0	20.0	0.0
682238.0	16.847204968944098	8.62053016772581
694313.0	13.868902691511387	9.753177536048927
706388.0	18.70807453416149	6.492805382816462
718463.0	18.431718426501035	6.0847908007611
730538.0	20.0	0.0
742613.0	18.333581780538303	6.272091392413107
754688.0	6.433126293995859	8.993312445203939
766763.0	17.09151138716356	6.256074480766887
778838.0	18.25639751552795	5.8258366498561776
790913.0	16.250931677018635	7.5171467209318585
802988.0	0.0	0.0
815063.0	13.85871635610766	9.940189666219355
827138.0	11.465341614906832	9.707280996645048
839213.0	18.74608695652174	6.730364431665106
851288.0	18.58782608695652	6.551658080401057
863363.0	16.398674948240167	8.060917137222518
875438.0	19.70592132505176	5.519526789810594
887513.0	3.929606625258799	8.103221249415398
899588.0	13.15527950310559	9.352436823318374
911663.0	14.587991718426501	9.506889732239056
923738.0	20.0	0.0
935813.0	19.109648033126295	3.963748774560027
947888.0	17.740041407867494	7.693443203337591
959963.0	17.293747412008283	7.077711202020978
972038.0	17.70807453416149	7.523148541345921
984113.0	18.27991718426501	5.914224702378811
996188.0	18.527867494824015	6.380846079272765
1008263.0	17.41151138716356	7.249307813034011
1020338.0	15.554699792960662	8.74453630067779
1032413.0	19.387991718426502	4.6934428511596336
1044488.0	9.35536231884058	9.616949323237296
1056563.0	19.23262939958592	4.170298210387489
1068638.0	6.25407867494824	8.73125795200386
1080713.0	4.10600414078675	6.5835481003834175
1092788.0	14.280414078674948	8.548078616456817
1104863.0	16.877018633540374	8.881693084637043
1116938.0	16.52935817805383	7.972977134623802
1129013.0	5.495320910973085	8.509329917929726
1141088.0	11.166045548654244	9.787036679021988
1153163.0	18.559006211180126	6.768518038605157
1165238.0	19.262111801242234	4.644505202002529
1177313.0	17.6	7.411182865776508
1189388.0	20.0	0.0
1201463.0	19.642898550724638	5.317769734413118
1213538.0	15.304347826086957	8.629790954911124
1225613.0	13.95776397515528	10.320451464277182
1237688.0	11.500621118012422	10.053583150374331
1249763.0	17.5296066252588	7.678611632616594
1261838.0	20.0	0.0
1273913.0	15.368944099378883	8.54344154160027
1285988.0	18.737888198757766	6.632937449821951
1298063.0	19.96207039337474	6.128472734199787
1310138.0	18.096645962732918	5.543122872544339
1322213.0	15.889026915113872	9.240835648265849
1334288.0	18.392546583850933	6.2082427008544245
1346363.0	18.920910973084887	6.77920337087517
1358438.0	19.156107660455486	4.101072929349424
1370513.0	20.0	0.0
1382588.0	15.318426501035196	8.409011236720763
1394663.0	17.89706004140787	7.692991082878117
1406738.0	18.798343685300207	6.628366170877866
1418813.0	16.20455486542443	7.394766209136344
1430888.0	19.175155279503105	4.15593566387114
1442963.0	19.671221532091096	5.458421798470752
1455038.0	19.676190476190477	5.4721504586242835
1467113.0	15.431055900621118	8.23681077601242
1479188.0	19.094824016563148	3.9467994214144997
1491263.0	18.695072463768117	6.672200601717938
1503338.0	14.546252587991718	9.348739133992623
1515413.0	19.39047619047619	4.6441664024342355
1527488.0	19.2703933747412	4.372310767691996
1539563.0	18.036107660455485	5.718373279234448
1551638.0	17.295155279503106	6.980908600327638
1563713.0	18.996770186335404	7.035985586092533
1575788.0	19.318426501035198	4.474089194471071
1587863.0	18.554285714285715	6.682513257514195
1599938.0	19.113623188405796	3.9626412757045237
1612013.0	19.070807453416148	3.5801037494942616
1624088.0	12.930848861283645	10.195764963376009
1636163.0	16.45664596273292	8.11935805068846
1648238.0	13.250517598343686	8.985311224736906
1660313.0	1.1180124223602483	3.7444341027026233
1672388.0	8.217971014492754	9.213447728598618
1684463.0	18.15734989648033	5.928071270278997
1696538.0	9.586666666666666	9.661020697160993
1708613.0	16.787163561076603	7.840707070832351
1720688.0	18.403643892339545	5.893506269536694
1732763.0	14.575569358178054	9.496683522662352
1744838.0	19.07246376811594	4.370378363407164
1756913.0	18.482815734989646	6.350663876872922
1768988.0	18.65175983436853	6.410950776216617
1781063.0	17.22062111801242	7.0803024815196745
1793138.0	18.216977225672878	5.919053698638881
1805213.0	16.551718426501036	8.191476659007975
1817288.0	15.96695652173913	9.390647741788207
1829363.0	16.501035196687372	8.12148952671277
1841438.0	12.320910973084887	9.638703038961825
1853513.0	19.674534161490683	5.461546357290804
1865588.0	18.930020703933746	6.8281599363182774
1877663.0	19.27296066252588	4.459117256596261
1889738.0	17.213498964803314	6.717438139296817
1901813.0	13.194534161490683	9.02873718955731
1913888.0	18.972422360248448	7.0788519498246485
1925963.0	11.499958592132506	9.261004868810092
1938038.0	17.50128364389234	6.895162885786826
1950113.0	18.37648033126294	5.9523296064038025
1962188.0	18.092753623188404	5.054387430553442
1974263.0	13.566376811594203	9.71137515769091
1986338.0	15.661946169772257	8.454486600929723
1998413.0	16.393623188405797	8.32388864372951
2010488.0	19.45209109730849	4.997746904364289
2022563.0	19.70302277432712	5.482280887250128
2034638.0	16.152380952380952	7.154792512758222
2046713.0	18.580538302277432	6.703912519132556
2058788.0	20.0	0.0
2070863.0	20.0	0.0
2082938.0	18.893250517598343	6.707765655031171
2095013.0	19.123726708074535	4.013094508759034
2107088.0	15.976811594202898	9.44408849246004
2119163.0	15.472463768115942	8.364397587270084
2131238.0	13.383022774327122	9.647814843939532
2143313.0	17.983436853002072	8.164484011365484
2155388.0	19.68944099378882	5.490251100164469
2167463.0	19.575983436853	5.275083035857986
2179538.0	19.665507246376812	5.444012038997099
2191613.0	16.89151138716356	8.281711748328462
2203688.0	18.241656314699792	5.953637300125804
2215763.0	19.669565217391305	5.450921627014183
2227838.0	19.671221532091096	5.454475625376474
2239913.0	15.230393374741201	8.429191120146617
2251988.0	15.514782608695652	8.88445265420461
2264063.0	12.373498964803312	8.969375086425686
2276138.0	19.395693581780538	4.704889311859844
2288213.0	18.402236024844722	6.49845976336441
2300288.0	13.487370600414078	9.48976129089547
2312363.0	15.456894409937888	8.423466187306486
2324438.0	16.250020703933746	7.861392413766776
2336513.0	18.361076604554864	5.973398587339523
2348588.0	18.895155279503104	6.964203057321239
2360663.0	16.149896480331265	7.849948899360254
2372738.0	17.54120082815735	7.690466255145528
2384813.0	18.356770186335403	6.251499199074156
2396888.0	16.742028985507247	8.221116072797031
2408963.0	14.869896480331263	9.485348841771899
2421038.0	19.692753623188405	5.496371850563673
2433113.0	19.19503105590062	4.646644418053324
2445188.0	10.414244306418219	9.579844265387006
2457263.0	16.836770186335404	8.58909704169876
2469338.0	13.084886128364388	8.91952054714211
2481413.0	19.038757763975156	3.4404005737210945
2493488.0	17.56935817805383	7.430912992957373
2505563.0	20.0	0.0
2517638.0	18.506915113871635	5.961678866463063
2529713.0	18.68438923395445	6.4636841855491065
2541788.0	19.499792960662525	5.1261922311683055
2553863.0	10.286459627329192	10.138473960330836
2565938.0	14.453167701863354	9.431764312886017
2578013.0	18.192132505175984	5.560999954764826
2590088.0	19.42608695652174	4.980583417645391
2602163.0	14.709896480331263	9.112619511892836
2614238.0	19.92687370600414	6.01922386197931
2626313.0	18.776811594202897	6.797941473826728
2638388.0	18.52008281573499	6.609924153005738
2650463.0	18.17416149068323	5.828082226861951
2662538.0	13.52703933747412	9.742226289965046
2674613.0	16.989648033126294	8.68541053190121
2686688.0	17.31527950310559	6.922289739536713
2698763.0	16.655652173913044	8.703189486985607
2710838.0	20.0	0.0
2722913.0	20.0	0.0
2734988.0	18.954037267080746	7.114642411672055
2747063.0	16.374327122153208	8.135396676808508
2759138.0	16.939958592132506	8.95366494470443
2771213.0	18.62608695652174	6.570919054871464
2783288.0	14.347908902691511	8.935281453786729
2795363.0	13.344596273291925	8.335267684399849
2807438.0	17.813498964803312	7.361153703797503
2819513.0	17.556107660455485	7.798099253463867
2831588.0	15.475776397515528	8.898391228734964
2843663.0	19.1287784679089	4.034027112105325
2855738.0	18.202898550724637	5.661537076659778
2867813.0	20.0	0.0
2879888.0	18.746169772256728	6.652535748423902
2891963.0	16.332339544513456	7.822667069664651
2904038.0	20.0	0.0
2916113.0	14.156521739130435	8.975596083367378
2928188.0	20.0	0.0
2940263.0	19.530434782608694	5.315277406969787
2952338.0	18.05879917184265	5.755760459566476
2964413.0	15.852587991718426	9.242215682650869
2976488.0	16.55527950310559	7.758502982536045
2988563.0	16.061283643892338	7.646485274950931
3000638.0	15.606128364389233	8.862095055824437
3012713.0	20.0	0.0
3024788.0	19.92496894409938	6.013834981118472
3036863.0	17.181780538302277	6.4367153384180416
3048938.0	16.116356107660454	7.892785709278315
3061013.0	17.465507246376813	6.775384749910279
3073088.0	20.0	0.0
3085163.0	18.935817805383024	6.930689096024703
3097238.0	17.17457556935818	6.52415800553293
3109313.0	18.779296066252588	6.596730478204364
3121388.0	10.68215320910973	10.2753277440891
3133463.0	17.542028985507248	7.691381533670031
3145538.0	16.156521739130437	7.858742543723518
3157613.0	17.56770186335404	7.194355965892649
3169688.0	20.0	0.0
3181763.0	19.615734989648033	5.354551478143723
3193838.0	16.471387163561076	8.006829383107046
3205913.0	13.448447204968945	9.30379383424552
3217988.0	16.8279917184265	8.785891193155708
3230063.0	16.827743271221532	8.032351769453339
3242138.0	18.074285714285715	5.59651621893655
3254213.0	17.841242236024843	7.711710328485904
3266288.0	17.129937888198757	6.399035900468642
3278363.0	14.582691511387164	9.327427886244143
3290438.0	16.719171842650102	8.420255574134755
3302513.0	16.652339544513456	8.484866567160964
3314588.0	15.984430641821946	9.173582559568844
3326663.0	18.55561076604555	6.065133016621875
3338738.0	16.947908902691513	8.85087870384787
3350813.0	15.262525879917185	7.69875900838253
3362888.0	13.492339544513458	9.671408846094915
3374963.0	18.094409937888198	5.584242841777391
3387038.0	17.102111801242238	6.592102684681349
3399113.0	15.03751552795031	7.959530142088521
3411188.0	20.0	0.0
3423263.0	15.72256728778468	9.023525727959498
3435338.0	19.243064182194615	4.303486958270001
3447413.0	18.217805383022775	5.6868159611857925
3459488.0	6.3089026915113875	8.390766886530658
3471563.0	11.73184265010352	10.400426014526708
3483638.0	16.385258799171844	8.302136221389606
3495713.0	16.00414078674948	7.665091205485151
3507788.0	20.0	0.0
3519863.0	20.0	0.0
3531938.0	20.0	0.0
3544013.0	15.77888198757764	8.93654186686899
3556088.0	18.447453416149067	6.497223487265793
3568163.0	19.67461697722567	5.458383868082729
3580238.0	11.73416149068323	10.280814913201342
3592313.0	15.352712215320912	8.838514438191526
3604388.0	19.03055900621118	4.226319975853969
3616463.0	16.748985507246378	8.2244900160949
3628538.0	14.952795031055901	9.781577309329263
3640613.0	20.0	0.0
3652688.0	9.942857142857143	10.731910968857235
3664763.0	13.986252587991718	9.992000941539938
3676838.0	15.857474120082816	9.214598193940763
3688913.0	19.269648033126295	4.2688529595269635
3700988.0	19.177639751552796	4.209375319416191
3713063.0	17.04679089026915	6.296951183143993
3725138.0	17.710807453416148	7.501061346573014
3737213.0	17.8351966873706	7.918398524745226
3749288.0	19.68033126293996	5.473164345267787
3761363.0	17.914616977225673	7.564206876657848
3773438.0	19.324223602484473	4.493648611851055
3785513.0	18.88198757763975	6.955046427411783
3797588.0	20.0	0.012869789042449443
3809663.0	19.97383022774327	6.1716844897478165
3821738.0	17.46824016563147	7.0814895907581885
3833813.0	15.11552795031056	8.484915369046162
3845888.0	18.82650103519669	6.774865251194496
3857963.0	17.599834368530022	7.307054363986961
3870038.0	20.0	0.0
3882113.0	18.86376811594203	6.921266773316283
3894188.0	18.974741200828156	7.0771202808755005
3906263.0	16.841821946169773	8.586951437480478
3918338.0	19.822939958592134	5.840736503091946
3930413.0	18.75594202898551	6.867066663056752
3942488.0	18.55072463768116	6.6611571436765855
3954563.0	14.828985507246378	9.522295945979403
3966638.0	19.94070393374741	6.0624083523840495
3978713.0	18.534989648033125	6.633936216971707
3990788.0	19.092339544513457	3.9417392720235616
4002863.0	15.992215320910972	9.5973210547825
4014938.0	16.067080745341617	7.86610518401868
4027013.0	16.266501035196686	7.823794465243098
4039088.0	18.03064182194617	5.506871295933769
4051163.0	19.175155279503105	4.135800372418486
4063238.0	17.145341614906833	6.794145573850691
4075313.0	16.505341614906833	7.927006541703831
4087388.0	20.0	0.0
4099463.0	11.568695652173913	10.07891429954422
4111538.0	13.379710144927536	9.583781157958683
4123613.0	19.313706004140787	4.571620078804401
4135688.0	14.28472049689441	9.248230763596288
4147763.0	19.439254658385092	4.697279067909629
4159838.0	19.692091097308488	5.496643056095997
4171913.0	14.450269151138716	9.432791577036875
4183988.0	15.088198757763974	8.683174277184024
4196063.0	18.528364389233953	6.623191577077223
4208138.0	14.32712215320911	8.946058734085417
4220213.0	8.493416149068324	9.679407609818828
4232288.0	15.942028985507246	9.548676645110454
4244363.0	19.161076604554864	4.5672794317698004
4256438.0	20.0	0.0
4268513.0	18.184679089026915	5.51509128519719
4280588.0	17.383850931677017	6.931459772340121
4292663.0	19.621946169772258	5.2765114895132
4304738.0	19.63080745341615	5.376330303862651
4316813.0	19.450103519668737	5.034744704978241
4328888.0	17.46335403726708	7.2349222095943775
4340963.0	19.338302277432714	4.493685470716753
4353038.0	14.704265010351968	9.070517389558642
4365113.0	12.908985507246376	10.485924707779741
4377188.0	19.093167701863354	3.9496520799679375
4389263.0	10.155693581780538	10.020889155244545
4401338.0	18.631884057971014	6.778971260136428
4413413.0	15.68496894409938	8.828079612692283
4425488.0	16.9792132505176	8.705782091342867
4437563.0	16.610351966873704	8.415867887397987
4449638.0	15.755693581780537	8.602349334843067
4461713.0	20.00033126293996	0.11724935824253224
4473788.0	18.530020703933747	6.627941356504207
4485863.0	17.3551966873706	7.432595661064145
4497938.0	18.032463768115942	5.199777029779286
4510013.0	19.521242236024843	5.211501851942016
4522088.0	13.133084886128364	9.156323545482936
4534163.0	16.381780538302277	8.148436576027352
4546238.0	15.306832298136646	8.241344038007092
4558313.0	17.958343685300207	7.954034615631658
4570388.0	16.130766045548654	7.913978512772265
4582463.0	19.342277432712216	4.526938005082833
4594538.0	18.896066252587993	6.972943866816384
4606613.0	13.925548654244306	9.535323888380233
4618688.0	19.67726708074534	5.459263785219082
4630763.0	15.913871635610766	9.23215642281482
4642838.0	19.673706004140787	5.457040962486225
4651302.0	19.888728621471255	5.936455179905687
4657339.5	12.294378288562726	9.751069500878685
4666988.0	10.822691511387163	9.474699883806283
4679063.0	19.676190476190477	5.465184367030215
4691138.0	19.370931677018632	4.802337250150412
4703213.0	16.299792960662526	7.70146930134672
4715288.0	14.712298136645963	9.137455055217966
4722679.5	11.867429837518463	9.34171960928465
4728717.0	15.643215543930822	9.283300777268511
4739438.0	20.0	0.0
4751513.0	19.39577639751553	4.472719239042886
4763588.0	17.79271221532091	7.7347646280240285
4775663.0	19.141780538302278	4.52343335038357
4787738.0	17.29192546583851	7.4507909455497225
4799813.0	13.458053830227744	9.06045031079408
4811888.0	14.592132505175984	9.22483819649715
4819084.5	19.728213977566867	5.473758876506738
4825049.5	14.874635871826882	9.730283798781374
