#Position (bp)	Coverage	Std
6038.0	19.05631469979296	3.937345744456179
18113.0	8.685134575569359	10.241081561670867
30188.0	18.50600414078675	6.592548651513107
42263.0	16.437267080745343	8.371795298604662
54338.0	20.0	0.0
66413.0	20.0	0.0
78488.0	20.0	0.0
90563.0	20.0	0.0
102638.0	14.515113871635611	9.281563015369855
114713.0	19.98815734989648	6.172429180442463
126788.0	17.258716356107662	7.313992941863098
138863.0	20.0	0.0
150938.0	20.0	0.0
163013.0	20.0	0.0
175088.0	19.92944099378882	5.907233170165884
187163.0	15.751884057971015	9.148034895159954
199238.0	20.0	6.2423452088140845
211313.0	20.0	0.0
223388.0	18.48447204968944	6.557154359318186
235463.0	20.0	0.0
247538.0	16.600414078674948	8.560925241689057
259613.0	19.999585921325053	6.236073511147775
271688.0	19.392132505175983	4.914717829718784
283763.0	20.0	0.0
295838.0	18.44968944099379	6.49777792883247
307913.0	16.193954451345757	8.116562827484621
319988.0	19.55801242236025	6.054938268282525
332063.0	19.638757763975157	5.392126765562976
344138.0	20.0	6.2423452088140845
356213.0	19.99983436853002	6.236531658073515
368288.0	18.450931677018634	6.502332755476297
380363.0	19.081325051759833	3.568971411459861
392438.0	19.732505175983437	5.683618536525571
404513.0	16.104347826086958	7.880946438733507
416588.0	19.347080745341614	4.814806356277186
428663.0	19.999917184265012	6.242126303332023
440738.0	19.999751552795033	6.241827783484173
452813.0	19.785507246376813	5.6499619815866655
464888.0	19.999751552795033	6.2389214441880485
476963.0	19.857060041407866	5.752788503791722
489038.0	20.0	0.0
501113.0	20.0	6.2423452088140845
513188.0	18.525879917184266	6.62262887760726
525263.0	18.565631469979294	6.685356823626789
537338.0	20.0	6.2423452088140845
549413.0	20.0	0.0
561488.0	20.0	0.0
573563.0	14.841573498964804	9.76903461285099
585638.0	18.39966873706004	6.35500487462612
597713.0	20.0	0.0
609788.0	15.808695652173913	9.260951214173648
621863.0	19.991304347826087	6.219358011778625
633938.0	18.231801242236024	5.954743050989912
646013.0	20.0	0.0
658088.0	17.321739130434782	7.030021395995701
670163.0	20.0	0.0
682238.0	19.61159420289855	5.346115634828001
694313.0	15.839089026915113	9.298518326280924
706388.0	20.0	0.0
718463.0	19.052256728778467	3.5736903810988725
730538.0	20.0	0.0
742613.0	19.998923395445136	6.225167645559508
754688.0	17.359006211180123	7.453124735503987
766763.0	19.74418219461698	5.57086475885842
778838.0	19.730683229813664	5.520456967912673
790913.0	17.72770186335404	7.8039380619891086
802988.0	0.0	0.0
815063.0	15.0727950310559	8.319056922183798
827138.0	17.564306418219463	7.527699023472692
839213.0	19.992795031055902	6.18650103297946
851288.0	19.07511387163561	4.04749238627786
863363.0	17.053995859213252	6.938523300390519
875438.0	19.99983436853002	6.244480792881887
887513.0	20.0	6.2423452088140845
899588.0	20.0	0.0
911663.0	14.983022774327122	10.048742492117004
923738.0	20.0	0.0
935813.0	19.432546583850932	4.917598430852418
947888.0	19.999917184265012	6.244739400994683
959963.0	19.301366459627328	4.7350593184755745
972038.0	19.6327950310559	5.386410321268548
984113.0	20.0	0.0
996188.0	19.946004140786748	6.041190564520623
1008263.0	18.49192546583851	6.669481807280064
1020338.0	16.010600414078674	7.6336294209665425
1032413.0	19.996273291925466	6.233350494324313
1044488.0	20.0	6.2423452088140845
1056563.0	20.0	0.0
1068638.0	11.603561076604555	9.727508963852049
1080713.0	8.745507246376812	9.099186594821022
1092788.0	19.696894409937887	5.563330101831653
1104863.0	17.21159420289855	7.228692541477557
1116938.0	19.993540372670807	6.190549131597667
1129013.0	17.657639751552797	7.384567871588932
1141088.0	17.860041407867495	8.17841931201037
1153163.0	18.554037267080744	6.760927815583912
1165238.0	20.0	0.0
1177313.0	18.189648033126293	5.876929664155655
1189388.0	20.0	0.0
1201463.0	19.971097308488613	6.126776583518271
1213538.0	15.890600414078675	9.560767833887558
1225613.0	14.44008281573499	9.560304403618908
1237688.0	16.413167701863355	8.304360400194266
1249763.0	18.495238095238093	6.573741603907794
1261838.0	20.0	0.0
1273913.0	16.680745341614905	8.729711764704723
1285988.0	19.624430641821945	5.32283646110966
1298063.0	19.94120082815735	6.059504793601976
1310138.0	9.696066252587991	10.563012149613284
1322213.0	10.473706004140787	10.397961259000983
1334288.0	19.705341614906832	5.506908892350975
1346363.0	19.84314699792961	5.768989706701241
1358438.0	20.0	0.0
1370513.0	20.00016563146998	6.2428891225355985
1382588.0	18.516935817805383	6.6047978044196824
1394663.0	19.890600414078676	5.9027592944134755
1406738.0	20.0	0.0
1418813.0	17.473706004140787	7.403132905168878
1430888.0	19.994534161490684	6.191070842596928
1442963.0	20.0	0.0
1455038.0	19.9951966873706	6.211850025985947
1467113.0	20.0	0.0
1479188.0	20.0	0.0
1491263.0	19.653002070393374	5.426222658493153
1503338.0	16.382608695652173	8.301662384347205
1515413.0	20.0	0.0
1527488.0	20.0	0.0
1539563.0	18.526708074534163	6.624066792353865
1551638.0	19.67271221532091	5.4569347298609605
1563713.0	20.0	0.0
1575788.0	19.897639751552795	5.923242634961816
1587863.0	18.522898550724637	6.622803944787837
1599938.0	19.375072463768117	4.850228911803485
1612013.0	19.982277432712216	6.189411916796006
1624088.0	13.422774327122154	9.561157617655304
1636163.0	19.662194616977224	5.393470479155682
1648238.0	20.0	0.0
1660313.0	6.105175983436853	8.559048340125953
1672388.0	15.455569358178053	8.839685594401393
1684463.0	19.95064182194617	6.109619743989724
1696538.0	17.479089026915116	7.611721374132972
1708613.0	19.909730848861283	5.944275392164146
1720688.0	19.397929606625258	5.064266076172255
1732763.0	15.732670807453417	9.290539278363541
1744838.0	20.0	6.2423452088140845
1756913.0	20.0	6.2423452088140845
1768988.0	19.99983436853002	6.239200192942925
1781063.0	17.474120082815734	7.559305893404641
1793138.0	20.0	6.2423452088140845
1805213.0	17.412836438923396	7.420195150146161
1817288.0	15.931842650103519	9.381802569959447
1829363.0	17.036853002070394	6.809961039402357
1841438.0	13.850103519668737	10.183220071003706
1853513.0	20.0	0.0
1865588.0	20.0	6.2423452088140845
1877663.0	19.966045548654243	6.1355158597647215
1889738.0	19.99966873706004	6.233875265688057
1901813.0	17.152795031055902	6.780467624052793
1913888.0	20.00016563146998	0.08340576562289569
1925963.0	16.16447204968944	7.825149242188669
1938038.0	19.98542443064182	6.165354345282885
1950113.0	19.968447204968943	6.10825731722364
1962188.0	20.0	6.239691291402829
1974263.0	13.912380952380952	10.191674432754965
1986338.0	19.962815734989647	6.094670651640402
1998413.0	16.410103519668738	8.34183251883282
2010488.0	20.0	0.0
2022563.0	19.999917184265012	6.242093135165042
2034638.0	18.514202898550725	6.599717667591962
2046713.0	18.746997929606625	6.945454446911309
2058788.0	20.0	0.0
2070863.0	20.0	0.0
2082938.0	19.839171842650103	5.7713004516046045
2095013.0	19.3903933747412	4.907466740963673
2107088.0	20.0	0.0
2119163.0	19.874202898550724	5.866316100950689
2131238.0	16.82302277432712	8.883417916074622
2143313.0	17.16968944099379	6.08538962382081
2155388.0	14.948654244306418	9.120118592814345
2167463.0	18.8351966873706	6.687604800750002
2179538.0	19.999751552795033	6.236279349437738
2191613.0	19.99966873706004	6.2389214441880485
2203688.0	19.500869565217393	5.123897649461121
2215763.0	20.0	0.0
2227838.0	19.998012422360247	6.223291587098728
2239913.0	16.34302277432712	8.105208815193365
2251988.0	18.523312629399587	6.716760039217618
2264063.0	18.954037267080746	7.331375609186954
2276138.0	20.0	0.0
2288213.0	18.60447204968944	6.835433197532518
2300288.0	14.361076604554865	9.18793880376321
2312363.0	19.656894409937888	5.4169124008601175
2324438.0	20.00265010351967	0.3326286547280018
2336513.0	19.548737060041407	5.223897944145621
2348588.0	18.876687370600415	6.92917138978885
2360663.0	16.42070393374741	8.34901216556706
2372738.0	17.4592132505176	7.581633031233431
2384813.0	18.86807453416149	7.210654642448964
2396888.0	19.581946169772255	5.406919881845452
2408963.0	17.47304347826087	7.597989273076716
2421038.0	20.0	0.0
2433113.0	19.994120082815733	6.189652756192064
2445188.0	14.61871635610766	9.500541555883668
2457263.0	18.30890269151139	6.392477463076584
2469338.0	17.12654244306418	6.938171189996519
2481413.0	19.928447204968943	6.024580430053039
2493488.0	19.999917184265012	6.242093135165042
2505563.0	19.999917184265012	6.242093135165042
2517638.0	19.961904761904762	6.12524221010934
2529713.0	20.0	6.239691291402829
2541788.0	19.999917184265012	6.239439110535393
2553863.0	10.302525879917184	10.181788638337391
2565938.0	14.453913043478261	9.432462337888955
2578013.0	20.002153209109732	0.30127403729605057
2590088.0	19.453084886128366	4.8927969197303245
2602163.0	16.02600414078675	7.37114288370591
2614238.0	19.92703933747412	6.019622846429046
2626313.0	19.999917184265012	6.242093135165042
2638388.0	18.519254658385094	6.6111143007920115
2650463.0	18.527784679089027	6.607298806284452
2662538.0	14.625093167701863	9.6106221427655
2674613.0	11.632298136645963	10.241372675853285
2686688.0	18.22351966873706	6.0333785157819975
2698763.0	16.667163561076606	8.7174083941118
2710838.0	20.0	6.2423452088140845
2722913.0	20.0	6.2423452088140845
2734988.0	19.999751552795033	6.2389214441880485
2747063.0	17.471635610766047	7.600452204047083
2759138.0	20.0	6.242371742290272
2771213.0	19.015155279503105	3.7749418982818432
2783288.0	18.794202898550726	6.795138927459707
2795363.0	18.834865424430642	6.67451504895422
2807438.0	19.139958592132505	3.9481945450587252
2819513.0	19.651345755693583	5.415987375784623
2831588.0	15.887370600414078	9.352029484905534
2843663.0	19.23726708074534	4.355991091025459
2855738.0	18.95768115942029	7.005581921141901
2867813.0	19.999751552795033	6.238947992225086
2879888.0	19.340124223602484	4.686114460516308
2891963.0	17.150724637681158	6.660286802372331
2904038.0	19.97002070393375	6.112892393634056
2916113.0	19.995610766045548	6.206114663237419
2928188.0	20.0	0.0
2940263.0	19.83950310559006	5.842402296681847
2952338.0	18.401739130434784	6.355057000720111
2964413.0	17.200828157349896	7.32547103467874
2976488.0	17.933002070393375	7.897049793760615
2988563.0	17.650103519668736	7.665944695504538
3000638.0	20.0	0.0
3012713.0	20.0	0.0
3024788.0	19.946501035196686	6.078717582962391
3036863.0	19.400993788819875	4.9249523124090375
3048938.0	16.40662525879917	8.33347411889358
3061013.0	18.93904761904762	6.998438157615077
3073088.0	20.0	0.0
3085163.0	19.480414078674947	4.924834602218968
3097238.0	18.082981366459627	5.791726804579268
3109313.0	19.99287784679089	6.187799389414939
3121388.0	17.213250517598343	7.074750249818612
3133463.0	17.473291925465837	7.602957907558042
3145538.0	16.432215320910974	8.362798426096852
3157613.0	18.505175983436853	6.591103860774739
3169688.0	20.0	6.239691291402829
3181763.0	20.0	6.2423452088140845
3193838.0	17.413084886128363	7.435859619544568
3205913.0	18.624596273291925	6.748741160125851
3217988.0	19.921904761904763	6.003187559086022
3230063.0	19.008281573498966	3.7133300251629167
3242138.0	18.321739130434782	6.109172413481201
3254213.0	18.4824016563147	6.451154261397556
3266288.0	19.053416149068322	4.0116290583581335
3278363.0	14.878095238095238	9.76821651225175
3290438.0	17.526459627329192	7.717351587685398
3302513.0	19.947412008281574	6.0817889925495185
3314588.0	19.77391304347826	5.655133800563644
3326663.0	19.858053830227743	5.79861481281625
3338738.0	18.501697722567286	6.584831053261732
3350813.0	18.486459627329193	6.555865990240161
3362888.0	19.39710144927536	4.926330993756045
3374963.0	19.63701863354037	5.393769889714281
3387038.0	19.998509316770186	6.225513523681431
3399113.0	20.0	0.0
3411188.0	20.0	0.0
3423263.0	17.122981366459626	6.937908587561396
3435338.0	20.0	0.0
3447413.0	18.888198757763973	6.95560009422677
3459488.0	20.001739130434782	0.27011231465054036
3471563.0	20.0	6.239691291402829
3483638.0	16.384927536231885	8.303447860787205
3495713.0	20.0	0.0
3507788.0	19.687536231884057	5.489089498238187
3519863.0	19.999751552795033	6.239173645979016
3531938.0	20.0	0.0
3544013.0	17.00703933747412	6.767141412631388
3556088.0	18.447287784679087	6.493914973035807
3568163.0	19.999254658385095	6.242670236126417
3580238.0	16.088281573498964	7.767565414193056
3592313.0	19.999917184265012	6.242093135165042
3604388.0	19.94360248447205	6.069657761489929
3616463.0	20.00016563146998	6.2428891225355985
3628538.0	15.946997929606626	9.389845182247887
3640613.0	20.0	0.0
3652688.0	10.168115942028985	10.033649390068188
3664763.0	14.645300207039337	9.568287856517276
3676838.0	16.130517598343687	7.720908130540632
3688913.0	19.89929606625259	5.993267444256523
3700988.0	19.99743271221532	6.226517791633124
3713063.0	18.51097308488613	6.596692815923783
3725138.0	20.0	0.0
3737213.0	20.0	0.0
3749288.0	19.8216149068323	5.726643986293866
3761363.0	19.296894409937888	4.465065687557449
3773438.0	19.862774327122153	5.758263483350282
3785513.0	20.0	6.2423452088140845
3797588.0	20.0	0.012869789042449443
3809663.0	20.0	0.0
3821738.0	18.42865424430642	6.418787125100031
3833813.0	15.241904761904761	8.642180730850233
3845888.0	19.826418219461697	5.84768008006941
3857963.0	18.866086956521738	7.017139620044978
3870038.0	20.0	0.0
3882113.0	20.000082815734988	6.242617171598681
3894188.0	19.521242236024843	5.169323433671445
3906263.0	17.17639751552795	7.107911202056107
3918338.0	20.0	0.0
3930413.0	19.38550724637681	4.899190789648303
3942488.0	18.473706004140787	6.538245501991066
3954563.0	15.484057971014492	8.901275875700119
3966638.0	19.99701863354037	6.214842315807535
3978713.0	18.518426501035197	6.609673568270147
3990788.0	20.0	0.0
4002863.0	15.944513457556935	9.54759245774192
4014938.0	17.274534161490685	6.799945195248643
4027013.0	15.920331262939959	9.388874963747579
4039088.0	19.98592132505176	6.201188692567591
4051163.0	20.0	0.0
4063238.0	18.514202898550725	6.602233137481311
4075313.0	19.282815734989647	4.689135497981103
4087388.0	19.999751552795033	6.239173645979016
4099463.0	16.578053830227745	8.19776265998227
4111538.0	19.999503105590062	6.238423647575183
4123613.0	20.001242236024844	6.246423407280584
4135688.0	14.433374741200828	9.483659260046332
4147763.0	19.92894409937888	6.025267706224928
4159838.0	20.00033126293996	0.11795356492401074
4171913.0	14.672463768115943	9.660060568461018
4183988.0	15.05424430641822	8.645562774833213
4196063.0	18.514285714285716	6.602465189900735
4208138.0	16.42567287784679	8.35387117216184
4220213.0	10.158757763975155	9.966461356312665
4232288.0	15.916024844720496	9.508853888741413
4244363.0	19.14616977225673	4.534706283388657
4256438.0	19.67031055900621	5.452106550546248
4268513.0	19.8824016563147	5.851870575632586
4280588.0	18.46807453416149	6.4604674561174615
4292663.0	19.946169772256727	6.073981438693927
4304738.0	20.0	0.0
4316813.0	20.0	0.0
4328888.0	18.511801242236025	6.603029607687673
4340963.0	19.99983436853002	6.242099768812536
4353038.0	17.46633540372671	7.588140468942144
4365113.0	18.89689440993789	6.962734285972719
4377188.0	20.0	0.0
4389263.0	10.068737060041407	9.931442008725158
4401338.0	20.0	6.2423452088140845
4413413.0	16.666666666666668	8.638255709211354
4425488.0	19.5696066252588	5.0962577103305415
4437563.0	18.370351966873706	6.39151870740934
4449638.0	20.0	0.0
4461713.0	20.0	6.2423452088140845
4473788.0	18.379875776397515	6.198971396676353
4485863.0	19.999006211180124	6.227309120477925
4497938.0	20.0	0.0
4510013.0	20.0	0.0
4522088.0	16.440579710144927	8.376344488971883
4534163.0	20.0	6.2423452088140845
4546238.0	20.0	0.0
4558313.0	19.203312629399587	4.663367659707586
4570388.0	17.63552795031056	7.894579737639898
4582463.0	20.0	0.0
4594538.0	19.95072463768116	6.052202172657184
4606613.0	16.826749482401656	8.822613519630687
4618688.0	20.0	0.0
4630763.0	20.0	0.0
4642838.0	20.0	0.0
4651302.0	19.870183391716463	5.889584347937398
4657339.5	13.224868457491	9.420460947540588
4666988.0	17.267577639751554	7.112960206450669
4679063.0	20.0	0.0
4691138.0	20.0	0.0
4703213.0	17.60165631469979	7.20436375697793
4715288.0	16.271387163561077	7.712521077213315
4722679.5	16.372230428360414	7.832911666160106
4728717.0	15.623999145937868	9.262231906801803
4739438.0	20.0	0.0
4751513.0	19.674699792960663	5.413004814150125
4763588.0	18.478923395445136	6.551550635917395
4775663.0	19.138550724637682	4.516149993749713
4787738.0	16.90848861283644	8.841367103379929
4799813.0	17.450103519668737	7.567036501026508
4811888.0	20.0	0.0
4819084.5	19.682053494391717	5.347259464353675
4825049.5	15.503225135247607	9.031087936309683
